# Scenario da2_sprayandwait2
# distance at msg send, delivery time, hop count, MSG_ID
43.5523 2.0000 1 M12
101.7647 113.0000 3 M6
230.8805 16.0000 1 M22
1.9657 2.0000 1 M26
350.0777 57.0000 2 M28
282.8726 39.0000 3 M35
274.1445 180.0000 2 M15
369.3343 164.0000 4 M20
211.3722 102.0000 3 M31
186.2468 272.0000 2 M16
171.6993 104.0000 3 M43
66.7195 6.0000 3 M60
281.4473 14.0000 3 M62
70.0031 4.0000 2 M65
293.7744 210.0000 3 M40
316.0716 381.0000 1 M17
150.6845 116.0000 3 M59
272.7154 519.0000 4 M3
29.8161 2.0000 1 M80
53.4334 4.0000 2 M82
214.0168 379.0000 3 M33
72.3044 6.0000 2 M90
280.7793 102.0000 2 M79
216.6734 538.0000 2 M19
117.3508 13.0000 3 M92
395.8026 525.0000 2 M21
474.7254 346.0000 2 M47
330.5456 575.0000 2 M18
561.6234 221.0000 3 M69
350.0309 268.0000 2 M66
261.4848 135.0000 4 M84
194.9640 370.0000 2 M53
311.9276 37.0000 3 M99
376.7660 369.0000 3 M57
512.2855 235.0000 2 M77
209.7115 405.0000 3 M56
397.3981 752.0000 1 M7
166.0134 210.0000 2 M86
193.9447 80.0000 4 M105
257.0202 754.0000 2 M11
85.5728 118.0000 2 M101
112.3025 190.0000 3 M91
299.8346 676.0000 2 M27
198.8988 159.0000 2 M103
129.7199 119.0000 4 M111
332.4136 149.0000 2 M107
104.2110 55.0000 1 M122
246.9571 175.0000 1 M108
360.2795 62.0000 2 M125
273.0906 40.0000 1 M129
168.1586 287.0000 4 M94
342.9391 468.0000 2 M71
28.6580 2.0000 1 M140
170.2097 24.0000 4 M138
255.5067 42.0000 2 M137
180.3140 995.0000 3 M4
199.6743 422.0000 2 M85
287.6223 28.0000 4 M144
485.4688 144.0000 2 M128
273.8319 813.0000 2 M34
261.8291 527.0000 1 M76
48.7124 2.0000 1 M154
420.1918 80.0000 3 M145
99.5089 15.0000 1 M155
92.8143 42.0000 2 M153
149.0709 491.0000 3 M88
327.4486 679.0000 2 M67
127.6976 1061.0000 3 M14
275.0950 648.0000 2 M73
92.2838 95.0000 2 M152
246.5276 58.0000 4 M158
311.3657 818.0000 1 M51
335.0038 121.0000 2 M151
417.8256 509.0000 1 M93
416.4302 498.0000 1 M95
39.7313 2.0000 1 M167
214.8935 333.0000 3 M120
381.3233 270.0000 3 M131
101.4562 1030.0000 3 M25
222.0418 227.0000 4 M141
147.8204 97.0000 4 M161
178.6095 420.0000 2 M114
195.0723 57.0000 2 M166
69.7966 681.0000 2 M78
394.6089 915.0000 2 M45
98.9767 14.0000 3 M175
371.7244 304.0000 1 M135
269.4994 157.0000 2 M156
284.9636 959.0000 2 M42
365.1460 577.0000 2 M96
200.5747 37.0000 4 M176
55.1960 4.0000 1 M181
458.5401 542.0000 3 M104
246.9467 29.0000 1 M180
316.0090 87.0000 3 M173
373.8700 1248.0000 3 M8
136.7353 19.0000 2 M186
170.7809 137.0000 3 M168
273.1986 131.0000 2 M169
509.8821 399.0000 2 M134
126.1038 55.0000 2 M184
300.7653 152.0000 2 M171
321.8478 580.0000 3 M109
255.6132 184.0000 4 M170
3.9244 2.0000 1 M197
140.9055 1044.0000 3 M48
249.3785 1220.0000 3 M24
196.0625 94.0000 3 M187
235.0056 22.0000 3 M199
215.6022 1041.0000 2 M54
179.3543 279.0000 2 M164
179.6725 10.0000 1 M205
9.5979 2.0000 1 M206
126.5953 207.0000 3 M178
147.4979 117.0000 4 M192
112.6866 96.0000 2 M195
195.2689 719.0000 4 M106
461.9632 1462.0000 3 M2
348.0030 167.0000 3 M189
128.9700 444.0000 1 M150
316.4389 150.0000 1 M193
325.8655 119.0000 4 M198
321.4900 17.0000 1 M211
144.8050 87.0000 3 M203
42.8959 2.0000 1 M214
351.0246 1360.0000 3 M23
181.0672 58.0000 3 M210
192.0962 35.0000 3 M215
126.6407 28.0000 1 M217
79.1977 215.0000 3 M194
241.5481 129.0000 1 M207
60.4977 4.0000 2 M224
237.7552 158.0000 2 M204
209.9788 19.0000 3 M223
151.4537 41.0000 2 M221
137.6972 240.0000 3 M196
35.9934 2.0000 1 M229
312.0307 49.0000 1 M227
135.2666 204.0000 2 M208
264.6469 557.0000 4 M163
129.6593 156.0000 2 M219
290.0850 541.0000 1 M165
37.4106 3.0000 1 M245
237.0125 53.0000 4 M239
147.2537 397.0000 2 M201
258.2918 321.0000 3 M213
144.5178 77.0000 3 M250
295.8361 198.0000 1 M235
218.9576 262.0000 2 M226
331.8331 135.0000 3 M246
135.6526 163.0000 3 M242
82.7264 99.0000 2 M252
87.7969 21.0000 1 M264
154.1504 242.0000 3 M234
2.1561 2.0000 1 M270
395.5088 32.0000 3 M267
162.4350 512.0000 2 M202
361.5241 351.0000 2 M225
192.0220 225.0000 2 M248
151.7384 131.0000 4 M263
224.8466 1121.0000 1 M123
164.7091 75.0000 2 M271
283.6215 789.0000 2 M172
150.6350 661.0000 3 M191
236.3065 375.0000 3 M232
135.8306 45.0000 3 M278
190.3352 66.0000 3 M280
176.0887 49.0000 4 M283
223.8528 217.0000 1 M260
92.7174 129.0000 2 M272
307.7532 1469.0000 3 M83
389.2364 235.0000 2 M259
231.2829 1719.0000 3 M50
230.4907 55.0000 2 M286
422.8052 257.0000 2 M258
128.7948 115.0000 2 M279
86.3479 14.0000 3 M295
37.8651 2.0000 1 M297
169.5282 36.0000 2 M293
104.1354 54.0000 3 M291
27.4184 2.0000 1 M299
292.4572 238.0000 2 M266
167.8294 124.0000 2 M285
172.8893 113.0000 1 M288
20.2086 2.0000 1 M304
239.4039 56.0000 4 M298
123.9494 7.0000 3 M307
330.9389 368.0000 1 M257
12.2093 2.0000 1 M310
100.7318 14.0000 2 M309
187.2402 13.0000 1 M315
234.0720 559.0000 3 M241
161.8460 505.0000 4 M251
184.6254 120.0000 3 M305
299.1517 601.0000 3 M238
257.8995 647.0000 2 M233
91.7791 35.0000 4 M325
234.8494 573.0000 2 M253
74.9126 369.0000 1 M281
379.7517 266.0000 3 M296
148.4171 93.0000 4 M321
90.2456 18.0000 1 M332
101.5886 39.0000 4 M329
121.9408 116.0000 3 M326
181.6574 51.0000 1 M336
424.6174 686.0000 3 M247
24.7596 2.0000 1 M343
483.6969 529.0000 1 M268
76.4414 292.0000 4 M302
243.3031 31.0000 2 M341
106.3251 55.0000 3 M339
253.3608 280.0000 4 M313
282.6215 194.0000 2 M327
134.8751 48.0000 4 M355
256.7623 615.0000 2 M276
203.4206 296.0000 4 M322
243.6818 133.0000 3 M345
48.9108 141.0000 2 M347
313.0394 58.0000 4 M359
142.4611 145.0000 3 M351
87.4842 7.0000 2 M373
108.9845 120.0000 2 M356
26.8722 2.0000 1 M378
288.0639 35.0000 4 M374
310.3769 409.0000 4 M320
528.2434 82.0000 3 M367
264.0557 101.0000 3 M369
407.4572 292.0000 2 M344
145.8223 521.0000 4 M312
240.0692 692.0000 2 M290
553.7387 40.0000 2 M384
149.4749 194.0000 3 M364
164.1627 525.0000 1 M319
282.7448 441.0000 2 M337
465.8508 46.0000 1 M395
20.1107 2.0000 1 M405
347.6454 183.0000 1 M380
187.5680 137.0000 2 M388
336.5710 129.0000 3 M392
249.0536 203.0000 2 M386
240.5468 67.0000 2 M408
321.7212 445.0000 4 M353
102.5351 10.0000 3 M419
117.3952 11.0000 4 M421
178.9182 426.0000 2 M360
257.1871 154.0000 2 M400
80.5918 170.0000 3 M398
339.7756 135.0000 3 M403
159.6167 212.0000 2 M396
48.6902 2.0000 1 M427
148.1220 575.0000 3 M346
130.3681 19.0000 2 M429
183.5285 394.0000 1 M377
185.7187 191.0000 1 M407
114.2506 15.0000 2 M432
435.9212 565.0000 1 M354
230.5910 1141.0000 2 M273
115.8488 50.0000 3 M430
138.9148 23.0000 2 M437
188.9471 1315.0000 3 M256
136.9701 137.0000 3 M425
266.4541 111.0000 2 M428
83.9309 249.0000 3 M409
141.4904 102.0000 2 M434
52.9224 7.0000 1 M451
121.9373 1042.0000 2 M306
230.4960 228.0000 4 M424
176.7583 58.0000 4 M450
199.9706 120.0000 2 M442
420.2607 351.0000 4 M410
237.9373 194.0000 1 M433
142.0945 93.0000 1 M448
105.4446 18.0000 1 M460
268.0735 99.0000 1 M454
326.2359 2881.0000 3 M63
78.2525 42.0000 1 M464
438.4279 3264.0000 4 M9
245.0394 124.0000 3 M456
168.3445 120.0000 1 M459
148.4740 68.0000 3 M466
396.3420 2053.0000 3 M188
261.8083 300.0000 4 M435
360.6227 482.0000 3 M415
187.1372 291.0000 2 M444
600.7115 983.0000 2 M348
288.2194 509.0000 4 M417
230.7751 1825.0000 2 M230
362.2156 124.0000 3 M470
221.5580 222.0000 3 M457
140.0809 3361.0000 3 M13
75.3204 140.0000 2 M469
117.9726 151.0000 2 M472
127.6615 91.0000 4 M483
436.2520 410.0000 2 M443
458.1899 307.0000 2 M458
162.4637 75.0000 2 M491
28.4476 2.0000 1 M502
359.1592 1295.0000 3 M323
192.9305 77.0000 1 M499
233.1418 14.0000 1 M508
305.3142 299.0000 3 M468
118.7439 113.0000 2 M497
228.1493 43.0000 4 M507
312.2211 104.0000 2 M500
212.2484 323.0000 2 M471
310.3083 172.0000 4 M493
307.5729 88.0000 3 M505
124.4279 207.0000 2 M488
147.7812 560.0000 3 M441
34.9556 2.0000 1 M519
262.2064 169.0000 1 M495
145.0233 61.0000 1 M513
38.1360 2.0000 1 M524
280.1715 760.0000 4 M418
176.5429 93.0000 2 M511
336.9504 145.0000 3 M504
81.4215 5.0000 2 M526
277.5857 467.0000 2 M461
186.7383 235.0000 2 M494
121.6400 341.0000 3 M479
269.5995 14.0000 1 M528
223.4248 107.0000 2 M515
296.0809 151.0000 1 M509
338.9872 104.0000 3 M517
124.4770 519.0000 4 M465
94.7104 22.0000 3 M537
160.1644 109.0000 2 M527
153.6666 76.0000 3 M534
164.4362 1725.0000 2 M301
138.3943 42.0000 3 M540
162.7357 1636.0000 2 M316
211.0267 27.0000 3 M543
189.8816 592.0000 2 M463
198.3956 1226.0000 1 M376
43.0941 2.0000 1 M548
182.7756 69.0000 4 M538
22.8350 2.0000 1 M549
108.1658 1350.0000 3 M358
199.8174 530.0000 3 M477
150.7620 1337.0000 1 M363
279.0668 518.0000 1 M481
5.6812 2.0000 1 M560
79.7117 529.0000 3 M485
140.4366 276.0000 3 M522
224.9970 174.0000 2 M536
233.4059 55.0000 3 M556
164.1909 506.0000 2 M492
177.1662 46.0000 1 M558
224.0792 96.0000 1 M551
278.1473 352.0000 2 M516
214.9865 165.0000 1 M542
108.5725 311.0000 2 M523
250.3767 150.0000 2 M546
46.1714 2.0000 1 M568
119.0779 472.0000 4 M503
127.3940 70.0000 1 M563
7.5619 3.0000 1 M574
144.0465 21.0000 3 M572
180.9291 177.0000 3 M552
140.2190 650.0000 2 M487
93.2283 659.0000 2 M486
303.1556 479.0000 2 M514
142.3534 66.0000 4 M573
341.7213 980.0000 1 M445
354.7387 294.0000 2 M541
108.3427 93.0000 3 M571
57.2635 6.0000 2 M583
377.4905 242.0000 3 M554
180.1846 27.0000 4 M587
493.1083 437.0000 2 M533
160.7807 143.0000 4 M576
97.7896 711.0000 1 M496
322.1513 546.0000 2 M521
95.4708 6.0000 1 M598
328.1636 328.0000 3 M553
246.4352 113.0000 2 M585
388.2383 25.0000 2 M597
6.1709 2.0000 1 M601
140.9947 88.0000 2 M589
339.8710 1183.0000 4 M436
91.2010 6.0000 2 M605
178.2499 49.0000 3 M599
241.1200 223.0000 4 M580
242.6711 78.0000 2 M600
200.4004 17.0000 4 M611
129.4162 209.0000 4 M586
188.8497 96.0000 1 M603
254.6866 174.0000 3 M594
344.3293 220.0000 3 M588
236.6880 204.0000 4 M590
349.5078 318.0000 2 M575
151.8540 77.0000 2 M609
76.8223 30.0000 2 M616
18.5036 3.0000 1 M621
225.9448 545.0000 1 M544
30.3846 2.0000 1 M622
272.8193 86.0000 4 M610
299.0605 2438.0000 3 M277
49.0654 7.0000 2 M623
138.9845 29.0000 3 M620
40.9595 2.0000 1 M625
47.1158 2.0000 1 M628
225.8215 328.0000 1 M582
11.1552 2.0000 1 M630
141.2001 59.0000 3 M624
127.6685 657.0000 2 M539
574.7751 175.0000 3 M608
8.6381 2.0000 1 M637
164.9284 37.0000 3 M632
223.2442 248.0000 2 M602
171.0963 36.0000 2 M634
280.9715 75.0000 2 M629
19.6672 2.0000 1 M641
66.8819 8.0000 3 M640
179.1166 805.0000 4 M532
124.2189 1761.0000 1 M402
212.0133 745.0000 2 M545
283.1780 136.0000 1 M636
77.2652 4.0000 2 M656
29.0714 2.0000 1 M657
164.2994 1796.0000 3 M406
381.2956 590.0000 3 M577
135.8786 75.0000 3 M652
105.3065 113.0000 2 M648
284.4460 210.0000 1 M635
95.5487 8.0000 3 M665
108.9530 46.0000 1 M662
211.6445 225.0000 2 M639
468.8481 654.0000 1 M578
297.9905 90.0000 2 M664
406.8058 58.0000 1 M672
200.1778 218.0000 1 M650
252.7090 164.0000 3 M661
323.2351 292.0000 2 M643
234.8901 215.0000 3 M654
256.9163 414.0000 1 M626
328.6009 209.0000 2 M658
215.9490 89.0000 4 M675
131.3319 99.0000 3 M676
52.5961 4.0000 2 M690
169.8953 510.0000 3 M617
54.9377 163.0000 4 M668
500.4689 910.0000 2 M561
323.9612 191.0000 3 M666
95.4813 107.0000 4 M684
346.1935 135.0000 2 M680
204.0650 70.0000 2 M691
244.9252 156.0000 3 M679
170.7099 1284.0000 3 M518
187.6606 674.0000 3 M604
122.8880 57.0000 4 M697
90.2699 7.0000 3 M705
535.7480 73.0000 3 M701
209.8232 66.0000 1 M703
202.0739 320.0000 2 M667
40.4185 2.0000 1 M714
439.3412 2497.0000 4 M362
31.5946 2.0000 1 M718
226.8191 247.0000 1 M685
221.3733 276.0000 4 M682
54.5000 7.0000 3 M722
3.6589 2.0000 1 M723
246.6964 164.0000 2 M702
268.8621 72.0000 3 M716
219.3694 2416.0000 1 M385
401.1958 415.0000 2 M670
407.4654 133.0000 3 M711
525.2584 1172.0000 4 M562
526.7796 434.0000 2 M669
373.9812 497.0000 2 M660
189.3528 366.0000 2 M681
288.8440 139.0000 2 M717
260.4371 320.0000 4 M692
387.9797 298.0000 2 M695
95.7033 1262.0000 1 M557
90.6403 89.0000 2 M726
57.2591 4.0000 2 M738
398.4243 26.0000 1 M736
198.5542 215.0000 1 M710
87.4640 4.0000 2 M739
42.4754 2.0000 1 M741
405.6775 919.0000 3 M612
165.6196 107.0000 3 M731
264.2730 199.0000 4 M721
334.5133 332.0000 1 M704
409.3741 1371.0000 4 M559
223.8610 430.0000 3 M694
221.0071 354.0000 3 M707
152.4520 95.0000 1 M744
206.5472 196.0000 1 M730
36.1542 2.0000 1 M761
205.0832 363.0000 1 M712
357.1731 151.0000 3 M743
236.3279 373.0000 3 M713
170.8345 138.0000 3 M751
69.0628 6.0000 2 M774
396.7670 1298.0000 2 M593
150.3497 24.0000 4 M776
348.9971 280.0000 3 M742
333.9770 265.0000 2 M745
171.0868 325.0000 2 M737
127.1329 33.0000 4 M778
239.2935 623.0000 1 M696
60.6581 9.0000 3 M782
232.7678 111.0000 4 M770
264.0652 477.0000 3 M720
304.2768 1398.0000 4 M591
29.3985 2.0000 1 M790
238.3605 53.0000 2 M789
152.1243 13.0000 3 M798
79.4480 59.0000 1 M792
227.9822 909.0000 2 M674
311.6986 1342.0000 2 M613
224.0176 90.0000 1 M799
98.3050 53.0000 2 M804
380.1801 220.0000 2 M783
216.6796 553.0000 4 M740
358.5659 58.0000 2 M808
166.5754 468.0000 4 M755
257.0220 37.0000 3 M815
452.8481 254.0000 2 M786
395.9066 301.0000 2 M780
242.8424 254.0000 4 M788
186.2043 145.0000 2 M806
92.3607 444.0000 2 M766
284.0207 1311.0000 4 M644
41.7037 2.0000 1 M828
70.1085 433.0000 2 M769
29.0441 2.0000 1 M829
219.6083 55.0000 4 M822
105.1386 7.0000 3 M833
194.9588 344.0000 1 M791
356.3418 669.0000 4 M748
192.5715 436.0000 3 M781
31.0668 2.0000 1 M841
189.7882 505.0000 3 M773
130.9901 8.0000 3 M842
54.0962 7.0000 2 M844
118.4242 59.0000 3 M839
211.2596 164.0000 1 M826
358.8857 233.0000 4 M817
201.5455 1665.0000 1 M615
312.8075 296.0000 4 M809
125.3226 488.0000 1 M784
218.9161 1892.0000 3 M584
248.6972 1930.0000 3 M579
241.7649 53.0000 3 M843
96.7908 513.0000 3 M787
113.8629 47.0000 2 M851
7.9632 2.0000 1 M859
106.6587 7.0000 2 M861
620.4327 113.0000 3 M847
450.9462 671.0000 3 M772
275.3331 75.0000 4 M854
118.3425 16.0000 3 M862
271.0839 89.0000 3 M852
183.4754 289.0000 2 M825
188.2289 84.0000 3 M855
264.0737 519.0000 4 M795
233.9439 57.0000 3 M860
465.6859 413.0000 3 M811
249.7394 529.0000 4 M796
151.4286 238.0000 3 M837
233.1599 462.0000 4 M807
135.8702 243.0000 3 M840
254.9885 318.0000 4 M831
74.8856 6.0000 2 M874
273.1444 153.0000 4 M858
230.3629 165.0000 3 M857
113.0175 9.0000 4 M879
174.8419 122.0000 3 M866
175.8662 146.0000 2 M868
153.6730 17.0000 4 M887
283.0421 298.0000 3 M849
282.6242 57.0000 3 M884
112.7733 94.0000 3 M880
119.1203 155.0000 2 M872
181.1457 135.0000 2 M877
513.4354 50.0000 2 M891
224.5765 881.0000 2 M777
405.3885 107.0000 2 M885
247.5081 464.0000 2 M836
140.2481 274.0000 2 M863
201.3590 184.0000 1 M881
320.6247 366.0000 3 M856
203.9641 65.0000 2 M900
447.8947 203.0000 3 M882
139.8694 156.0000 3 M890
143.5024 60.0000 2 M903
3.1735 2.0000 1 M914
177.7418 80.0000 3 M906
119.5773 11.0000 1 M916
121.8231 223.0000 4 M888
48.7302 2.0000 1 M923
223.9778 165.0000 4 M902
194.9051 151.0000 1 M904
89.2730 17.0000 1 M925
228.6505 59.0000 2 M919
249.9508 57.0000 1 M920
279.4433 285.0000 2 M889
351.9907 421.0000 1 M871
109.0271 219.0000 2 M901
15.5997 2.0000 1 M934
134.7100 44.0000 1 M930
163.6875 47.0000 4 M935
121.6585 115.0000 2 M929
182.3725 289.0000 2 M907
323.0127 385.0000 3 M897
267.2773 275.0000 4 M913
103.6671 331.0000 1 M905
166.1705 216.0000 1 M922
349.1592 267.0000 1 M915
267.4947 92.0000 4 M942
140.6159 114.0000 1 M939
320.4844 3989.0000 4 M393
48.2170 2.0000 1 M956
306.3029 1485.0000 3 M749
492.2876 322.0000 1 M911
527.5954 62.0000 2 M949
251.0718 436.0000 3 M899
108.1323 20.0000 1 M959
159.7456 70.0000 2 M953
82.2102 180.0000 2 M937
132.1637 123.0000 1 M946
425.1814 59.0000 3 M957
77.1801 107.0000 2 M952
124.9025 30.0000 2 M963
64.0791 736.0000 2 M864
171.8966 95.0000 2 M958
499.7788 37.0000 4 M966
396.0934 446.0000 3 M909
117.9992 32.0000 2 M969
355.7960 172.0000 3 M954
190.1179 125.0000 3 M960
212.3390 244.0000 2 M945
20.7780 2.0000 1 M989
136.9260 48.0000 2 M984
118.7549 7.0000 3 M993
243.2125 108.0000 2 M979
315.0746 177.0000 3 M970
244.8332 19.0000 1 M994
213.2350 154.0000 3 M976
217.2299 185.0000 1 M971
180.1815 38.0000 1 M992
247.7060 256.0000 2 M961
154.1751 177.0000 3 M973
74.7212 377.0000 4 M947
154.9251 120.0000 3 M983
514.4262 286.0000 4 M964
374.9915 59.0000 3 M997
86.4774 109.0000 4 M990
375.6575 3010.0000 3 M581
198.7914 309.0000 2 M962
103.9429 19.0000 4 M1005
207.2681 424.0000 3 M948
228.4574 2850.0000 3 M607
58.1760 6.0000 2 M1009
146.6699 82.0000 3 M998
216.4277 22.0000 4 M1007
478.9294 242.0000 4 M982
75.7830 7.0000 2 M1017
263.0647 26.0000 2 M1016
152.1342 29.0000 4 M1020
355.4611 277.0000 2 M985
345.5605 1566.0000 2 M805
381.9125 921.0000 4 M896
18.7320 2.0000 1 M1027
454.6364 1031.0000 2 M883
169.5232 145.0000 1 M1011
65.3454 8.0000 3 M1030
251.1039 978.0000 3 M893
136.2429 482.0000 1 M968
53.2167 4.0000 1 M1038
18.2290 2.0000 1 M1040
280.9976 956.0000 4 M910
192.7922 34.0000 1 M1048
78.5082 308.0000 2 M1010
485.5205 82.0000 1 M1043
343.0374 1261.0000 3 M878
244.5544 182.0000 3 M1031
441.2919 498.0000 3 M987
52.0330 54.0000 2 M1050
402.5334 325.0000 3 M1012
184.6226 127.0000 1 M1039
93.5614 6.0000 3 M1058
364.1330 272.0000 4 M1023
327.6850 637.0000 4 M975
17.1601 2.0000 1 M1068
110.9418 129.0000 2 M1052
67.6626 98.0000 2 M1056
119.8778 313.0000 2 M1026
148.8558 9.0000 2 M1073
222.2136 37.0000 3 M1072
108.8758 83.0000 3 M1067
173.5490 805.0000 2 M965
185.2101 133.0000 2 M1064
242.6740 293.0000 3 M1041
103.3643 20.0000 1 M1093
49.0966 4.0000 2 M1099
240.4069 214.0000 1 M1070
252.7496 183.0000 2 M1077
317.3102 481.0000 1 M1036
151.1982 421.0000 2 M1045
354.5517 145.0000 3 M1087
297.5906 159.0000 2 M1089
474.4062 881.0000 4 M988
136.4384 209.0000 4 M1083
284.1574 359.0000 2 M1063
292.1586 462.0000 2 M1049
54.7377 5.0000 2 M1116
179.1213 774.0000 2 M1008
163.8541 256.0000 3 M1081
167.7331 266.0000 1 M1080
232.2521 577.0000 2 M1037
74.5483 5.0000 2 M1121
213.0553 66.0000 3 M1114
99.0620 6.0000 3 M1124
397.2958 658.0000 2 M1033
623.9674 416.0000 2 M1069
100.5800 9.0000 3 M1130
264.1052 1667.0000 3 M895
153.0122 266.0000 1 M1096
402.4867 363.0000 3 M1084
213.0601 110.0000 2 M1120
151.3297 576.0000 3 M1054
438.1356 56.0000 2 M1129
417.1519 989.0000 4 M996
138.5484 817.0000 4 M1021
166.4442 644.0000 3 M1046
158.4286 39.0000 3 M1133
103.2871 51.0000 3 M1132
191.5544 437.0000 4 M1078
105.3005 48.0000 3 M1135
142.6087 40.0000 2 M1137
345.3275 640.0000 3 M1060
189.7478 69.0000 3 M1149
253.4391 459.0000 3 M1092
236.1485 2381.0000 3 M823
251.2608 184.0000 1 M1134
331.3859 115.0000 2 M1147
246.4967 108.0000 4 M1150
141.8094 800.0000 2 M1051
82.3979 12.0000 4 M1165
341.4586 314.0000 4 M1125
155.0260 134.0000 1 M1152
106.4747 127.0000 2 M1154
104.8094 177.0000 3 M1148
272.8632 238.0000 2 M1139
449.5011 221.0000 1 M1145
60.5617 140.0000 1 M1157
77.7430 1310.0000 1 M991
209.8094 66.0000 1 M1168
309.0886 278.0000 1 M1142
260.8076 526.0000 4 M1106
63.5453 10.0000 2 M1180
229.3186 756.0000 2 M1076
232.4859 300.0000 1 M1143
266.8603 144.0000 1 M1166
250.2727 1154.0000 4 M1022
64.0133 54.0000 4 M1179
333.7326 28.0000 2 M1184
167.0146 208.0000 2 M1161
188.9813 71.0000 1 M1181
29.3921 2.0000 1 M1193
81.4547 42.0000 2 M1189
43.1057 2.0000 1 M1197
210.1491 985.0000 2 M1059
256.6386 1813.0000 2 M943
143.8676 178.0000 3 M1175
259.3175 73.0000 3 M1192
244.3396 226.0000 1 M1171
28.9775 2.0000 1 M1202
171.4410 345.0000 4 M1156
241.9790 99.0000 4 M1191
175.8495 704.0000 3 M1105
102.6519 233.0000 1 M1173
242.2792 78.0000 2 M1196
267.7438 76.0000 4 M1198
132.4323 251.0000 3 M1182
360.0304 231.0000 1 M1185
63.0553 4.0000 2 M1221
206.8777 147.0000 2 M1204
254.6932 838.0000 3 M1108
142.9765 476.0000 3 M1163
240.6035 95.0000 3 M1216
170.0481 15.0000 3 M1229
193.7037 588.0000 3 M1151
513.1653 480.0000 4 M1169
252.7336 900.0000 3 M1110
215.7825 314.0000 2 M1194
204.8772 244.0000 1 M1203
164.7136 57.0000 1 M1233
172.9952 154.0000 2 M1219
194.9968 131.0000 1 M1222
81.3183 40.0000 1 M1237
530.2004 572.0000 2 M1162
224.9324 209.0000 2 M1217
281.7627 1111.0000 3 M1090
197.7591 173.0000 1 M1225
129.0769 522.0000 2 M1177
136.9176 274.0000 3 M1213
469.3493 2335.0000 2 M921
318.5021 418.0000 2 M1195
61.6151 4.0000 2 M1255
113.6550 55.0000 2 M1248
157.9124 99.0000 2 M1242
261.5533 184.0000 4 M1234
148.1640 365.0000 2 M1209
168.2886 203.0000 2 M1232
435.3753 670.0000 3 M1167
201.0882 115.0000 1 M1249
198.2347 52.0000 4 M1259
92.3300 170.0000 2 M1246
210.6565 140.0000 3 M1254
99.6954 238.0000 3 M1240
297.2243 377.0000 4 M1220
458.3083 338.0000 4 M1226
168.9399 530.0000 4 M1201
315.8846 206.0000 2 M1250
33.3925 2.0000 1 M1280
84.2422 154.0000 3 M1260
199.0739 71.0000 1 M1273
498.0505 386.0000 4 M1228
375.6063 139.0000 2 M1265
580.0815 70.0000 3 M1276
169.8427 50.0000 1 M1279
417.4820 216.0000 3 M1258
314.6610 178.0000 1 M1263
176.5346 325.0000 1 M1244
185.6133 142.0000 2 M1270
78.3198 12.0000 4 M1288
86.2206 9.0000 4 M1289
93.4614 13.0000 2 M1295
99.6821 31.0000 2 M1294
73.2678 169.0000 2 M1275
164.9264 19.0000 3 M1298
89.6323 6.0000 2 M1301
366.5071 241.0000 4 M1269
158.9043 166.0000 2 M1281
193.8753 158.0000 2 M1285
159.9772 154.0000 4 M1286
275.1072 344.0000 4 M1262
165.0465 101.0000 1 M1297
179.0882 130.0000 2 M1293
251.9535 188.0000 3 M1287
310.0781 336.0000 4 M1272
92.0081 9.0000 4 M1318
122.3418 326.0000 2 M1278
134.0423 103.0000 3 M1309
69.8577 26.0000 2 M1321
308.6083 152.0000 2 M1304
462.6623 108.0000 1 M1313
207.8989 104.0000 2 M1316
121.7763 18.0000 3 M1329
177.9108 870.0000 2 M1210
203.8212 344.0000 3 M1290
438.9377 316.0000 2 M1299
98.9333 431.0000 1 M1283
87.4347 159.0000 3 M1322
122.9315 188.0000 3 M1319
264.8235 79.0000 2 M1339
45.8064 654.0000 3 M1261
197.9248 232.0000 1 M1326
218.1569 249.0000 3 M1324
114.1756 96.0000 4 M1351
189.3098 172.0000 3 M1342
266.2786 224.0000 4 M1336
47.4343 3.0000 1 M1368
343.8930 53.0000 3 M1362
202.3513 200.0000 1 M1343
172.3572 247.0000 4 M1337
435.9433 208.0000 2 M1345
183.4630 156.0000 1 M1354
240.3841 350.0000 3 M1327
281.8205 333.0000 3 M1332
142.7600 379.0000 2 M1328
262.8595 2005.0000 3 M1100
534.0482 2874.0000 1 M978
159.0267 2218.0000 2 M1071
361.0520 27.0000 1 M1379
274.5329 255.0000 2 M1352
245.8245 557.0000 4 M1310
47.5635 4.0000 2 M1386
76.2285 7.0000 3 M1388
13.8469 5.0000 1 M1389
290.7175 557.0000 3 M1314
507.5078 309.0000 3 M1350
196.5698 1287.0000 3 M1212
110.7880 63.0000 1 M1384
220.7951 586.0000 3 M1312
169.7989 359.0000 1 M1346
212.6973 274.0000 4 M1359
188.0451 162.0000 2 M1375
153.0210 306.0000 2 M1357
253.0325 109.0000 3 M1390
91.8188 76.0000 4 M1396
144.8021 536.0000 2 M1334
243.6783 180.0000 2 M1383
480.3199 169.0000 1 M1385
386.3395 58.0000 3 M1401
232.7752 -1.0000 -1 M81
530.8091 -1.0000 -1 M87
491.9995 -1.0000 -1 M89
684.6804 -1.0000 -1 M97
352.4277 -1.0000 -1 M98
243.0635 -1.0000 -1 M912
334.6429 -1.0000 -1 M918
556.7914 -1.0000 -1 M917
390.6980 -1.0000 -1 M908
369.0006 -1.0000 -1 M932
483.6477 -1.0000 -1 M810
222.3993 -1.0000 -1 M931
463.5797 -1.0000 -1 M936
529.1293 -1.0000 -1 M814
483.6176 -1.0000 -1 M813
498.1121 -1.0000 -1 M812
226.5602 -1.0000 -1 M933
389.3185 -1.0000 -1 M819
320.7592 -1.0000 -1 M818
349.9604 -1.0000 -1 M938
380.9012 -1.0000 -1 M816
297.0237 -1.0000 -1 M800
314.5413 -1.0000 -1 M803
417.9088 -1.0000 -1 M924
373.6221 -1.0000 -1 M802
408.3213 -1.0000 -1 M801
391.2945 -1.0000 -1 M928
328.4200 -1.0000 -1 M927
468.0976 -1.0000 -1 M926
508.5262 -1.0000 -1 M950
219.5945 -1.0000 -1 M1411
601.5156 -1.0000 -1 M832
472.0293 -1.0000 -1 M830
355.6413 -1.0000 -1 M951
307.3066 -1.0000 -1 M715
222.1296 -1.0000 -1 M835
492.9171 -1.0000 -1 M834
313.2896 -1.0000 -1 M955
530.4743 -1.0000 -1 M719
255.5059 -1.0000 -1 M838
297.1274 -1.0000 -1 M1410
391.3491 -1.0000 -1 M1305
253.1032 -1.0000 -1 M1306
300.1963 -1.0000 -1 M1307
252.3838 -1.0000 -1 M1308
305.9664 -1.0000 -1 M1302
495.0958 -1.0000 -1 M1303
490.3090 -1.0000 -1 M700
383.4701 -1.0000 -1 M821
317.8922 -1.0000 -1 M820
293.6003 -1.0000 -1 M941
262.8873 -1.0000 -1 M940
315.3700 -1.0000 -1 M824
204.3350 -1.0000 -1 M944
372.8212 -1.0000 -1 M709
626.0358 -1.0000 -1 M708
350.4399 -1.0000 -1 M706
172.0450 -1.0000 -1 M827
141.4914 -1.0000 -1 M1300
204.7021 -1.0000 -1 M972
365.2775 -1.0000 -1 M850
456.3549 -1.0000 -1 M734
499.7411 -1.0000 -1 M733
432.6769 -1.0000 -1 M732
342.5176 -1.0000 -1 M853
176.1293 -1.0000 -1 M974
232.4432 -1.0000 -1 M614
344.0412 -1.0000 -1 M735
312.2583 -1.0000 -1 M977
251.8027 -1.0000 -1 M619
230.7905 -1.0000 -1 M618
75.8174 -1.0000 -1 M1404
433.8691 -1.0000 -1 M1405
437.6661 -1.0000 -1 M1406
311.2649 -1.0000 -1 M1407
187.7499 -1.0000 -1 M1400
134.1936 -1.0000 -1 M1402
321.3431 -1.0000 -1 M1403
508.9224 -1.0000 -1 M606
324.5334 -1.0000 -1 M727
471.3119 -1.0000 -1 M848
140.0365 -1.0000 -1 M1408
136.6883 -1.0000 -1 M1409
335.8998 -1.0000 -1 M725
440.8163 -1.0000 -1 M846
249.2053 -1.0000 -1 M967
353.7639 -1.0000 -1 M724
279.8569 -1.0000 -1 M845
451.1525 -1.0000 -1 M729
269.3730 -1.0000 -1 M728
200.8124 -1.0000 -1 M1338
453.4053 -1.0000 -1 M1218
493.7789 -1.0000 -1 M1
364.7473 -1.0000 -1 M510
437.1496 -1.0000 -1 M631
237.3571 -1.0000 -1 M752
391.0785 -1.0000 -1 M873
463.3903 -1.0000 -1 M1214
303.9934 -1.0000 -1 M1335
464.8012 -1.0000 -1 M750
262.7787 -1.0000 -1 M1215
694.4249 -1.0000 -1 M870
385.0708 -1.0000 -1 M5
442.1385 -1.0000 -1 M756
404.7633 -1.0000 -1 M876
339.6527 -1.0000 -1 M512
213.6636 -1.0000 -1 M633
325.9623 -1.0000 -1 M754
661.5350 -1.0000 -1 M875
289.2983 -1.0000 -1 M753
298.3648 -1.0000 -1 M995
570.1547 -1.0000 -1 M638
509.7400 -1.0000 -1 M759
462.0679 -1.0000 -1 M758
461.8831 -1.0000 -1 M757
249.4456 -1.0000 -1 M999
449.6116 -1.0000 -1 M1330
210.5412 -1.0000 -1 M1331
313.8434 -1.0000 -1 M1211
107.1298 -1.0000 -1 M1333
280.9643 -1.0000 -1 M1107
454.8343 -1.0000 -1 M1349
290.8674 -1.0000 -1 M1109
363.9995 -1.0000 -1 M1103
391.4439 -1.0000 -1 M1224
426.9270 -1.0000 -1 M1104
277.0791 -1.0000 -1 M981
602.1066 -1.0000 -1 M1347
264.7481 -1.0000 -1 M980
379.9207 -1.0000 -1 M1227
459.0998 -1.0000 -1 M1348
325.8559 -1.0000 -1 M865
321.7522 -1.0000 -1 M986
323.0596 -1.0000 -1 M501
597.4541 -1.0000 -1 M506
627.2312 -1.0000 -1 M627
385.9509 -1.0000 -1 M869
303.0190 -1.0000 -1 M747
533.3691 -1.0000 -1 M746
315.0542 -1.0000 -1 M867
601.9053 -1.0000 -1 M1341
490.9812 -1.0000 -1 M1101
482.4652 -1.0000 -1 M1102
489.2904 -1.0000 -1 M1223
121.0862 -1.0000 -1 M1344
322.3228 -1.0000 -1 M1340
354.3943 -1.0000 -1 M1317
312.2968 -1.0000 -1 M411
547.5436 -1.0000 -1 M653
426.1062 -1.0000 -1 M531
436.1148 -1.0000 -1 M894
591.1547 -1.0000 -1 M530
471.3559 -1.0000 -1 M651
280.0583 -1.0000 -1 M771
406.3315 -1.0000 -1 M892
453.1998 -1.0000 -1 M1315
214.2054 -1.0000 -1 M414
437.0770 -1.0000 -1 M535
189.9390 -1.0000 -1 M898
592.5254 -1.0000 -1 M413
281.1495 -1.0000 -1 M655
470.0885 -1.0000 -1 M412
405.4429 -1.0000 -1 M775
537.7502 -1.0000 -1 M659
261.0684 -1.0000 -1 M416
361.5007 -1.0000 -1 M779
309.0586 -1.0000 -1 M1311
497.0130 -1.0000 -1 M1206
350.0351 -1.0000 -1 M1207
180.8726 -1.0000 -1 M1208
304.4009 -1.0000 -1 M642
483.5302 -1.0000 -1 M763
496.6156 -1.0000 -1 M1323
343.2771 -1.0000 -1 M520
340.5520 -1.0000 -1 M762
262.3246 -1.0000 -1 M1325
436.5538 -1.0000 -1 M760
288.5093 -1.0000 -1 M1205
496.8517 -1.0000 -1 M404
618.9224 -1.0000 -1 M525
587.6857 -1.0000 -1 M646
396.8492 -1.0000 -1 M767
472.3420 -1.0000 -1 M645
204.7828 -1.0000 -1 M765
390.2864 -1.0000 -1 M886
301.7866 -1.0000 -1 M401
345.7744 -1.0000 -1 M764
400.8740 -1.0000 -1 M529
536.2398 -1.0000 -1 M649
354.1620 -1.0000 -1 M647
345.8096 -1.0000 -1 M768
624.0969 -1.0000 -1 M1320
460.2700 -1.0000 -1 M1200
257.7769 -1.0000 -1 M550
601.2115 -1.0000 -1 M671
295.7307 -1.0000 -1 M1019
277.3974 -1.0000 -1 M1015
634.7681 -1.0000 -1 M1136
225.8110 -1.0000 -1 M1257
243.5358 -1.0000 -1 M1378
383.3188 -1.0000 -1 M311
388.3326 -1.0000 -1 M431
472.5253 -1.0000 -1 M673
293.6470 -1.0000 -1 M794
499.8624 -1.0000 -1 M1138
367.0496 -1.0000 -1 M793
466.9977 -1.0000 -1 M1018
381.3949 -1.0000 -1 M678
487.3387 -1.0000 -1 M314
481.9408 -1.0000 -1 M677
246.4233 -1.0000 -1 M555
648.1345 -1.0000 -1 M797
311.7350 -1.0000 -1 M318
373.8695 -1.0000 -1 M439
435.5198 -1.0000 -1 M317
332.1316 -1.0000 -1 M438
304.9049 -1.0000 -1 M1253
428.4759 -1.0000 -1 M1374
625.2461 -1.0000 -1 M1013
358.3134 -1.0000 -1 M1376
567.4979 -1.0000 -1 M1014
433.2708 -1.0000 -1 M1256
238.4908 -1.0000 -1 M1377
416.0641 -1.0000 -1 M1370
453.0678 -1.0000 -1 M1371
477.8187 -1.0000 -1 M1251
221.6582 -1.0000 -1 M1372
351.0735 -1.0000 -1 M1131
438.1848 -1.0000 -1 M1252
463.1764 -1.0000 -1 M1373
349.1627 -1.0000 -1 M422
387.6602 -1.0000 -1 M785
280.2482 -1.0000 -1 M1268
262.3844 -1.0000 -1 M300
415.5005 -1.0000 -1 M663
533.2857 -1.0000 -1 M420
378.6355 -1.0000 -1 M1028
284.0725 -1.0000 -1 M1029
453.1480 -1.0000 -1 M426
223.7257 -1.0000 -1 M547
368.1782 -1.0000 -1 M303
245.1939 -1.0000 -1 M423
216.8303 -1.0000 -1 M308
416.0726 -1.0000 -1 M1380
238.3283 -1.0000 -1 M1264
471.6230 -1.0000 -1 M1144
223.4068 -1.0000 -1 M1024
472.6843 -1.0000 -1 M1266
230.6409 -1.0000 -1 M1387
636.7619 -1.0000 -1 M1025
468.8229 -1.0000 -1 M1146
313.8808 -1.0000 -1 M1267
318.7037 -1.0000 -1 M1381
614.7648 -1.0000 -1 M1140
545.8331 -1.0000 -1 M1382
408.9630 -1.0000 -1 M1141
291.1384 -1.0000 -1 M330
307.8486 -1.0000 -1 M693
459.7662 -1.0000 -1 M1118
311.8829 -1.0000 -1 M1239
354.2681 -1.0000 -1 M1119
557.6655 -1.0000 -1 M570
622.8564 -1.0000 -1 M334
482.0649 -1.0000 -1 M455
315.0456 -1.0000 -1 M1235
379.0252 -1.0000 -1 M1356
282.9454 -1.0000 -1 M212
484.3064 -1.0000 -1 M333
271.9275 -1.0000 -1 M1115
383.8511 -1.0000 -1 M1236
421.1074 -1.0000 -1 M453
472.4339 -1.0000 -1 M1358
253.0574 -1.0000 -1 M331
463.2790 -1.0000 -1 M452
441.8731 -1.0000 -1 M1117
324.6829 -1.0000 -1 M1238
336.3385 -1.0000 -1 M338
341.2380 -1.0000 -1 M216
319.9693 -1.0000 -1 M699
207.1597 -1.0000 -1 M335
226.6238 -1.0000 -1 M698
382.4605 -1.0000 -1 M218
541.3020 -1.0000 -1 M1231
507.5526 -1.0000 -1 M1111
530.9224 -1.0000 -1 M1353
631.0704 -1.0000 -1 M1112
278.8539 -1.0000 -1 M1113
190.7145 -1.0000 -1 M1355
427.6582 -1.0000 -1 M1230
504.4052 -1.0000 -1 M440
292.9252 -1.0000 -1 M565
441.8949 -1.0000 -1 M686
463.7317 -1.0000 -1 M1004
194.8973 -1.0000 -1 M1367
288.6878 -1.0000 -1 M564
471.1122 -1.0000 -1 M1126
474.0176 -1.0000 -1 M1247
473.1839 -1.0000 -1 M200
167.7048 -1.0000 -1 M1006
165.3185 -1.0000 -1 M1127
190.9209 -1.0000 -1 M1369
651.7694 -1.0000 -1 M683
586.9291 -1.0000 -1 M1128
493.5193 -1.0000 -1 M569
206.7963 -1.0000 -1 M447
506.5390 -1.0000 -1 M689
286.6325 -1.0000 -1 M446
645.8679 -1.0000 -1 M567
553.0323 -1.0000 -1 M688
339.7604 -1.0000 -1 M324
564.3445 -1.0000 -1 M566
661.1940 -1.0000 -1 M687
608.3410 -1.0000 -1 M209
339.3497 -1.0000 -1 M328
332.0407 -1.0000 -1 M449
404.0951 -1.0000 -1 M1000
258.3154 -1.0000 -1 M1363
403.4959 -1.0000 -1 M1001
424.3214 -1.0000 -1 M1122
468.2701 -1.0000 -1 M1243
729.7232 -1.0000 -1 M1364
315.6510 -1.0000 -1 M1002
502.4775 -1.0000 -1 M1123
480.5495 -1.0000 -1 M1365
209.2923 -1.0000 -1 M1003
556.5610 -1.0000 -1 M1245
270.9032 -1.0000 -1 M1366
478.7895 -1.0000 -1 M1360
162.7353 -1.0000 -1 M1361
312.4246 -1.0000 -1 M1241
575.5858 -1.0000 -1 M110
350.5400 -1.0000 -1 M231
219.2350 -1.0000 -1 M352
464.3092 -1.0000 -1 M473
203.7565 -1.0000 -1 M350
438.7970 -1.0000 -1 M592
349.9655 -1.0000 -1 M113
510.8375 -1.0000 -1 M476
171.6533 -1.0000 -1 M112
509.0445 -1.0000 -1 M475
275.2556 -1.0000 -1 M596
393.4238 -1.0000 -1 M474
608.8942 -1.0000 -1 M595
624.0035 -1.0000 -1 M118
515.5404 -1.0000 -1 M117
585.1632 -1.0000 -1 M116
314.1992 -1.0000 -1 M237
509.9637 -1.0000 -1 M115
268.9529 -1.0000 -1 M236
424.3254 -1.0000 -1 M357
555.6367 -1.0000 -1 M478
619.3891 -1.0000 -1 M119
523.4316 -1.0000 -1 M1170
309.5707 -1.0000 -1 M1291
520.9897 -1.0000 -1 M1292
386.8774 -1.0000 -1 M1055
198.4207 -1.0000 -1 M1176
361.3664 -1.0000 -1 M1057
515.7420 -1.0000 -1 M1178
320.7224 -1.0000 -1 M480
341.1913 -1.0000 -1 M1172
388.2409 -1.0000 -1 M1053
355.3458 -1.0000 -1 M1174
511.6868 -1.0000 -1 M1296
254.1855 -1.0000 -1 M220
358.4019 -1.0000 -1 M462
335.1917 -1.0000 -1 M340
422.9027 -1.0000 -1 M102
429.4361 -1.0000 -1 M222
422.5827 -1.0000 -1 M100
501.9098 -1.0000 -1 M342
437.7446 -1.0000 -1 M228
294.3819 -1.0000 -1 M349
271.0902 -1.0000 -1 M467
354.3142 -1.0000 -1 M1061
364.7651 -1.0000 -1 M1066
449.8724 -1.0000 -1 M1187
262.0903 -1.0000 -1 M1188
381.1767 -1.0000 -1 M1062
267.2076 -1.0000 -1 M1183
335.3013 -1.0000 -1 M1065
340.8840 -1.0000 -1 M1186
458.3702 -1.0000 -1 M132
475.1114 -1.0000 -1 M130
540.2498 -1.0000 -1 M372
245.3368 -1.0000 -1 M371
500.3945 -1.0000 -1 M136
299.5846 -1.0000 -1 M1158
460.7292 -1.0000 -1 M498
569.9697 -1.0000 -1 M1159
268.7096 -1.0000 -1 M255
331.9889 -1.0000 -1 M133
494.3300 -1.0000 -1 M254
331.3325 -1.0000 -1 M375
701.2235 -1.0000 -1 M139
319.6686 -1.0000 -1 M379
660.7706 -1.0000 -1 M1391
356.9312 -1.0000 -1 M1034
405.9334 -1.0000 -1 M1155
227.3204 -1.0000 -1 M1397
321.0205 -1.0000 -1 M1035
423.5701 -1.0000 -1 M1277
282.2006 -1.0000 -1 M1398
153.6952 -1.0000 -1 M1399
327.2208 -1.0000 -1 M381
539.2555 -1.0000 -1 M1271
519.1862 -1.0000 -1 M1392
359.1487 -1.0000 -1 M1393
248.1331 -1.0000 -1 M1394
386.5348 -1.0000 -1 M1032
411.7181 -1.0000 -1 M1153
499.1351 -1.0000 -1 M1274
174.3359 -1.0000 -1 M1395
320.0449 -1.0000 -1 M121
301.8879 -1.0000 -1 M484
462.2585 -1.0000 -1 M240
438.8222 -1.0000 -1 M361
249.0451 -1.0000 -1 M482
568.9222 -1.0000 -1 M124
218.7871 -1.0000 -1 M366
441.2925 -1.0000 -1 M244
390.0578 -1.0000 -1 M365
421.4104 -1.0000 -1 M243
369.7131 -1.0000 -1 M249
525.0232 -1.0000 -1 M127
826.6780 -1.0000 -1 M126
450.0211 -1.0000 -1 M368
309.1469 -1.0000 -1 M489
368.4888 -1.0000 -1 M1160
388.2179 -1.0000 -1 M1044
227.6175 -1.0000 -1 M1047
248.7333 -1.0000 -1 M370
427.6431 -1.0000 -1 M1282
282.1814 -1.0000 -1 M490
444.5012 -1.0000 -1 M1042
333.1541 -1.0000 -1 M1284
222.4484 -1.0000 -1 M1164
199.0788 -1.0000 -1 M275
407.1160 -1.0000 -1 M274
464.9966 -1.0000 -1 M394
559.4297 -1.0000 -1 M157
510.6208 -1.0000 -1 M399
408.2424 -1.0000 -1 M397
639.5202 -1.0000 -1 M159
386.2097 -1.0000 -1 M1091
366.8655 -1.0000 -1 M1094
567.3815 -1.0000 -1 M282
426.7936 -1.0000 -1 M1095
431.3547 -1.0000 -1 M160
178.2299 -1.0000 -1 M1097
287.9396 -1.0000 -1 M1098
464.1420 -1.0000 -1 M143
517.7362 -1.0000 -1 M142
363.0449 -1.0000 -1 M262
376.2594 -1.0000 -1 M383
427.3024 -1.0000 -1 M261
306.1743 -1.0000 -1 M382
193.1722 -1.0000 -1 M147
453.7882 -1.0000 -1 M389
424.4744 -1.0000 -1 M146
366.4191 -1.0000 -1 M387
308.7074 -1.0000 -1 M265
279.9711 -1.0000 -1 M149
499.6542 -1.0000 -1 M148
318.1451 -1.0000 -1 M269
594.4050 -1.0000 -1 M10
268.9199 -1.0000 -1 M391
186.0415 -1.0000 -1 M390
422.2762 -1.0000 -1 M174
596.4101 -1.0000 -1 M294
594.9135 -1.0000 -1 M179
284.7728 -1.0000 -1 M177
243.0961 -1.0000 -1 M1190
637.0811 -1.0000 -1 M29
289.9318 -1.0000 -1 M1199
226.7311 -1.0000 -1 M1079
298.2924 -1.0000 -1 M183
553.4427 -1.0000 -1 M182
180.6343 -1.0000 -1 M1074
266.2168 -1.0000 -1 M1075
423.7903 -1.0000 -1 M284
344.3459 -1.0000 -1 M162
679.3517 -1.0000 -1 M289
266.2510 -1.0000 -1 M287
776.0012 -1.0000 -1 M30
743.5056 -1.0000 -1 M32
216.8735 -1.0000 -1 M37
578.0732 -1.0000 -1 M36
596.4131 -1.0000 -1 M39
419.5985 -1.0000 -1 M1082
506.8388 -1.0000 -1 M38
338.0167 -1.0000 -1 M1088
475.7541 -1.0000 -1 M292
263.5589 -1.0000 -1 M1085
497.3669 -1.0000 -1 M1086
394.5811 -1.0000 -1 M41
555.9671 -1.0000 -1 M44
396.9540 -1.0000 -1 M46
572.9417 -1.0000 -1 M49
580.2084 -1.0000 -1 M185
576.8309 -1.0000 -1 M52
203.3015 -1.0000 -1 M55
635.8351 -1.0000 -1 M58
294.2799 -1.0000 -1 M190
754.5075 -1.0000 -1 M61
628.8108 -1.0000 -1 M64
206.9917 -1.0000 -1 M68
510.3749 -1.0000 -1 M70
450.3447 -1.0000 -1 M72
575.2835 -1.0000 -1 M75
356.9096 -1.0000 -1 M74
