# Scenario da2_maxprop
# distance at msg send, delivery time, hop count, MSG_ID
43.5523 1.0000 1 M12
101.7647 85.0000 4 M6
140.0809 71.0000 4 M13
230.8805 14.0000 1 M22
1.9657 1.0000 1 M26
101.4562 17.0000 5 M25
211.3722 11.0000 6 M31
350.0777 48.0000 4 M28
493.7789 266.0000 7 M1
282.8726 38.0000 3 M35
274.1445 179.0000 2 M15
369.3343 151.0000 3 M20
186.2468 196.0000 5 M16
272.7154 354.0000 6 M3
171.6993 101.0000 5 M43
66.7195 5.0000 3 M60
216.8735 185.0000 4 M37
281.4473 13.0000 3 M62
70.0031 3.0000 2 M65
293.7744 208.0000 7 M40
316.0716 372.0000 2 M17
214.0168 287.0000 9 M33
299.8346 334.0000 2 M27
249.3785 355.0000 4 M24
150.6845 114.0000 3 M59
231.2829 193.0000 6 M50
330.5456 422.0000 6 M18
29.8161 1.0000 1 M80
394.5811 274.0000 8 M41
53.4334 3.0000 2 M82
216.6734 469.0000 7 M19
280.7793 90.0000 3 M79
72.3044 6.0000 2 M90
149.0709 24.0000 5 M88
206.9917 182.0000 8 M68
596.4131 388.0000 8 M39
385.0708 628.0000 9 M5
127.6976 569.0000 2 M14
395.8026 524.0000 2 M21
561.6234 187.0000 2 M69
510.3749 182.0000 8 M70
474.7254 345.0000 2 M47
572.9417 337.0000 6 M49
117.3508 31.0000 4 M92
512.2855 153.0000 4 M77
376.7660 294.0000 4 M57
555.9671 386.0000 9 M44
350.0309 235.0000 3 M66
373.8700 650.0000 6 M8
438.4279 643.0000 7 M9
776.0012 506.0000 7 M30
356.9096 192.0000 4 M74
203.3015 326.0000 7 M55
112.3025 76.0000 6 M91
327.4486 260.0000 5 M67
261.4848 134.0000 3 M84
194.9640 376.0000 2 M53
311.9276 61.0000 3 M99
397.3981 723.0000 2 M7
594.4050 713.0000 10 M10
166.0134 176.0000 3 M86
351.0246 633.0000 5 M23
394.6089 481.0000 4 M45
284.9636 497.0000 4 M42
209.7115 406.0000 5 M56
193.9447 52.0000 6 M105
342.9391 307.0000 5 M71
199.6743 201.0000 3 M85
140.9055 482.0000 5 M48
352.4277 119.0000 4 M98
257.0202 745.0000 4 M11
396.9540 514.0000 11 M46
215.6022 460.0000 6 M54
85.5728 117.0000 2 M101
129.7199 50.0000 3 M111
332.4136 79.0000 6 M107
273.8319 606.0000 5 M34
275.0950 346.0000 5 M73
311.3657 517.0000 5 M51
198.8988 162.0000 2 M103
180.3140 872.0000 3 M4
754.5075 480.0000 6 M61
104.2110 54.0000 1 M122
168.1586 241.0000 7 M94
458.5401 183.0000 7 M104
320.0449 71.0000 4 M121
246.9571 174.0000 1 M108
360.2795 61.0000 2 M125
273.0906 37.0000 2 M129
28.6580 1.0000 1 M140
461.9632 965.0000 9 M2
485.4688 88.0000 6 M128
255.5067 41.0000 2 M137
576.8309 641.0000 12 M52
416.4302 342.0000 5 M95
628.8108 574.0000 7 M64
515.5404 198.0000 15 M117
287.6223 27.0000 4 M144
195.2689 286.0000 4 M106
261.8291 527.0000 1 M76
420.1918 64.0000 4 M145
48.7124 1.0000 1 M154
637.0811 894.0000 9 M29
525.0232 198.0000 5 M127
99.5089 14.0000 1 M155
92.8143 47.0000 2 M153
509.9637 312.0000 9 M115
170.2097 164.0000 7 M138
381.3233 234.0000 10 M131
232.7752 586.0000 10 M81
92.2838 93.0000 2 M152
422.5827 459.0000 8 M100
635.8351 768.0000 8 M58
321.8478 401.0000 6 M109
417.8256 508.0000 1 M93
575.2835 652.0000 12 M75
335.0038 120.0000 3 M151
246.5276 68.0000 6 M158
509.8821 236.0000 8 M134
39.7313 4.0000 1 M167
500.3945 232.0000 7 M136
171.6533 394.0000 14 M112
307.7532 599.0000 7 M83
506.8388 922.0000 8 M38
222.0418 204.0000 4 M141
195.0723 32.0000 5 M166
371.7244 255.0000 2 M135
179.3543 52.0000 7 M164
349.9655 407.0000 10 M113
450.3447 700.0000 9 M72
743.5056 989.0000 10 M32
475.1114 296.0000 8 M130
147.8204 82.0000 4 M161
326.2359 775.0000 4 M63
178.6095 420.0000 3 M114
69.7966 680.0000 3 M78
214.8935 383.0000 2 M120
98.9767 11.0000 3 M175
331.9889 318.0000 5 M133
269.4994 156.0000 3 M156
517.7362 265.0000 7 M142
193.1722 233.0000 9 M147
279.9711 219.0000 9 M149
365.1460 576.0000 3 M96
55.1960 3.0000 1 M181
200.5747 38.0000 3 M176
273.1986 82.0000 2 M169
316.0090 57.0000 8 M173
264.6469 138.0000 6 M163
170.7809 105.0000 5 M168
246.9467 28.0000 1 M180
126.5953 54.0000 2 M178
136.7353 19.0000 2 M186
530.8091 702.0000 11 M87
424.4744 305.0000 8 M146
499.6542 293.0000 13 M148
568.9222 458.0000 3 M124
126.1038 52.0000 4 M184
300.7653 141.0000 7 M171
578.0732 1096.0000 4 M36
128.9700 312.0000 4 M150
255.6132 169.0000 5 M170
431.3547 246.0000 5 M160
684.6804 676.0000 4 M97
3.9244 3.0000 1 M197
290.0850 232.0000 6 M165
196.0625 93.0000 3 M187
284.7728 168.0000 6 M177
575.5858 635.0000 7 M110
585.1632 597.0000 5 M116
298.2924 138.0000 5 M183
235.0056 30.0000 1 M199
79.1977 68.0000 2 M194
826.6780 545.0000 5 M126
147.4979 94.0000 5 M192
162.4350 30.0000 5 M202
179.6725 8.0000 2 M205
147.2537 42.0000 5 M201
9.5979 1.0000 1 M206
559.4297 357.0000 4 M157
150.6350 128.0000 6 M191
283.6215 261.0000 6 M172
112.6866 105.0000 2 M195
619.3891 639.0000 16 M119
224.8466 608.0000 4 M123
325.8655 96.0000 5 M198
639.5202 365.0000 6 M159
348.0030 166.0000 3 M189
422.9027 760.0000 11 M102
316.4389 141.0000 5 M193
181.0672 22.0000 5 M210
321.4900 16.0000 1 M211
144.8050 84.0000 3 M203
396.3420 194.0000 5 M188
491.9995 872.0000 8 M89
42.8959 12.0000 1 M214
294.2799 202.0000 6 M190
624.0035 699.0000 10 M118
344.3459 403.0000 12 M162
464.1420 542.0000 9 M143
701.2235 572.0000 9 M139
126.6407 21.0000 4 M217
594.9135 308.0000 8 M179
237.7552 133.0000 8 M204
241.5481 107.0000 6 M207
137.6972 193.0000 7 M196
60.4977 2.0000 2 M224
192.0962 75.0000 4 M215
209.9788 18.0000 3 M223
151.4537 45.0000 2 M221
35.9934 2.0000 1 M229
218.9576 27.0000 8 M226
312.0307 48.0000 1 M227
135.2666 189.0000 5 M208
553.4427 386.0000 4 M182
608.3410 191.0000 10 M209
580.2084 375.0000 7 M185
282.9454 198.0000 5 M212
422.2762 468.0000 6 M174
382.4605 161.0000 8 M218
341.2380 183.0000 9 M216
129.6593 160.0000 5 M219
458.3702 777.0000 10 M132
258.2918 208.0000 3 M213
237.0125 31.0000 6 M239
37.4106 5.0000 1 M245
299.1517 65.0000 4 M238
473.1839 356.0000 8 M200
234.0720 60.0000 6 M241
236.3065 125.0000 3 M232
230.7751 172.0000 10 M230
462.2585 118.0000 9 M240
429.4361 248.0000 9 M222
144.5178 75.0000 3 M250
154.1504 184.0000 7 M234
295.8361 193.0000 3 M235
257.8995 216.0000 7 M233
331.8331 134.0000 2 M246
234.8494 85.0000 3 M253
135.6526 162.0000 3 M242
441.2925 152.0000 7 M244
82.7264 98.0000 5 M252
151.7384 15.0000 6 M263
268.9529 211.0000 6 M236
314.1992 212.0000 4 M237
192.0220 141.0000 10 M248
87.7969 20.0000 1 M264
361.5241 322.0000 10 M225
2.1561 1.0000 1 M270
421.4104 200.0000 6 M243
389.2364 88.0000 8 M259
395.5088 27.0000 4 M267
422.8052 124.0000 4 M258
437.7446 335.0000 5 M228
92.7174 20.0000 5 M272
164.7091 27.0000 3 M271
369.7131 216.0000 8 M249
350.5400 361.0000 4 M231
254.1855 437.0000 4 M220
223.8528 163.0000 5 M260
135.8306 42.0000 3 M278
176.0887 12.0000 5 M283
483.6969 124.0000 4 M268
188.9471 217.0000 3 M256
424.6174 284.0000 4 M247
190.3352 47.0000 8 M280
230.4907 37.0000 7 M286
172.8893 38.0000 8 M288
256.7623 118.0000 4 M276
199.0788 127.0000 5 M275
104.1354 26.0000 4 M291
128.7948 110.0000 3 M279
86.3479 13.0000 3 M295
37.8651 2.0000 1 M297
230.5910 168.0000 7 M273
169.5282 35.0000 2 M293
167.8294 99.0000 5 M285
27.4184 1.0000 1 M299
292.4572 237.0000 2 M266
330.9389 328.0000 4 M257
164.4362 21.0000 4 M301
20.2086 1.0000 1 M304
239.4039 56.0000 3 M298
123.9494 14.0000 3 M307
76.4414 59.0000 6 M302
12.2093 2.0000 1 M310
100.7318 13.0000 2 M309
161.8460 436.0000 7 M251
308.7074 332.0000 12 M265
74.9126 223.0000 5 M281
187.2402 12.0000 1 M315
363.0449 393.0000 5 M262
407.1160 319.0000 7 M274
262.3844 143.0000 4 M300
423.7903 271.0000 11 M284
379.7517 191.0000 6 M296
184.6254 126.0000 4 M305
268.7096 488.0000 10 M255
679.3517 245.0000 5 M289
121.9373 127.0000 4 M306
427.3024 462.0000 10 M261
91.7791 23.0000 4 M325
310.3769 56.0000 7 M320
368.1782 172.0000 10 M303
494.3300 537.0000 7 M254
359.1592 65.0000 6 M323
101.5886 22.0000 3 M329
318.1451 446.0000 13 M269
266.2510 325.0000 15 M287
90.2456 11.0000 2 M332
253.3608 143.0000 12 M313
148.4171 96.0000 3 M321
596.4101 294.0000 13 M294
311.7350 142.0000 8 M318
435.5198 169.0000 10 M317
216.8303 235.0000 10 M308
121.9408 115.0000 2 M326
181.6574 50.0000 1 M336
240.0692 378.0000 2 M290
24.7596 1.0000 1 M343
162.7357 198.0000 9 M316
243.3031 30.0000 2 M341
106.3251 56.0000 3 M339
475.7541 404.0000 9 M292
383.3188 268.0000 13 M311
335.1917 71.0000 8 M340
243.6818 57.0000 7 M345
203.4206 229.0000 8 M322
282.6215 208.0000 2 M327
567.3815 531.0000 16 M282
339.3497 217.0000 9 M328
600.7115 78.0000 3 M348
134.8751 47.0000 4 M355
145.8223 357.0000 7 M312
164.1627 308.0000 6 M319
339.7604 281.0000 8 M324
148.1220 121.0000 6 M346
622.8564 210.0000 5 M334
253.0574 237.0000 11 M331
207.1597 216.0000 3 M335
407.4572 148.0000 7 M344
487.3387 365.0000 8 M314
142.4611 109.0000 4 M351
48.9108 139.0000 6 M347
313.0394 57.0000 3 M359
108.9845 103.0000 8 M356
87.4842 6.0000 2 M373
528.2434 50.0000 3 M367
291.1384 313.0000 7 M330
26.8722 1.0000 1 M378
288.0639 34.0000 3 M374
108.1658 154.0000 4 M358
264.0557 96.0000 3 M369
299.0605 771.0000 10 M277
282.7448 352.0000 3 M337
553.7387 39.0000 2 M384
149.4749 186.0000 4 M364
198.3956 123.0000 5 M376
219.3694 56.0000 5 M385
390.0578 213.0000 6 M365
159.6167 9.0000 5 M396
80.5918 7.0000 2 M398
501.9098 395.0000 6 M342
465.8508 44.0000 1 M395
245.3368 221.0000 7 M371
331.3325 203.0000 9 M375
306.1743 153.0000 7 M382
464.9966 68.0000 6 M394
187.5680 112.0000 7 M388
540.2498 227.0000 4 M372
219.2350 363.0000 6 M352
20.1107 1.0000 1 M405
347.6454 182.0000 1 M380
203.7565 380.0000 6 M350
294.3819 390.0000 4 M349
218.7871 274.0000 5 M366
439.3412 306.0000 6 M362
484.3064 520.0000 5 M333
327.2208 190.0000 4 M381
124.2189 37.0000 4 M402
320.4844 122.0000 5 M393
321.7212 397.0000 4 M353
249.0536 174.0000 4 M386
83.9309 19.0000 3 M409
336.5710 138.0000 7 M392
164.2994 54.0000 7 M406
435.9212 421.0000 13 M354
240.5468 66.0000 2 M408
248.7333 345.0000 6 M370
102.5351 9.0000 4 M419
336.3385 585.0000 6 M338
178.9182 426.0000 2 M360
257.1871 153.0000 2 M400
183.5285 324.0000 7 M377
339.7756 135.0000 4 M403
117.3952 17.0000 2 M421
288.2194 66.0000 2 M417
48.6902 1.0000 1 M427
301.7866 197.0000 9 M401
450.0211 434.0000 6 M368
268.9199 279.0000 5 M391
420.2607 155.0000 5 M410
130.3681 18.0000 2 M429
438.8222 491.0000 9 M361
114.2506 5.0000 2 M432
408.2424 263.0000 7 M397
185.7187 198.0000 4 M407
366.4191 347.0000 6 M387
266.4541 63.0000 7 M428
214.2054 164.0000 4 M414
115.8488 49.0000 2 M430
261.0684 165.0000 5 M416
138.9148 16.0000 3 M437
424.3254 577.0000 13 M357
230.4960 129.0000 7 M424
150.7620 552.0000 8 M363
453.7882 383.0000 10 M389
261.8083 63.0000 2 M435
312.2968 235.0000 4 M411
147.7812 29.0000 4 M441
136.9701 145.0000 3 M425
280.1715 213.0000 5 M418
339.8710 88.0000 7 M436
141.4904 102.0000 4 M434
199.9706 78.0000 6 M442
142.0945 34.0000 4 M448
186.0415 446.0000 11 M390
52.9224 12.0000 1 M451
176.7583 24.0000 4 M450
319.6686 544.0000 6 M379
510.6208 423.0000 9 M399
388.3326 198.0000 8 M431
237.9373 193.0000 1 M433
245.1939 285.0000 7 M423
187.1372 130.0000 2 M444
105.4446 17.0000 1 M460
470.0885 382.0000 6 M412
533.2857 335.0000 11 M420
373.8695 208.0000 7 M439
332.0407 136.0000 6 M449
221.5580 77.0000 6 M457
341.7213 167.0000 10 M445
268.0735 103.0000 1 M454
453.1480 311.0000 10 M426
245.0394 100.0000 4 M456
168.3445 77.0000 3 M459
78.2525 41.0000 1 M464
360.6227 403.0000 8 M415
206.7963 183.0000 10 M447
189.8816 68.0000 3 M463
148.4740 45.0000 7 M466
496.8517 502.0000 14 M404
277.5857 107.0000 7 M461
458.1899 133.0000 6 M458
421.1074 190.0000 6 M453
592.5254 500.0000 13 M413
332.1316 326.0000 6 M438
124.4770 123.0000 5 M465
121.6400 29.0000 4 M479
358.4019 154.0000 6 M462
349.1627 460.0000 12 M422
376.2594 732.0000 12 M383
117.9726 100.0000 7 M472
199.8174 71.0000 5 M477
504.4052 346.0000 7 M440
482.0649 240.0000 4 M455
436.2520 334.0000 5 M443
127.6615 41.0000 7 M483
75.3204 140.0000 2 M469
93.2283 20.0000 3 M486
140.2190 13.0000 4 M487
79.7117 40.0000 4 M485
362.2156 186.0000 4 M470
463.2790 323.0000 8 M452
162.4637 44.0000 2 M491
393.4238 175.0000 6 M474
509.0445 187.0000 7 M475
28.4476 1.0000 1 M502
186.7383 72.0000 9 M494
510.8375 209.0000 6 M476
119.0779 18.0000 3 M503
305.3142 283.0000 5 M468
301.8879 168.0000 11 M484
192.9305 68.0000 3 M499
286.6325 452.0000 12 M446
118.7439 87.0000 3 M497
233.1418 18.0000 1 M508
249.0451 209.0000 10 M482
228.1493 35.0000 6 M507
164.1909 150.0000 6 M492
312.2211 99.0000 3 M500
336.9504 70.0000 11 M504
310.3083 149.0000 5 M493
145.0233 16.0000 6 M513
262.2064 153.0000 6 M495
124.4279 201.0000 4 M488
212.2484 325.0000 2 M471
323.0596 121.0000 12 M501
307.5729 89.0000 3 M505
34.9556 1.0000 1 M519
320.7224 286.0000 13 M480
309.1469 227.0000 10 M489
296.0809 94.0000 8 M509
271.0902 393.0000 17 M467
38.1360 1.0000 1 M524
176.5429 91.0000 2 M511
223.4248 70.0000 5 M515
338.9872 60.0000 7 M517
81.4215 9.0000 2 M526
269.5995 13.0000 1 M528
464.3092 409.0000 9 M473
364.7473 153.0000 6 M510
140.4366 95.0000 5 M522
282.1814 317.0000 11 M490
279.0668 391.0000 6 M481
170.7099 141.0000 4 M518
153.6666 32.0000 5 M534
94.7104 21.0000 4 M537
160.1644 101.0000 3 M527
182.7756 40.0000 9 M538
343.2771 177.0000 10 M520
138.3943 40.0000 3 M540
43.0941 1.0000 1 M548
211.0267 37.0000 3 M543
224.9970 97.0000 3 M536
22.8350 5.0000 1 M549
179.1166 159.0000 4 M532
224.0792 21.0000 7 M551
278.1473 276.0000 6 M516
400.8740 189.0000 5 M529
618.9224 225.0000 8 M525
250.3767 81.0000 8 M546
339.6527 327.0000 13 M512
233.4059 24.0000 7 M556
5.6812 1.0000 1 M560
127.6685 145.0000 8 M539
303.1556 328.0000 3 M514
322.1513 280.0000 3 M521
460.7292 444.0000 15 M498
328.1636 60.0000 5 M553
555.6367 593.0000 7 M478
177.1662 44.0000 3 M558
214.9865 154.0000 3 M542
180.9291 86.0000 5 M552
493.1083 226.0000 4 M533
354.7387 175.0000 6 M541
108.5725 311.0000 3 M523
46.1714 4.0000 1 M568
426.1062 274.0000 7 M531
225.9448 186.0000 4 M544
95.7033 98.0000 4 M557
127.3940 69.0000 1 M563
7.5619 4.0000 2 M574
144.0465 25.0000 3 M572
212.0133 215.0000 6 M545
142.3534 33.0000 5 M573
377.4905 170.0000 5 M554
108.3427 61.0000 3 M571
223.7257 241.0000 8 M547
437.0770 347.0000 9 M535
57.2635 6.0000 3 M583
349.5078 95.0000 8 M575
591.1547 418.0000 6 M530
525.2584 194.0000 12 M562
381.2956 91.0000 3 M577
248.6972 84.0000 7 M579
180.1846 26.0000 4 M587
257.7769 302.0000 6 M550
160.7807 135.0000 3 M576
97.7896 699.0000 3 M496
241.1200 119.0000 5 M580
500.4689 258.0000 4 M561
246.4233 306.0000 8 M555
140.9947 63.0000 5 M589
95.4708 5.0000 2 M598
409.3741 296.0000 5 M559
246.4352 112.0000 2 M585
388.2383 25.0000 1 M597
225.8215 135.0000 3 M582
344.3293 96.0000 5 M588
6.1709 3.0000 2 M601
468.8481 171.0000 8 M578
493.5193 248.0000 13 M569
129.4162 131.0000 3 M586
557.6655 259.0000 7 M570
178.2499 48.0000 3 M599
91.2010 10.0000 3 M605
188.8497 41.0000 5 M603
242.6711 76.0000 5 M600
200.4004 19.0000 4 M611
396.7670 150.0000 7 M593
187.6606 76.0000 5 M604
151.8540 55.0000 6 M609
574.7751 69.0000 5 M608
76.8223 20.0000 3 M616
254.6866 173.0000 3 M594
18.5036 1.0000 1 M621
228.4574 92.0000 5 M607
645.8679 383.0000 6 M567
236.6880 212.0000 3 M590
30.3846 1.0000 1 M622
223.2442 139.0000 6 M602
49.0654 3.0000 2 M623
138.9845 28.0000 4 M620
275.2556 191.0000 5 M596
272.8193 103.0000 3 M610
40.9595 1.0000 1 M625
288.6878 439.0000 5 M564
564.3445 428.0000 6 M566
141.2001 26.0000 5 M624
47.1158 2.0000 1 M628
11.1552 6.0000 3 M630
597.4541 882.0000 8 M506
169.8953 110.0000 5 M617
171.0963 16.0000 4 M634
8.6381 5.0000 1 M637
164.9284 36.0000 3 M632
280.9715 72.0000 5 M629
66.8819 5.0000 2 M640
19.6672 1.0000 1 M641
283.1780 37.0000 6 M636
201.5455 179.0000 4 M615
375.6575 457.0000 8 M581
218.9161 447.0000 9 M584
105.3065 27.0000 3 M648
284.0207 74.0000 3 M644
135.8786 25.0000 3 M652
77.2652 2.0000 2 M656
29.0714 1.0000 1 M657
323.2351 138.0000 4 M643
311.6986 340.0000 4 M613
508.9224 396.0000 10 M606
213.6636 221.0000 8 M633
284.4460 211.0000 1 M635
108.9530 27.0000 5 M662
292.9252 718.0000 7 M565
211.6445 207.0000 2 M639
95.5487 27.0000 3 M665
251.8027 359.0000 7 M619
438.7970 542.0000 9 M592
323.9612 48.0000 6 M666
252.7090 85.0000 8 M661
437.1496 310.0000 7 M631
297.9905 85.0000 3 M664
230.7905 402.0000 10 M618
608.8942 556.0000 9 M595
256.9163 346.0000 9 M626
234.8901 162.0000 5 M654
200.1778 188.0000 5 M650
406.8058 57.0000 1 M672
328.6009 162.0000 3 M658
215.9490 40.0000 7 M675
131.3319 98.0000 2 M676
232.4432 532.0000 6 M614
52.5961 6.0000 2 M690
405.6775 549.0000 5 M612
54.9377 164.0000 4 M668
587.6857 325.0000 11 M646
202.0739 187.0000 3 M667
304.4009 365.0000 6 M642
627.2312 475.0000 14 M627
204.0650 45.0000 4 M691
346.1935 135.0000 2 M680
244.9252 144.0000 4 M679
373.9812 279.0000 4 M660
526.7796 219.0000 3 M669
304.2768 751.0000 8 M591
536.2398 365.0000 6 M649
226.6238 30.0000 3 M698
122.8880 43.0000 5 M697
95.4813 137.0000 4 M684
472.3420 409.0000 8 M645
354.1620 397.0000 9 M647
415.5005 292.0000 7 M663
90.2699 11.0000 3 M705
223.8610 91.0000 5 M694
209.8232 36.0000 7 M703
481.9408 217.0000 5 M677
547.5436 400.0000 6 M653
535.7480 72.0000 2 M701
651.7694 219.0000 8 M683
661.1940 190.0000 5 M687
40.4185 1.0000 1 M714
260.4371 173.0000 5 M692
381.3949 274.0000 12 M678
226.8191 236.0000 4 M685
31.5946 4.0000 2 M718
387.9797 173.0000 4 M695
221.3733 266.0000 4 M682
570.1547 581.0000 8 M638
205.0832 74.0000 6 M712
268.8621 47.0000 7 M716
3.6589 1.0000 1 M723
189.3528 303.0000 6 M681
246.6964 163.0000 2 M702
537.7502 467.0000 6 M659
471.3559 522.0000 6 M651
601.2115 383.0000 13 M671
54.5000 27.0000 4 M722
407.4654 120.0000 4 M711
198.5542 127.0000 7 M710
401.1958 414.0000 4 M670
264.2730 63.0000 5 M721
221.0071 168.0000 4 M707
281.1495 564.0000 14 M655
227.9822 425.0000 13 M674
288.8440 145.0000 2 M717
90.6403 88.0000 2 M726
57.2591 3.0000 2 M738
398.4243 25.0000 1 M736
42.4754 1.0000 1 M741
87.4640 17.0000 5 M739
264.0652 155.0000 3 M720
441.8949 429.0000 7 M686
319.9693 338.0000 7 M699
350.4399 300.0000 6 M706
307.8486 390.0000 10 M693
307.3066 241.0000 6 M715
553.0323 433.0000 8 M688
506.5390 425.0000 11 M689
334.5133 329.0000 2 M704
348.9971 83.0000 3 M742
171.0868 121.0000 5 M737
353.7639 225.0000 7 M724
356.3418 52.0000 4 M748
472.5253 584.0000 11 M673
236.3279 316.0000 4 M713
165.6196 184.0000 3 M731
206.5472 193.0000 2 M730
152.4520 96.0000 2 M744
357.1731 131.0000 4 M743
36.1542 1.0000 1 M761
239.2935 477.0000 9 M696
333.9770 171.0000 2 M745
216.6796 211.0000 3 M740
530.4743 363.0000 10 M719
372.8212 444.0000 6 M709
289.2983 133.0000 5 M753
69.0628 4.0000 2 M774
269.3730 336.0000 6 M728
490.3090 542.0000 8 M700
150.3497 29.0000 4 M776
432.6769 346.0000 7 M732
166.5754 182.0000 4 M755
324.5334 387.0000 4 M727
127.1329 23.0000 2 M778
306.3029 231.0000 6 M749
344.0412 338.0000 4 M735
204.7828 131.0000 7 M765
232.7678 106.0000 8 M770
499.7411 373.0000 8 M733
60.6581 22.0000 4 M782
224.5765 79.0000 4 M777
509.7400 221.0000 5 M759
442.1385 247.0000 5 M756
29.3985 1.0000 1 M790
462.0679 231.0000 4 M758
396.8492 181.0000 9 M767
451.1525 468.0000 13 M729
238.3605 52.0000 2 M789
152.1243 13.0000 3 M798
79.4480 58.0000 1 M792
237.3571 358.0000 7 M752
335.8998 570.0000 9 M725
194.9588 90.0000 7 M791
125.3226 182.0000 12 M784
98.3050 31.0000 3 M804
189.7882 268.0000 4 M773
224.0176 89.0000 1 M799
92.3607 337.0000 6 M766
345.7744 351.0000 7 M764
452.8481 195.0000 5 M786
380.1801 219.0000 2 M783
626.0358 769.0000 7 M708
436.5538 392.0000 7 M760
96.7908 214.0000 6 M787
358.5659 63.0000 2 M808
340.5520 399.0000 5 M762
186.2043 84.0000 4 M806
280.0583 351.0000 8 M771
257.0220 36.0000 2 M815
483.5302 415.0000 9 M763
293.6470 199.0000 6 M794
395.9066 307.0000 2 M780
456.3549 639.0000 4 M734
192.5715 307.0000 4 M781
70.1085 396.0000 8 M769
242.8424 269.0000 3 M788
325.9623 522.0000 11 M754
367.0496 246.0000 7 M793
219.6083 43.0000 6 M822
41.7037 1.0000 1 M828
464.8012 564.0000 5 M750
461.8831 511.0000 6 M757
361.5007 359.0000 13 M779
29.0441 1.0000 1 M829
303.0190 606.0000 7 M747
533.3691 626.0000 7 M746
387.6602 352.0000 12 M785
297.0237 235.0000 9 M800
314.5413 213.0000 10 M803
105.1386 11.0000 2 M833
465.6859 170.0000 2 M811
483.6477 180.0000 11 M810
450.9462 471.0000 10 M772
236.1485 119.0000 2 M823
408.3213 277.0000 14 M801
31.0668 1.0000 1 M841
373.6221 286.0000 11 M802
405.4429 490.0000 8 M775
130.9901 7.0000 3 M842
233.1599 263.0000 10 M807
648.1345 349.0000 7 M797
254.9885 110.0000 5 M831
172.0450 146.0000 7 M827
383.4701 194.0000 8 M821
118.4242 59.0000 4 M839
211.2596 163.0000 1 M826
358.8857 231.0000 4 M817
345.8096 589.0000 10 M768
317.8922 217.0000 9 M820
312.8075 292.0000 4 M809
54.0962 45.0000 2 M844
241.7649 65.0000 3 M843
151.4286 118.0000 9 M837
498.1121 304.0000 10 M812
113.8629 33.0000 2 M851
529.1293 303.0000 6 M814
247.5081 142.0000 7 M836
249.7394 448.0000 6 M796
188.2289 30.0000 5 M855
7.9632 2.0000 1 M859
135.8702 135.0000 4 M840
380.9012 324.0000 10 M816
271.0839 65.0000 5 M852
320.7592 319.0000 10 M818
389.3185 313.0000 5 M819
183.4754 267.0000 2 M825
620.4327 108.0000 3 M847
315.3700 283.0000 14 M824
106.6587 22.0000 2 M861
275.3331 76.0000 4 M854
273.1444 52.0000 6 M858
440.8163 137.0000 7 M846
279.8569 146.0000 4 M845
118.3425 28.0000 3 M862
283.0421 127.0000 2 M849
345.5605 442.0000 9 M805
264.0737 518.0000 3 M795
170.8345 839.0000 9 M751
601.5156 254.0000 14 M832
222.1296 230.0000 8 M835
233.9439 56.0000 3 M860
320.6247 110.0000 3 M856
471.3119 188.0000 9 M848
119.1203 20.0000 2 M872
174.8419 85.0000 3 M866
230.3629 164.0000 3 M857
140.2481 116.0000 3 M863
74.8856 41.0000 4 M874
113.0175 11.0000 3 M879
112.7733 8.0000 3 M880
181.1457 74.0000 3 M877
175.8662 143.0000 4 M868
342.5176 258.0000 6 M853
153.6730 19.0000 3 M887
282.6242 50.0000 6 M884
472.0293 469.0000 6 M830
405.3885 75.0000 6 M885
483.6176 594.0000 7 M813
513.4354 49.0000 3 M891
325.8559 240.0000 7 M865
201.3590 139.0000 5 M881
492.9171 477.0000 7 M834
121.8231 125.0000 5 M888
203.9641 38.0000 5 M900
406.3315 97.0000 8 M892
139.8694 119.0000 3 M890
454.6364 169.0000 2 M883
143.5024 30.0000 4 M903
189.9390 73.0000 11 M898
177.7418 22.0000 6 M906
447.8947 202.0000 3 M882
315.0542 308.0000 8 M867
109.0271 70.0000 5 M901
365.2775 452.0000 10 M850
3.1735 1.0000 1 M914
251.1039 165.0000 8 M893
119.5773 10.0000 1 M916
694.4249 356.0000 10 M870
255.5059 596.0000 12 M838
48.7302 3.0000 1 M923
351.9907 367.0000 8 M871
182.3725 119.0000 5 M907
194.9051 141.0000 4 M904
228.6505 38.0000 5 M919
223.9778 160.0000 4 M902
343.0374 335.0000 5 M878
89.2730 16.0000 1 M925
249.9508 56.0000 1 M920
279.4433 284.0000 2 M889
385.9509 419.0000 8 M869
661.5350 376.0000 6 M875
323.0127 228.0000 5 M897
267.2773 117.0000 3 M913
264.1052 254.0000 8 M895
381.9125 250.0000 8 M896
121.6585 24.0000 4 M929
15.5997 2.0000 1 M934
134.7100 43.0000 1 M930
280.9976 192.0000 5 M910
163.6875 26.0000 4 M935
82.2102 15.0000 3 M937
251.0718 282.0000 3 M899
349.1592 183.0000 4 M915
469.3493 161.0000 6 M921
222.3993 97.0000 10 M931
166.1705 168.0000 4 M922
492.2876 268.0000 4 M911
140.6159 88.0000 3 M939
103.6671 330.0000 1 M905
404.7633 535.0000 6 M876
391.2945 177.0000 11 M928
267.4947 91.0000 5 M942
48.2170 1.0000 1 M956
391.0785 581.0000 4 M873
527.5954 66.0000 2 M949
390.6980 364.0000 9 M908
159.7456 57.0000 3 M953
355.6413 76.0000 6 M951
108.1323 20.0000 1 M959
171.8966 32.0000 6 M958
132.1637 123.0000 3 M946
64.0791 700.0000 3 M864
77.1801 87.0000 3 M952
396.0934 392.0000 4 M909
468.0976 272.0000 10 M926
425.1814 56.0000 5 M957
293.6003 183.0000 9 M941
204.3350 165.0000 10 M944
124.9025 29.0000 2 M963
355.7960 118.0000 3 M954
499.7788 35.0000 3 M966
328.4200 317.0000 9 M927
190.1179 87.0000 5 M960
256.6386 214.0000 2 M943
417.9088 355.0000 9 M924
212.3390 209.0000 4 M945
117.9992 38.0000 2 M969
390.2864 652.0000 10 M886
207.2681 216.0000 7 M948
243.0635 481.0000 8 M912
436.1148 619.0000 9 M894
262.8873 299.0000 8 M940
334.6429 453.0000 11 M918
243.2125 39.0000 9 M979
315.0746 112.0000 6 M970
154.9251 21.0000 4 M983
20.7780 2.0000 1 M989
136.9260 36.0000 3 M984
508.5262 284.0000 10 M950
226.5602 399.0000 9 M933
154.1751 122.0000 3 M973
217.2299 137.0000 5 M971
213.2350 129.0000 6 M976
118.7549 7.0000 3 M993
86.4774 32.0000 3 M990
180.1815 23.0000 3 M992
244.8332 18.0000 1 M994
349.9604 415.0000 8 M938
198.7914 245.0000 7 M962
369.0006 454.0000 8 M932
247.7060 258.0000 2 M961
313.2896 311.0000 11 M955
478.9294 127.0000 2 M982
74.7212 377.0000 4 M947
204.7021 202.0000 6 M972
77.7430 80.0000 3 M991
514.4262 273.0000 9 M964
355.4611 127.0000 7 M985
146.6699 46.0000 6 M998
374.9915 58.0000 4 M997
103.9429 14.0000 2 M1005
216.4277 15.0000 5 M1007
58.1760 4.0000 2 M1009
463.5797 534.0000 10 M936
441.2919 216.0000 9 M987
556.7914 709.0000 8 M917
312.2583 290.0000 8 M977
176.1293 314.0000 3 M974
264.7481 271.0000 5 M980
327.6850 311.0000 12 M975
75.7830 12.0000 3 M1017
263.0647 25.0000 2 M1016
249.2053 382.0000 6 M967
404.0951 155.0000 6 M1000
417.1519 191.0000 10 M996
277.0791 299.0000 4 M981
152.1342 25.0000 6 M1020
403.4959 179.0000 9 M1001
138.5484 46.0000 6 M1021
18.7320 4.0000 1 M1027
250.2727 54.0000 4 M1022
169.5232 133.0000 4 M1011
65.3454 9.0000 2 M1030
136.2429 465.0000 3 M968
298.3648 278.0000 12 M995
249.4456 261.0000 10 M999
474.4062 346.0000 6 M988
78.5082 196.0000 10 M1010
53.2167 3.0000 1 M1038
402.5334 196.0000 5 M1012
119.8778 98.0000 4 M1026
173.5490 539.0000 5 M965
18.2290 6.0000 1 M1040
534.0482 462.0000 8 M978
179.1213 254.0000 5 M1008
466.9977 213.0000 14 M1018
184.6226 63.0000 7 M1039
244.5544 132.0000 7 M1031
277.3974 268.0000 8 M1015
364.1330 215.0000 6 M1023
192.7922 35.0000 1 M1048
485.5205 78.0000 2 M1043
52.0330 33.0000 3 M1050
242.6740 100.0000 11 M1041
166.4442 72.0000 6 M1046
284.0725 192.0000 7 M1029
567.4979 301.0000 9 M1014
386.5348 180.0000 10 M1032
223.4068 242.0000 5 M1024
463.7317 389.0000 15 M1004
321.0205 187.0000 9 M1035
321.7522 548.0000 10 M986
636.7619 297.0000 4 M1025
67.6626 90.0000 6 M1056
356.9312 246.0000 9 M1034
110.9418 128.0000 2 M1052
17.1601 16.0000 1 M1068
185.2101 49.0000 7 M1064
151.1982 178.0000 4 M1045
317.3102 251.0000 5 M1036
141.8094 164.0000 6 M1051
108.8758 52.0000 4 M1067
148.8558 19.0000 1 M1073
222.2136 35.0000 4 M1072
227.6175 214.0000 9 M1047
209.2923 551.0000 8 M1003
295.7307 438.0000 5 M1019
210.1491 157.0000 4 M1059
388.2409 211.0000 5 M1053
93.5614 174.0000 3 M1058
378.6355 388.0000 10 M1028
625.2461 499.0000 9 M1013
397.2958 356.0000 7 M1033
167.7048 560.0000 10 M1006
284.1574 160.0000 10 M1063
240.4069 135.0000 9 M1070
151.3297 263.0000 6 M1054
381.1767 208.0000 8 M1062
252.7496 104.0000 6 M1077
315.6510 643.0000 11 M1002
292.1586 312.0000 5 M1049
232.2521 396.0000 5 M1037
103.3643 19.0000 1 M1093
49.0966 3.0000 2 M1099
444.5012 401.0000 8 M1042
163.8541 132.0000 4 M1081
180.6343 198.0000 6 M1074
159.0267 225.0000 11 M1071
167.7331 167.0000 6 M1080
136.4384 156.0000 8 M1083
354.5517 144.0000 3 M1087
345.3275 336.0000 6 M1060
297.5906 136.0000 4 M1089
253.4391 121.0000 9 M1092
623.9674 302.0000 7 M1069
226.7311 230.0000 9 M1079
386.8774 405.0000 7 M1055
361.3664 397.0000 6 M1057
335.3013 356.0000 7 M1065
262.8595 106.0000 4 M1100
386.2097 180.0000 8 M1091
402.4867 238.0000 3 M1084
54.7377 14.0000 4 M1116
266.2168 306.0000 14 M1075
175.8495 102.0000 3 M1105
191.5544 295.0000 6 M1078
213.0553 44.0000 5 M1114
419.5985 272.0000 10 M1082
74.5483 2.0000 2 M1121
99.0620 5.0000 2 M1124
260.8076 140.0000 11 M1106
426.9270 180.0000 9 M1104
364.7651 451.0000 12 M1066
100.5800 21.0000 3 M1130
153.0122 266.0000 1 M1096
354.3142 513.0000 13 M1061
281.7627 308.0000 7 M1090
490.9812 237.0000 5 M1101
213.0601 106.0000 4 M1120
438.1356 55.0000 3 M1129
497.3669 356.0000 8 M1086
158.4286 26.0000 2 M1133
338.0167 340.0000 4 M1088
354.2681 135.0000 3 M1119
290.8674 209.0000 4 M1109
103.2871 58.0000 3 M1132
280.9643 246.0000 10 M1107
142.6087 39.0000 2 M1137
287.9396 315.0000 6 M1098
178.2299 325.0000 4 M1097
105.3005 72.0000 4 M1135
252.7336 255.0000 4 M1110
459.7662 224.0000 9 M1118
363.9995 338.0000 7 M1103
165.3185 187.0000 8 M1127
441.8731 252.0000 10 M1117
189.7478 48.0000 5 M1149
631.0704 297.0000 7 M1112
507.5526 305.0000 7 M1111
251.2608 154.0000 4 M1134
331.3859 85.0000 6 M1147
246.4967 63.0000 3 M1150
254.6932 352.0000 6 M1108
272.8632 141.0000 9 M1139
60.5617 15.0000 4 M1157
482.4652 405.0000 8 M1102
366.8655 458.0000 8 M1094
193.7037 73.0000 5 M1151
229.3186 610.0000 4 M1076
142.9765 25.0000 5 M1163
155.0260 107.0000 3 M1152
271.9275 356.0000 9 M1115
82.3979 22.0000 3 M1165
341.4586 313.0000 3 M1125
449.5011 180.0000 2 M1145
104.8094 166.0000 4 M1148
278.8539 400.0000 9 M1113
351.0735 282.0000 7 M1131
106.4747 126.0000 2 M1154
614.7648 231.0000 7 M1140
263.5589 642.0000 12 M1085
171.4410 147.0000 4 M1156
209.8094 65.0000 1 M1168
232.4859 251.0000 6 M1143
309.0886 267.0000 2 M1142
102.6519 51.0000 5 M1173
266.8603 105.0000 6 M1166
426.7936 600.0000 10 M1095
388.2179 957.0000 8 M1044
586.9291 377.0000 9 M1128
63.5453 9.0000 2 M1180
468.8229 264.0000 5 M1146
569.9697 167.0000 9 M1159
634.7681 330.0000 8 M1136
408.9630 305.0000 6 M1141
424.3214 435.0000 15 M1122
64.0133 29.0000 3 M1179
244.3396 100.0000 8 M1171
222.4484 161.0000 8 M1164
167.0146 181.0000 2 M1161
129.0769 63.0000 6 M1177
333.7326 27.0000 2 M1184
513.1653 137.0000 5 M1169
188.9813 72.0000 2 M1181
368.4888 234.0000 19 M1160
29.3921 2.0000 2 M1193
143.8676 132.0000 4 M1175
405.9334 283.0000 4 M1155
81.4547 41.0000 2 M1189
241.9790 43.0000 6 M1191
43.1057 1.0000 1 M1197
259.3175 56.0000 8 M1192
242.2792 30.0000 7 M1196
267.7438 35.0000 7 M1198
28.9775 1.0000 1 M1202
499.8624 468.0000 6 M1138
198.4207 201.0000 7 M1176
262.0903 120.0000 6 M1188
243.0961 109.0000 3 M1190
471.1122 568.0000 6 M1126
341.1913 257.0000 7 M1172
471.6230 479.0000 9 M1144
132.4323 201.0000 8 M1182
515.7420 250.0000 4 M1178
360.0304 201.0000 6 M1185
267.2076 265.0000 9 M1183
63.0553 4.0000 2 M1221
318.5021 197.0000 3 M1195
206.8777 146.0000 2 M1204
289.9318 182.0000 5 M1199
523.4316 392.0000 7 M1170
502.4775 726.0000 7 M1123
355.3458 364.0000 5 M1174
449.8724 282.0000 10 M1187
172.9952 64.0000 4 M1219
240.6035 94.0000 4 M1216
194.9968 52.0000 6 M1222
299.5846 525.0000 8 M1158
196.5698 143.0000 6 M1212
350.0351 182.0000 5 M1207
170.0481 26.0000 3 M1229
288.5093 195.0000 11 M1205
262.7787 131.0000 7 M1215
453.4053 110.0000 7 M1218
435.3753 480.0000 3 M1167
224.9324 124.0000 8 M1217
204.8772 222.0000 3 M1203
180.8726 192.0000 11 M1208
340.8840 347.0000 10 M1186
164.7136 24.0000 4 M1233
215.7825 309.0000 4 M1194
460.2700 265.0000 13 M1200
148.1640 210.0000 11 M1209
530.2004 557.0000 5 M1162
463.3903 185.0000 6 M1214
313.8434 212.0000 10 M1211
81.3183 39.0000 1 M1237
157.9124 21.0000 5 M1242
261.5533 102.0000 12 M1234
197.7591 179.0000 4 M1225
136.9176 273.0000 2 M1213
113.6550 32.0000 5 M1248
458.3083 180.0000 4 M1226
92.3300 49.0000 5 M1246
297.2243 231.0000 3 M1220
168.9399 366.0000 5 M1201
61.6151 4.0000 2 M1255
541.3020 190.0000 11 M1231
201.0882 76.0000 3 M1249
324.6829 158.0000 11 M1238
45.8064 1.0000 1 M1261
168.2886 216.0000 2 M1232
176.5346 143.0000 12 M1244
198.2347 48.0000 4 M1259
177.9108 386.0000 4 M1210
311.8829 191.0000 6 M1239
391.4439 290.0000 8 M1224
84.2422 53.0000 3 M1260
417.4820 73.0000 6 M1258
314.6610 34.0000 5 M1263
210.6565 115.0000 5 M1254
427.6582 295.0000 10 M1230
99.6954 237.0000 3 M1240
498.0505 326.0000 5 M1228
199.0739 24.0000 5 M1273
73.2678 10.0000 3 M1275
185.6133 50.0000 7 M1270
315.8846 206.0000 3 M1250
383.8511 312.0000 12 M1236
33.3925 1.0000 1 M1280
169.8427 34.0000 3 M1279
366.5071 110.0000 9 M1269
375.6063 138.0000 2 M1265
315.0456 362.0000 6 M1235
280.2482 133.0000 6 M1268
304.9049 241.0000 6 M1253
411.7181 949.0000 10 M1153
158.9043 48.0000 8 M1281
78.3198 5.0000 3 M1288
310.0781 122.0000 5 M1272
225.8110 235.0000 8 M1257
556.5610 316.0000 16 M1245
497.0130 587.0000 9 M1206
86.2206 11.0000 2 M1289
159.9772 35.0000 3 M1286
93.4614 12.0000 2 M1295
99.6821 19.0000 3 M1294
580.0815 150.0000 6 M1276
312.4246 404.0000 6 M1241
379.9207 501.0000 4 M1227
433.2708 316.0000 4 M1256
489.2904 533.0000 9 M1223
89.6323 5.0000 3 M1301
164.9264 33.0000 2 M1298
539.2555 229.0000 4 M1271
251.9535 118.0000 3 M1287
193.8753 132.0000 3 M1285
474.0176 411.0000 10 M1247
238.3283 292.0000 6 M1264
472.6843 316.0000 9 M1266
275.1072 343.0000 4 M1262
165.0465 100.0000 1 M1297
179.0882 128.0000 2 M1293
141.4914 116.0000 3 M1300
309.5707 192.0000 9 M1291
122.3418 284.0000 2 M1278
423.5701 298.0000 10 M1277
134.0423 69.0000 4 M1309
92.0081 22.0000 5 M1318
438.1848 505.0000 10 M1252
313.8808 401.0000 5 M1267
333.1541 273.0000 6 M1284
69.8577 23.0000 3 M1321
308.6083 151.0000 2 M1304
495.0958 163.0000 11 M1303
499.1351 377.0000 17 M1274
462.6623 106.0000 2 M1313
520.9897 262.0000 9 M1292
262.3246 26.0000 3 M1325
477.8187 571.0000 13 M1251
207.8989 105.0000 3 M1316
121.7763 17.0000 3 M1329
203.8212 304.0000 5 M1290
309.0586 154.0000 5 M1311
252.3838 183.0000 5 M1308
453.1998 136.0000 7 M1315
427.6431 373.0000 11 M1282
281.8205 35.0000 6 M1332
210.5412 70.0000 10 M1331
253.1032 251.0000 13 M1306
107.1298 60.0000 5 M1333
305.9664 283.0000 12 M1302
98.9333 419.0000 3 M1283
438.9377 315.0000 2 M1299
142.7600 112.0000 3 M1328
87.4347 158.0000 3 M1322
122.9315 185.0000 3 M1319
172.3572 59.0000 3 M1337
468.2701 749.0000 7 M1243
189.3098 43.0000 4 M1342
240.3841 155.0000 7 M1327
511.6868 392.0000 8 M1296
264.8235 78.0000 2 M1339
218.1569 208.0000 7 M1324
290.7175 305.0000 5 M1314
245.8245 334.0000 5 M1310
300.1963 358.0000 8 M1307
183.4630 30.0000 8 M1354
220.7951 326.0000 8 M1312
197.9248 226.0000 5 M1326
624.0969 274.0000 10 M1320
114.1756 106.0000 4 M1351
391.3491 431.0000 6 M1305
496.6156 299.0000 9 M1323
266.2786 222.0000 4 M1336
202.3513 172.0000 3 M1343
47.4343 1.0000 1 M1368
322.3228 218.0000 13 M1340
435.9433 187.0000 5 M1345
343.8930 67.0000 3 M1362
274.5329 156.0000 4 M1352
507.5078 186.0000 3 M1350
361.0520 21.0000 4 M1379
162.7353 174.0000 5 M1361
601.9053 328.0000 7 M1341
379.0252 228.0000 5 M1356
47.5635 6.0000 2 M1386
194.8973 152.0000 6 M1367
459.0998 297.0000 6 M1348
454.8343 294.0000 14 M1349
221.6582 125.0000 11 M1372
76.2285 7.0000 3 M1388
13.8469 3.0000 1 M1389
169.7989 333.0000 4 M1346
602.1066 326.0000 10 M1347
110.7880 62.0000 1 M1384
258.3154 219.0000 12 M1363
480.3199 78.0000 4 M1385
153.0210 289.0000 4 M1357
303.9934 449.0000 7 M1335
212.6973 277.0000 5 M1359
238.4908 141.0000 6 M1377
729.7232 241.0000 7 M1364
453.0678 195.0000 6 M1371
230.6409 81.0000 4 M1387
472.4339 305.0000 7 M1358
200.8124 448.0000 9 M1338
121.0862 428.0000 6 M1344
253.0325 87.0000 4 M1390
243.6783 152.0000 5 M1383
416.0726 176.0000 7 M1380
75.8174 8.0000 3 M1404
91.8188 72.0000 3 M1396
144.8021 525.0000 5 M1334
153.6952 72.0000 5 M1399
386.3395 58.0000 4 M1401
187.7499 76.0000 3 M1400
449.6116 586.0000 14 M1330
270.9032 328.0000 9 M1366
243.5358 -1.0000 -1 M1378
219.5945 -1.0000 -1 M1411
428.4759 -1.0000 -1 M1374
188.0451 -1.0000 -1 M1375
358.3134 -1.0000 -1 M1376
297.1274 -1.0000 -1 M1410
416.0641 -1.0000 -1 M1370
463.1764 -1.0000 -1 M1373
318.7037 -1.0000 -1 M1381
545.8331 -1.0000 -1 M1382
354.3943 -1.0000 -1 M1317
660.7706 -1.0000 -1 M1391
530.9224 -1.0000 -1 M1353
227.3204 -1.0000 -1 M1397
282.2006 -1.0000 -1 M1398
190.7145 -1.0000 -1 M1355
519.1862 -1.0000 -1 M1392
359.1487 -1.0000 -1 M1393
248.1331 -1.0000 -1 M1394
174.3359 -1.0000 -1 M1395
433.8691 -1.0000 -1 M1405
437.6661 -1.0000 -1 M1406
311.2649 -1.0000 -1 M1407
190.9209 -1.0000 -1 M1369
134.1936 -1.0000 -1 M1402
321.3431 -1.0000 -1 M1403
140.0365 -1.0000 -1 M1408
136.6883 -1.0000 -1 M1409
480.5495 -1.0000 -1 M1365
478.7895 -1.0000 -1 M1360
