# messageDelay  cumulativeProbability
2.0000 0.0007
2.0000 0.0014
2.0000 0.0021
2.0000 0.0028
2.0000 0.0035
2.0000 0.0043
2.0000 0.0050
2.0000 0.0057
2.0000 0.0064
2.0000 0.0071
2.0000 0.0078
2.0000 0.0085
2.0000 0.0092
2.0000 0.0099
2.0000 0.0106
2.0000 0.0113
2.0000 0.0120
2.0000 0.0128
2.0000 0.0135
2.0000 0.0142
2.0000 0.0149
2.0000 0.0156
2.0000 0.0163
2.0000 0.0170
2.0000 0.0177
2.0000 0.0184
2.0000 0.0191
2.0000 0.0198
2.0000 0.0206
2.0000 0.0213
2.0000 0.0220
2.0000 0.0227
2.0000 0.0234
2.0000 0.0241
2.0000 0.0248
2.0000 0.0255
2.0000 0.0262
2.0000 0.0269
2.0000 0.0276
2.0000 0.0283
2.0000 0.0291
2.0000 0.0298
2.0000 0.0305
2.0000 0.0312
2.0000 0.0319
2.0000 0.0326
2.0000 0.0333
2.0000 0.0340
2.0000 0.0347
2.0000 0.0354
2.0000 0.0361
2.0000 0.0369
2.0000 0.0376
2.0000 0.0383
2.0000 0.0390
2.0000 0.0397
3.0000 0.0404
3.0000 0.0411
3.0000 0.0418
3.0000 0.0425
4.0000 0.0432
4.0000 0.0439
4.0000 0.0446
4.0000 0.0454
4.0000 0.0461
4.0000 0.0468
4.0000 0.0475
4.0000 0.0482
4.0000 0.0489
4.0000 0.0496
4.0000 0.0503
4.0000 0.0510
4.0000 0.0517
5.0000 0.0524
5.0000 0.0532
5.0000 0.0539
5.0000 0.0546
6.0000 0.0553
6.0000 0.0560
6.0000 0.0567
6.0000 0.0574
6.0000 0.0581
6.0000 0.0588
6.0000 0.0595
6.0000 0.0602
6.0000 0.0609
6.0000 0.0617
6.0000 0.0624
7.0000 0.0631
7.0000 0.0638
7.0000 0.0645
7.0000 0.0652
7.0000 0.0659
7.0000 0.0666
7.0000 0.0673
7.0000 0.0680
7.0000 0.0687
7.0000 0.0695
7.0000 0.0702
7.0000 0.0709
8.0000 0.0716
8.0000 0.0723
8.0000 0.0730
8.0000 0.0737
9.0000 0.0744
9.0000 0.0751
9.0000 0.0758
9.0000 0.0765
9.0000 0.0773
9.0000 0.0780
10.0000 0.0787
10.0000 0.0794
10.0000 0.0801
11.0000 0.0808
11.0000 0.0815
12.0000 0.0822
12.0000 0.0829
13.0000 0.0836
13.0000 0.0843
13.0000 0.0850
13.0000 0.0858
14.0000 0.0865
14.0000 0.0872
14.0000 0.0879
14.0000 0.0886
14.0000 0.0893
14.0000 0.0900
15.0000 0.0907
15.0000 0.0914
15.0000 0.0921
16.0000 0.0928
16.0000 0.0936
17.0000 0.0943
17.0000 0.0950
17.0000 0.0957
17.0000 0.0964
18.0000 0.0971
18.0000 0.0978
18.0000 0.0985
19.0000 0.0992
19.0000 0.0999
19.0000 0.1006
19.0000 0.1013
19.0000 0.1021
19.0000 0.1028
20.0000 0.1035
20.0000 0.1042
21.0000 0.1049
21.0000 0.1056
22.0000 0.1063
22.0000 0.1070
22.0000 0.1077
23.0000 0.1084
24.0000 0.1091
24.0000 0.1099
25.0000 0.1106
26.0000 0.1113
26.0000 0.1120
26.0000 0.1127
27.0000 0.1134
27.0000 0.1141
27.0000 0.1148
28.0000 0.1155
28.0000 0.1162
28.0000 0.1169
29.0000 0.1176
29.0000 0.1184
29.0000 0.1191
30.0000 0.1198
30.0000 0.1205
31.0000 0.1212
31.0000 0.1219
32.0000 0.1226
32.0000 0.1233
33.0000 0.1240
34.0000 0.1247
35.0000 0.1254
35.0000 0.1262
35.0000 0.1269
36.0000 0.1276
36.0000 0.1283
37.0000 0.1290
37.0000 0.1297
37.0000 0.1304
37.0000 0.1311
37.0000 0.1318
37.0000 0.1325
38.0000 0.1332
39.0000 0.1339
39.0000 0.1347
39.0000 0.1354
40.0000 0.1361
40.0000 0.1368
40.0000 0.1375
40.0000 0.1382
41.0000 0.1389
42.0000 0.1396
42.0000 0.1403
42.0000 0.1410
42.0000 0.1417
42.0000 0.1425
43.0000 0.1432
44.0000 0.1439
45.0000 0.1446
46.0000 0.1453
46.0000 0.1460
46.0000 0.1467
47.0000 0.1474
47.0000 0.1481
48.0000 0.1488
48.0000 0.1495
48.0000 0.1502
49.0000 0.1510
49.0000 0.1517
49.0000 0.1524
50.0000 0.1531
50.0000 0.1538
50.0000 0.1545
51.0000 0.1552
51.0000 0.1559
52.0000 0.1566
53.0000 0.1573
53.0000 0.1580
53.0000 0.1588
53.0000 0.1595
53.0000 0.1602
54.0000 0.1609
54.0000 0.1616
54.0000 0.1623
55.0000 0.1630
55.0000 0.1637
55.0000 0.1644
55.0000 0.1651
55.0000 0.1658
55.0000 0.1665
55.0000 0.1673
56.0000 0.1680
56.0000 0.1687
57.0000 0.1694
57.0000 0.1701
57.0000 0.1708
57.0000 0.1715
57.0000 0.1722
57.0000 0.1729
57.0000 0.1736
58.0000 0.1743
58.0000 0.1751
58.0000 0.1758
58.0000 0.1765
58.0000 0.1772
58.0000 0.1779
58.0000 0.1786
59.0000 0.1793
59.0000 0.1800
59.0000 0.1807
59.0000 0.1814
59.0000 0.1821
59.0000 0.1828
60.0000 0.1836
61.0000 0.1843
62.0000 0.1850
62.0000 0.1857
63.0000 0.1864
65.0000 0.1871
66.0000 0.1878
66.0000 0.1885
66.0000 0.1892
66.0000 0.1899
66.0000 0.1906
67.0000 0.1914
68.0000 0.1921
69.0000 0.1928
69.0000 0.1935
70.0000 0.1942
70.0000 0.1949
70.0000 0.1956
70.0000 0.1963
71.0000 0.1970
71.0000 0.1977
72.0000 0.1984
73.0000 0.1991
73.0000 0.1999
75.0000 0.2006
75.0000 0.2013
75.0000 0.2020
75.0000 0.2027
75.0000 0.2034
76.0000 0.2041
76.0000 0.2048
76.0000 0.2055
77.0000 0.2062
77.0000 0.2069
77.0000 0.2077
78.0000 0.2084
78.0000 0.2091
79.0000 0.2098
80.0000 0.2105
80.0000 0.2112
80.0000 0.2119
82.0000 0.2126
82.0000 0.2133
82.0000 0.2140
83.0000 0.2147
84.0000 0.2155
86.0000 0.2162
87.0000 0.2169
87.0000 0.2176
88.0000 0.2183
88.0000 0.2190
89.0000 0.2197
89.0000 0.2204
89.0000 0.2211
90.0000 0.2218
90.0000 0.2225
91.0000 0.2232
92.0000 0.2240
93.0000 0.2247
93.0000 0.2254
93.0000 0.2261
93.0000 0.2268
94.0000 0.2275
94.0000 0.2282
95.0000 0.2289
95.0000 0.2296
95.0000 0.2303
95.0000 0.2310
96.0000 0.2318
96.0000 0.2325
96.0000 0.2332
96.0000 0.2339
97.0000 0.2346
98.0000 0.2353
99.0000 0.2360
99.0000 0.2367
99.0000 0.2374
99.0000 0.2381
99.0000 0.2388
101.0000 0.2395
101.0000 0.2403
102.0000 0.2410
102.0000 0.2417
102.0000 0.2424
103.0000 0.2431
104.0000 0.2438
104.0000 0.2445
104.0000 0.2452
104.0000 0.2459
107.0000 0.2466
107.0000 0.2473
107.0000 0.2481
107.0000 0.2488
107.0000 0.2495
108.0000 0.2502
108.0000 0.2509
108.0000 0.2516
109.0000 0.2523
109.0000 0.2530
109.0000 0.2537
110.0000 0.2544
111.0000 0.2551
111.0000 0.2558
113.0000 0.2566
113.0000 0.2573
113.0000 0.2580
113.0000 0.2587
113.0000 0.2594
113.0000 0.2601
114.0000 0.2608
115.0000 0.2615
115.0000 0.2622
115.0000 0.2629
115.0000 0.2636
116.0000 0.2644
116.0000 0.2651
117.0000 0.2658
118.0000 0.2665
119.0000 0.2672
119.0000 0.2679
120.0000 0.2686
120.0000 0.2693
120.0000 0.2700
120.0000 0.2707
120.0000 0.2714
121.0000 0.2721
122.0000 0.2729
123.0000 0.2736
124.0000 0.2743
124.0000 0.2750
124.0000 0.2757
125.0000 0.2764
127.0000 0.2771
127.0000 0.2778
129.0000 0.2785
129.0000 0.2792
129.0000 0.2799
129.0000 0.2807
130.0000 0.2814
131.0000 0.2821
131.0000 0.2828
131.0000 0.2835
133.0000 0.2842
133.0000 0.2849
133.0000 0.2856
134.0000 0.2863
135.0000 0.2870
135.0000 0.2877
135.0000 0.2884
135.0000 0.2892
135.0000 0.2899
136.0000 0.2906
137.0000 0.2913
137.0000 0.2920
137.0000 0.2927
138.0000 0.2934
139.0000 0.2941
139.0000 0.2948
140.0000 0.2955
140.0000 0.2962
140.0000 0.2970
141.0000 0.2977
142.0000 0.2984
143.0000 0.2991
144.0000 0.2998
144.0000 0.3005
145.0000 0.3012
145.0000 0.3019
145.0000 0.3026
145.0000 0.3033
145.0000 0.3040
146.0000 0.3047
147.0000 0.3055
149.0000 0.3062
150.0000 0.3069
150.0000 0.3076
151.0000 0.3083
151.0000 0.3090
151.0000 0.3097
151.0000 0.3104
152.0000 0.3111
152.0000 0.3118
153.0000 0.3125
154.0000 0.3133
154.0000 0.3140
154.0000 0.3147
154.0000 0.3154
154.0000 0.3161
155.0000 0.3168
156.0000 0.3175
156.0000 0.3182
156.0000 0.3189
156.0000 0.3196
157.0000 0.3203
158.0000 0.3210
158.0000 0.3218
159.0000 0.3225
159.0000 0.3232
159.0000 0.3239
162.0000 0.3246
163.0000 0.3253
163.0000 0.3260
164.0000 0.3267
164.0000 0.3274
164.0000 0.3281
164.0000 0.3288
165.0000 0.3296
165.0000 0.3303
165.0000 0.3310
166.0000 0.3317
167.0000 0.3324
169.0000 0.3331
169.0000 0.3338
169.0000 0.3345
170.0000 0.3352
170.0000 0.3359
172.0000 0.3366
172.0000 0.3373
172.0000 0.3381
173.0000 0.3388
174.0000 0.3395
174.0000 0.3402
175.0000 0.3409
175.0000 0.3416
177.0000 0.3423
177.0000 0.3430
177.0000 0.3437
177.0000 0.3444
178.0000 0.3451
178.0000 0.3459
180.0000 0.3466
180.0000 0.3473
180.0000 0.3480
182.0000 0.3487
183.0000 0.3494
183.0000 0.3501
184.0000 0.3508
184.0000 0.3515
184.0000 0.3522
184.0000 0.3529
185.0000 0.3536
188.0000 0.3544
188.0000 0.3551
190.0000 0.3558
191.0000 0.3565
191.0000 0.3572
194.0000 0.3579
194.0000 0.3586
194.0000 0.3593
196.0000 0.3600
198.0000 0.3607
199.0000 0.3614
200.0000 0.3622
203.0000 0.3629
203.0000 0.3636
203.0000 0.3643
204.0000 0.3650
204.0000 0.3657
206.0000 0.3664
207.0000 0.3671
207.0000 0.3678
208.0000 0.3685
208.0000 0.3692
209.0000 0.3700
209.0000 0.3707
209.0000 0.3714
209.0000 0.3721
210.0000 0.3728
210.0000 0.3735
210.0000 0.3742
212.0000 0.3749
214.0000 0.3756
215.0000 0.3763
215.0000 0.3770
215.0000 0.3777
216.0000 0.3785
216.0000 0.3792
217.0000 0.3799
218.0000 0.3806
219.0000 0.3813
220.0000 0.3820
220.0000 0.3827
221.0000 0.3834
221.0000 0.3841
222.0000 0.3848
223.0000 0.3855
223.0000 0.3863
224.0000 0.3870
225.0000 0.3877
225.0000 0.3884
226.0000 0.3891
227.0000 0.3898
228.0000 0.3905
231.0000 0.3912
232.0000 0.3919
233.0000 0.3926
233.0000 0.3933
235.0000 0.3940
235.0000 0.3948
235.0000 0.3955
238.0000 0.3962
238.0000 0.3969
238.0000 0.3976
238.0000 0.3983
240.0000 0.3990
241.0000 0.3997
242.0000 0.4004
242.0000 0.4011
242.0000 0.4018
243.0000 0.4026
244.0000 0.4033
244.0000 0.4040
247.0000 0.4047
247.0000 0.4054
248.0000 0.4061
249.0000 0.4068
249.0000 0.4075
251.0000 0.4082
254.0000 0.4089
254.0000 0.4096
255.0000 0.4103
256.0000 0.4111
256.0000 0.4118
257.0000 0.4125
262.0000 0.4132
265.0000 0.4139
266.0000 0.4146
266.0000 0.4153
266.0000 0.4160
267.0000 0.4167
268.0000 0.4174
270.0000 0.4181
272.0000 0.4189
272.0000 0.4196
274.0000 0.4203
274.0000 0.4210
274.0000 0.4217
275.0000 0.4224
276.0000 0.4231
276.0000 0.4238
277.0000 0.4245
278.0000 0.4252
279.0000 0.4259
280.0000 0.4266
280.0000 0.4274
285.0000 0.4281
286.0000 0.4288
287.0000 0.4295
289.0000 0.4302
289.0000 0.4309
291.0000 0.4316
292.0000 0.4323
292.0000 0.4330
292.0000 0.4337
293.0000 0.4344
294.0000 0.4352
296.0000 0.4359
296.0000 0.4366
298.0000 0.4373
298.0000 0.4380
299.0000 0.4387
300.0000 0.4394
300.0000 0.4401
301.0000 0.4408
304.0000 0.4415
306.0000 0.4422
307.0000 0.4429
308.0000 0.4437
309.0000 0.4444
309.0000 0.4451
311.0000 0.4458
313.0000 0.4465
314.0000 0.4472
314.0000 0.4479
316.0000 0.4486
318.0000 0.4493
318.0000 0.4500
320.0000 0.4507
320.0000 0.4515
321.0000 0.4522
322.0000 0.4529
323.0000 0.4536
325.0000 0.4543
325.0000 0.4550
325.0000 0.4557
326.0000 0.4564
328.0000 0.4571
328.0000 0.4578
331.0000 0.4585
332.0000 0.4592
333.0000 0.4600
333.0000 0.4607
336.0000 0.4614
338.0000 0.4621
341.0000 0.4628
344.0000 0.4635
344.0000 0.4642
344.0000 0.4649
345.0000 0.4656
346.0000 0.4663
350.0000 0.4670
351.0000 0.4678
351.0000 0.4685
352.0000 0.4692
354.0000 0.4699
359.0000 0.4706
359.0000 0.4713
363.0000 0.4720
363.0000 0.4727
365.0000 0.4734
366.0000 0.4741
366.0000 0.4748
368.0000 0.4755
369.0000 0.4763
369.0000 0.4770
370.0000 0.4777
373.0000 0.4784
375.0000 0.4791
377.0000 0.4798
377.0000 0.4805
379.0000 0.4812
379.0000 0.4819
381.0000 0.4826
385.0000 0.4833
386.0000 0.4841
394.0000 0.4848
397.0000 0.4855
399.0000 0.4862
405.0000 0.4869
409.0000 0.4876
410.0000 0.4883
413.0000 0.4890
414.0000 0.4897
415.0000 0.4904
416.0000 0.4911
418.0000 0.4918
420.0000 0.4926
421.0000 0.4933
421.0000 0.4940
422.0000 0.4947
424.0000 0.4954
426.0000 0.4961
430.0000 0.4968
431.0000 0.4975
433.0000 0.4982
434.0000 0.4989
436.0000 0.4996
436.0000 0.5004
437.0000 0.5011
437.0000 0.5018
441.0000 0.5025
444.0000 0.5032
444.0000 0.5039
445.0000 0.5046
446.0000 0.5053
459.0000 0.5060
462.0000 0.5067
462.0000 0.5074
464.0000 0.5082
467.0000 0.5089
468.0000 0.5096
468.0000 0.5103
472.0000 0.5110
476.0000 0.5117
477.0000 0.5124
479.0000 0.5131
480.0000 0.5138
481.0000 0.5145
482.0000 0.5152
482.0000 0.5159
488.0000 0.5167
491.0000 0.5174
497.0000 0.5181
498.0000 0.5188
498.0000 0.5195
505.0000 0.5202
505.0000 0.5209
506.0000 0.5216
509.0000 0.5223
509.0000 0.5230
510.0000 0.5237
512.0000 0.5245
513.0000 0.5252
518.0000 0.5259
519.0000 0.5266
519.0000 0.5273
519.0000 0.5280
521.0000 0.5287
522.0000 0.5294
525.0000 0.5301
525.0000 0.5308
526.0000 0.5315
527.0000 0.5322
529.0000 0.5330
529.0000 0.5337
529.0000 0.5344
530.0000 0.5351
530.0000 0.5358
536.0000 0.5365
538.0000 0.5372
541.0000 0.5379
542.0000 0.5386
545.0000 0.5393
546.0000 0.5400
553.0000 0.5408
557.0000 0.5415
557.0000 0.5422
557.0000 0.5429
559.0000 0.5436
560.0000 0.5443
565.0000 0.5450
572.0000 0.5457
573.0000 0.5464
575.0000 0.5471
575.0000 0.5478
576.0000 0.5485
577.0000 0.5493
577.0000 0.5500
580.0000 0.5507
586.0000 0.5514
588.0000 0.5521
590.0000 0.5528
592.0000 0.5535
601.0000 0.5542
615.0000 0.5549
623.0000 0.5556
637.0000 0.5563
640.0000 0.5571
644.0000 0.5578
647.0000 0.5585
648.0000 0.5592
650.0000 0.5599
654.0000 0.5606
654.0000 0.5613
657.0000 0.5620
658.0000 0.5627
659.0000 0.5634
661.0000 0.5641
669.0000 0.5648
670.0000 0.5656
671.0000 0.5663
674.0000 0.5670
676.0000 0.5677
679.0000 0.5684
681.0000 0.5691
686.0000 0.5698
692.0000 0.5705
704.0000 0.5712
711.0000 0.5719
719.0000 0.5726
736.0000 0.5734
745.0000 0.5741
752.0000 0.5748
754.0000 0.5755
756.0000 0.5762
760.0000 0.5769
774.0000 0.5776
789.0000 0.5783
800.0000 0.5790
805.0000 0.5797
805.0000 0.5804
813.0000 0.5811
817.0000 0.5819
818.0000 0.5826
838.0000 0.5833
870.0000 0.5840
881.0000 0.5847
881.0000 0.5854
900.0000 0.5861
909.0000 0.5868
910.0000 0.5875
915.0000 0.5882
919.0000 0.5889
921.0000 0.5897
956.0000 0.5904
959.0000 0.5911
978.0000 0.5918
980.0000 0.5925
983.0000 0.5932
985.0000 0.5939
989.0000 0.5946
995.0000 0.5953
1030.0000 0.5960
1031.0000 0.5967
1041.0000 0.5974
1042.0000 0.5982
1044.0000 0.5989
1061.0000 0.5996
1111.0000 0.6003
1121.0000 0.6010
1141.0000 0.6017
1154.0000 0.6024
1172.0000 0.6031
1183.0000 0.6038
1220.0000 0.6045
1226.0000 0.6052
1248.0000 0.6060
1261.0000 0.6067
1262.0000 0.6074
1284.0000 0.6081
1287.0000 0.6088
1295.0000 0.6095
1298.0000 0.6102
1310.0000 0.6109
1311.0000 0.6116
1315.0000 0.6123
1337.0000 0.6130
1342.0000 0.6137
1350.0000 0.6145
1360.0000 0.6152
1371.0000 0.6159
1398.0000 0.6166
1462.0000 0.6173
1469.0000 0.6180
1485.0000 0.6187
1566.0000 0.6194
1636.0000 0.6201
1665.0000 0.6208
1667.0000 0.6215
1719.0000 0.6223
1725.0000 0.6230
1761.0000 0.6237
1796.0000 0.6244
1813.0000 0.6251
1825.0000 0.6258
1892.0000 0.6265
1930.0000 0.6272
2005.0000 0.6279
2053.0000 0.6286
2218.0000 0.6293
2335.0000 0.6300
2381.0000 0.6308
2416.0000 0.6315
2438.0000 0.6322
2497.0000 0.6329
2850.0000 0.6336
2874.0000 0.6343
2881.0000 0.6350
3010.0000 0.6357
3264.0000 0.6364
3361.0000 0.6371
3989.0000 0.6378
