# time  created  delivered  delivered/created
7.0000 1 0 0.0000
16.0000 2 0 0.0000
21.0000 3 0 0.0000
29.0000 4 0 0.0000
37.0000 5 0 0.0000
44.0000 6 0 0.0000
50.0000 7 0 0.0000
58.0000 8 0 0.0000
66.0000 9 0 0.0000
71.0000 10 0 0.0000
79.0000 11 0 0.0000
85.0000 12 0 0.0000
87.0000 12 1 0.0833
91.0000 13 1 0.0769
97.0000 14 1 0.0714
105.0000 15 1 0.0667
112.0000 16 1 0.0625
121.0000 17 1 0.0588
128.0000 18 1 0.0556
129.0000 18 2 0.1111
134.0000 19 2 0.1053
141.0000 20 2 0.1000
149.0000 21 2 0.0952
155.0000 22 2 0.0909
163.0000 23 2 0.0870
163.0000 23 3 0.1304
168.0000 24 3 0.1250
171.0000 24 4 0.1667
177.0000 25 4 0.1600
182.0000 26 4 0.1538
184.0000 26 5 0.1923
188.0000 27 5 0.1852
193.0000 28 5 0.1786
199.0000 29 5 0.1724
201.0000 29 6 0.2069
204.0000 30 6 0.2000
213.0000 31 6 0.1935
219.0000 32 6 0.1875
228.0000 33 6 0.1818
235.0000 34 6 0.1765
244.0000 35 6 0.1714
251.0000 36 6 0.1667
259.0000 37 6 0.1622
268.0000 38 6 0.1579
274.0000 38 7 0.1842
276.0000 39 7 0.1795
283.0000 39 8 0.2051
284.0000 40 8 0.2000
293.0000 41 8 0.1951
300.0000 42 8 0.1905
304.0000 42 9 0.2143
305.0000 43 9 0.2093
310.0000 44 9 0.2045
315.0000 45 9 0.2000
323.0000 46 9 0.1957
330.0000 47 9 0.1915
336.0000 48 9 0.1875
343.0000 49 9 0.1837
352.0000 50 9 0.1800
357.0000 51 9 0.1765
365.0000 52 9 0.1731
371.0000 53 9 0.1698
378.0000 54 9 0.1667
386.0000 55 9 0.1636
392.0000 56 9 0.1607
399.0000 57 9 0.1579
406.0000 58 9 0.1552
407.0000 58 10 0.1724
415.0000 59 10 0.1695
420.0000 60 10 0.1667
425.0000 60 11 0.1833
427.0000 61 11 0.1803
435.0000 62 11 0.1774
441.0000 63 11 0.1746
449.0000 64 11 0.1719
451.0000 64 12 0.1875
454.0000 65 12 0.1846
459.0000 65 13 0.2000
462.0000 66 13 0.1970
464.0000 66 14 0.2121
470.0000 67 14 0.2090
477.0000 67 15 0.2239
478.0000 68 15 0.2206
487.0000 69 15 0.2174
493.0000 70 15 0.2143
498.0000 71 15 0.2113
507.0000 72 15 0.2083
512.0000 73 15 0.2055
516.0000 73 16 0.2192
519.0000 74 16 0.2162
524.0000 75 16 0.2133
531.0000 75 17 0.2267
533.0000 76 17 0.2237
539.0000 77 17 0.2208
540.0000 77 18 0.2338
542.0000 77 19 0.2468
548.0000 78 19 0.2436
555.0000 79 19 0.2405
563.0000 80 19 0.2375
566.0000 80 20 0.2500
572.0000 81 20 0.2469
581.0000 82 20 0.2439
590.0000 83 20 0.2410
593.0000 83 21 0.2530
599.0000 84 21 0.2500
604.0000 84 22 0.2619
606.0000 85 22 0.2588
608.0000 85 23 0.2706
615.0000 86 23 0.2674
621.0000 87 23 0.2644
627.0000 88 23 0.2614
636.0000 89 23 0.2584
643.0000 90 23 0.2556
649.0000 90 24 0.2667
650.0000 91 24 0.2637
659.0000 92 24 0.2609
666.0000 92 25 0.2717
668.0000 93 25 0.2688
670.0000 93 26 0.2796
675.0000 93 27 0.2903
676.0000 94 27 0.2872
681.0000 95 27 0.2842
681.0000 95 28 0.2947
686.0000 95 29 0.3053
689.0000 96 29 0.3021
690.0000 96 30 0.3125
694.0000 97 30 0.3093
698.0000 97 31 0.3196
698.0000 97 32 0.3299
699.0000 97 33 0.3402
701.0000 98 33 0.3367
706.0000 99 33 0.3333
714.0000 100 33 0.3300
721.0000 101 33 0.3267
727.0000 101 34 0.3366
729.0000 102 34 0.3333
734.0000 103 34 0.3301
734.0000 103 35 0.3398
741.0000 104 35 0.3365
748.0000 105 35 0.3333
753.0000 106 35 0.3302
753.0000 106 36 0.3396
761.0000 107 36 0.3364
768.0000 107 37 0.3458
769.0000 108 37 0.3426
770.0000 108 38 0.3519
772.0000 108 39 0.3611
774.0000 109 39 0.3578
781.0000 110 39 0.3545
781.0000 110 40 0.3636
789.0000 111 40 0.3604
794.0000 112 40 0.3571
797.0000 112 41 0.3661
799.0000 112 42 0.3750
800.0000 113 42 0.3717
801.0000 113 43 0.3805
804.0000 113 44 0.3894
807.0000 114 44 0.3860
811.0000 114 45 0.3947
814.0000 114 46 0.4035
815.0000 115 46 0.4000
821.0000 116 46 0.3966
822.0000 116 47 0.4052
826.0000 117 47 0.4017
826.0000 117 48 0.4103
834.0000 118 48 0.4068
839.0000 119 48 0.4034
840.0000 119 49 0.4118
842.0000 119 50 0.4202
844.0000 119 51 0.4286
848.0000 120 51 0.4250
853.0000 120 52 0.4333
854.0000 121 52 0.4298
863.0000 122 52 0.4262
871.0000 123 52 0.4228
875.0000 123 53 0.4309
877.0000 124 53 0.4274
882.0000 124 54 0.4355
883.0000 125 54 0.4320
890.0000 126 54 0.4286
896.0000 127 54 0.4252
902.0000 127 55 0.4331
903.0000 128 55 0.4297
908.0000 129 55 0.4264
914.0000 130 55 0.4231
918.0000 130 56 0.4308
921.0000 131 56 0.4275
927.0000 131 57 0.4351
929.0000 132 57 0.4318
934.0000 133 57 0.4286
941.0000 134 57 0.4254
944.0000 134 58 0.4328
944.0000 134 59 0.4403
948.0000 135 59 0.4370
952.0000 135 60 0.4444
955.0000 136 60 0.4412
962.0000 137 60 0.4380
963.0000 137 61 0.4453
963.0000 137 62 0.4526
968.0000 138 62 0.4493
974.0000 139 62 0.4460
978.0000 139 63 0.4532
979.0000 140 63 0.4500
983.0000 140 64 0.4571
988.0000 141 64 0.4539
993.0000 142 64 0.4507
998.0000 143 64 0.4476
1002.0000 143 65 0.4545
1003.0000 144 65 0.4514
1004.0000 144 66 0.4583
1004.0000 144 67 0.4653
1012.0000 145 67 0.4621
1019.0000 146 67 0.4589
1024.0000 146 68 0.4658
1025.0000 147 68 0.4626
1032.0000 148 68 0.4595
1040.0000 149 68 0.4564
1041.0000 149 69 0.4631
1047.0000 150 69 0.4600
1047.0000 150 70 0.4667
1049.0000 150 71 0.4733
1056.0000 151 71 0.4702
1060.0000 151 72 0.4768
1065.0000 152 72 0.4737
1074.0000 153 72 0.4706
1081.0000 154 72 0.4675
1082.0000 154 73 0.4740
1083.0000 154 74 0.4805
1087.0000 154 75 0.4870
1090.0000 155 75 0.4839
1096.0000 156 75 0.4808
1098.0000 156 76 0.4872
1101.0000 157 76 0.4841
1108.0000 158 76 0.4810
1110.0000 158 77 0.4873
1116.0000 159 77 0.4843
1116.0000 159 78 0.4906
1123.0000 160 78 0.4875
1128.0000 160 79 0.4938
1129.0000 161 79 0.4907
1136.0000 162 79 0.4877
1143.0000 163 79 0.4847
1152.0000 164 79 0.4817
1161.0000 165 79 0.4788
1170.0000 166 79 0.4759
1177.0000 167 79 0.4731
1177.0000 167 80 0.4790
1177.0000 167 81 0.4850
1182.0000 168 81 0.4821
1189.0000 169 81 0.4793
1190.0000 169 82 0.4852
1193.0000 169 83 0.4911
1193.0000 169 84 0.4970
1195.0000 170 84 0.4941
1200.0000 171 84 0.4912
1206.0000 172 84 0.4884
1215.0000 173 84 0.4855
1219.0000 173 85 0.4913
1223.0000 174 85 0.4885
1223.0000 174 86 0.4943
1225.0000 174 87 0.5000
1228.0000 175 87 0.4971
1232.0000 175 88 0.5029
1233.0000 176 88 0.5000
1237.0000 176 89 0.5057
1238.0000 176 90 0.5114
1239.0000 176 91 0.5170
1242.0000 177 91 0.5141
1245.0000 177 92 0.5198
1247.0000 178 92 0.5169
1253.0000 179 92 0.5140
1255.0000 179 93 0.5196
1256.0000 179 94 0.5251
1262.0000 180 94 0.5222
1264.0000 180 95 0.5278
1266.0000 180 96 0.5333
1267.0000 181 96 0.5304
1268.0000 181 97 0.5359
1271.0000 181 98 0.5414
1273.0000 182 98 0.5385
1281.0000 183 98 0.5355
1286.0000 183 99 0.5410
1288.0000 184 99 0.5380
1294.0000 185 99 0.5351
1300.0000 186 99 0.5323
1301.0000 186 100 0.5376
1307.0000 187 100 0.5348
1313.0000 188 100 0.5319
1316.0000 188 101 0.5372
1318.0000 188 102 0.5426
1319.0000 189 102 0.5397
1321.0000 189 103 0.5450
1327.0000 190 103 0.5421
1336.0000 191 103 0.5393
1344.0000 192 103 0.5365
1349.0000 193 103 0.5337
1355.0000 193 104 0.5389
1358.0000 194 104 0.5361
1363.0000 194 105 0.5412
1365.0000 194 106 0.5464
1366.0000 195 106 0.5436
1368.0000 195 107 0.5487
1371.0000 195 108 0.5538
1372.0000 196 108 0.5510
1373.0000 196 109 0.5561
1375.0000 196 110 0.5612
1377.0000 197 110 0.5584
1380.0000 197 111 0.5635
1381.0000 197 112 0.5685
1383.0000 198 112 0.5657
1384.0000 198 113 0.5707
1386.0000 198 114 0.5758
1389.0000 199 114 0.5729
1394.0000 200 114 0.5700
1401.0000 200 115 0.5750
1403.0000 201 115 0.5721
1407.0000 201 116 0.5771
1411.0000 202 116 0.5743
1420.0000 203 116 0.5714
1420.0000 203 117 0.5764
1422.0000 203 118 0.5813
1428.0000 204 118 0.5784
1431.0000 204 119 0.5833
1432.0000 204 120 0.5882
1437.0000 205 120 0.5854
1440.0000 205 121 0.5902
1444.0000 205 122 0.5951
1446.0000 206 122 0.5922
1448.0000 206 123 0.5971
1453.0000 206 124 0.6019
1455.0000 207 124 0.5990
1455.0000 207 125 0.6039
1464.0000 208 125 0.6010
1464.0000 208 126 0.6058
1466.0000 208 127 0.6106
1469.0000 209 127 0.6077
1476.0000 210 127 0.6048
1481.0000 210 128 0.6095
1485.0000 211 128 0.6066
1491.0000 211 129 0.6114
1492.0000 212 129 0.6085
1496.0000 212 130 0.6132
1498.0000 212 131 0.6179
1499.0000 213 131 0.6150
1503.0000 213 132 0.6197
1506.0000 214 132 0.6168
1508.0000 214 133 0.6215
1509.0000 214 134 0.6262
1515.0000 215 134 0.6233
1517.0000 215 135 0.6279
1521.0000 215 136 0.6326
1522.0000 216 136 0.6296
1531.0000 217 136 0.6267
1531.0000 217 137 0.6313
1537.0000 218 137 0.6284
1540.0000 218 138 0.6330
1545.0000 219 138 0.6301
1553.0000 220 138 0.6273
1559.0000 220 139 0.6318
1560.0000 221 139 0.6290
1568.0000 222 139 0.6261
1568.0000 222 140 0.6306
1575.0000 223 140 0.6278
1580.0000 224 140 0.6250
1586.0000 225 140 0.6222
1588.0000 225 141 0.6267
1590.0000 225 142 0.6311
1590.0000 225 143 0.6356
1592.0000 225 144 0.6400
1593.0000 226 144 0.6372
1599.0000 227 144 0.6344
1604.0000 227 145 0.6388
1606.0000 228 145 0.6360
1614.0000 229 145 0.6332
1617.0000 229 146 0.6376
1622.0000 230 146 0.6348
1628.0000 231 146 0.6320
1634.0000 232 146 0.6293
1635.0000 232 147 0.6336
1640.0000 232 148 0.6379
1642.0000 233 148 0.6352
1646.0000 233 149 0.6395
1650.0000 233 150 0.6438
1651.0000 234 150 0.6410
1656.0000 235 150 0.6383
1659.0000 235 151 0.6426
1664.0000 236 151 0.6398
1670.0000 237 151 0.6371
1675.0000 238 151 0.6345
1677.0000 238 152 0.6387
1681.0000 239 152 0.6360
1685.0000 239 153 0.6402
1686.0000 239 154 0.6444
1688.0000 240 154 0.6417
1697.0000 241 154 0.6390
1702.0000 241 155 0.6432
1702.0000 241 156 0.6473
1706.0000 242 156 0.6446
1706.0000 242 157 0.6488
1707.0000 242 158 0.6529
1711.0000 243 158 0.6502
1712.0000 243 159 0.6543
1715.0000 243 160 0.6584
1716.0000 244 160 0.6557
1722.0000 244 161 0.6598
1725.0000 245 161 0.6571
1728.0000 245 162 0.6612
1730.0000 246 162 0.6585
1735.0000 246 163 0.6626
1737.0000 247 163 0.6599
1737.0000 247 164 0.6640
1744.0000 248 164 0.6613
1749.0000 249 164 0.6586
1758.0000 250 164 0.6560
1759.0000 250 165 0.6600
1764.0000 251 165 0.6574
1771.0000 252 165 0.6548
1780.0000 253 165 0.6522
1787.0000 254 165 0.6496
1795.0000 255 165 0.6471
1800.0000 255 166 0.6510
1803.0000 256 166 0.6484
1809.0000 256 167 0.6523
1810.0000 257 167 0.6498
1817.0000 258 167 0.6473
1826.0000 259 167 0.6448
1835.0000 260 167 0.6423
1844.0000 261 167 0.6398
1850.0000 262 167 0.6374
1855.0000 262 168 0.6412
1859.0000 263 168 0.6388
1866.0000 264 168 0.6364
1870.0000 264 169 0.6402
1872.0000 264 170 0.6439
1875.0000 265 170 0.6415
1882.0000 266 170 0.6391
1887.0000 266 171 0.6429
1890.0000 267 171 0.6404
1896.0000 268 171 0.6381
1902.0000 269 171 0.6357
1910.0000 270 171 0.6333
1911.0000 270 172 0.6370
1912.0000 270 173 0.6407
1919.0000 271 173 0.6384
1926.0000 272 173 0.6360
1930.0000 272 174 0.6397
1932.0000 273 174 0.6374
1932.0000 273 175 0.6410
1938.0000 273 176 0.6447
1939.0000 274 176 0.6423
1946.0000 275 176 0.6400
1952.0000 276 176 0.6377
1958.0000 277 176 0.6354
1966.0000 278 176 0.6331
1969.0000 278 177 0.6367
1971.0000 279 177 0.6344
1976.0000 280 177 0.6321
1984.0000 281 177 0.6299
1990.0000 282 177 0.6277
1999.0000 283 177 0.6254
2004.0000 284 177 0.6232
2010.0000 285 177 0.6211
2018.0000 286 177 0.6189
2021.0000 286 178 0.6224
2024.0000 287 178 0.6202
2027.0000 287 179 0.6237
2031.0000 288 179 0.6215
2035.0000 288 180 0.6250
2039.0000 289 180 0.6228
2040.0000 289 181 0.6263
2042.0000 289 182 0.6298
2045.0000 290 182 0.6276
2053.0000 291 182 0.6254
2059.0000 292 182 0.6233
2059.0000 292 183 0.6267
2066.0000 293 183 0.6246
2068.0000 293 184 0.6280
2074.0000 294 184 0.6259
2074.0000 294 185 0.6293
2081.0000 294 186 0.6327
2083.0000 295 186 0.6305
2084.0000 295 187 0.6339
2089.0000 296 187 0.6318
2095.0000 296 188 0.6351
2097.0000 296 189 0.6385
2097.0000 296 190 0.6419
2098.0000 297 190 0.6397
2101.0000 297 191 0.6431
2102.0000 297 192 0.6465
2104.0000 297 193 0.6498
2107.0000 298 193 0.6477
2114.0000 299 193 0.6455
2119.0000 300 193 0.6433
2121.0000 300 194 0.6467
2123.0000 300 195 0.6500
2126.0000 300 196 0.6533
2127.0000 301 196 0.6512
2134.0000 301 197 0.6545
2135.0000 302 197 0.6523
2138.0000 302 198 0.6556
2144.0000 303 198 0.6535
2144.0000 303 199 0.6568
2149.0000 304 199 0.6546
2151.0000 304 200 0.6579
2156.0000 305 200 0.6557
2164.0000 306 200 0.6536
2165.0000 306 201 0.6569
2170.0000 307 201 0.6547
2177.0000 308 201 0.6526
2184.0000 309 201 0.6505
2186.0000 309 202 0.6537
2192.0000 310 202 0.6516
2193.0000 310 203 0.6548
2195.0000 310 204 0.6581
2198.0000 311 204 0.6559
2203.0000 312 204 0.6538
2210.0000 313 204 0.6518
2217.0000 314 204 0.6497
2223.0000 315 204 0.6476
2223.0000 315 205 0.6508
2228.0000 316 205 0.6487
2237.0000 317 205 0.6467
2237.0000 317 206 0.6498
2245.0000 318 206 0.6478
2253.0000 319 206 0.6458
2259.0000 320 206 0.6438
2259.0000 320 207 0.6469
2265.0000 321 207 0.6449
2273.0000 322 207 0.6429
2278.0000 323 207 0.6409
2285.0000 324 207 0.6389
2292.0000 325 207 0.6369
2296.0000 325 208 0.6400
2301.0000 326 208 0.6380
2307.0000 327 208 0.6361
2316.0000 328 208 0.6341
2323.0000 329 208 0.6322
2329.0000 330 208 0.6303
2334.0000 331 208 0.6284
2342.0000 332 208 0.6265
2350.0000 333 208 0.6246
2354.0000 333 209 0.6276
2357.0000 334 209 0.6257
2358.0000 334 210 0.6287
2363.0000 335 210 0.6269
2371.0000 335 211 0.6299
2372.0000 336 211 0.6280
2372.0000 336 212 0.6310
2378.0000 337 212 0.6291
2387.0000 338 212 0.6272
2391.0000 338 213 0.6302
2392.0000 339 213 0.6283
2401.0000 340 213 0.6265
2405.0000 340 214 0.6294
2409.0000 341 214 0.6276
2417.0000 342 214 0.6257
2422.0000 343 214 0.6239
2423.0000 343 215 0.6268
2424.0000 343 216 0.6297
2431.0000 344 216 0.6279
2439.0000 345 216 0.6261
2445.0000 346 216 0.6243
2448.0000 346 217 0.6272
2451.0000 347 217 0.6254
2451.0000 347 218 0.6282
2460.0000 348 218 0.6264
2461.0000 348 219 0.6293
2467.0000 349 219 0.6275
2469.0000 349 220 0.6304
2475.0000 350 220 0.6286
2481.0000 351 220 0.6268
2488.0000 352 220 0.6250
2497.0000 353 220 0.6232
2505.0000 354 220 0.6215
2510.0000 355 220 0.6197
2516.0000 356 220 0.6180
2525.0000 357 220 0.6162
2534.0000 358 220 0.6145
2540.0000 359 220 0.6128
2547.0000 360 220 0.6111
2552.0000 361 220 0.6094
2558.0000 361 221 0.6122
2560.0000 362 221 0.6105
2560.0000 362 222 0.6133
2561.0000 362 223 0.6160
2565.0000 362 224 0.6188
2568.0000 363 224 0.6171
2573.0000 364 224 0.6154
2575.0000 364 225 0.6181
2579.0000 365 225 0.6164
2585.0000 366 225 0.6148
2589.0000 366 226 0.6175
2592.0000 367 226 0.6158
2597.0000 367 227 0.6185
2598.0000 368 227 0.6168
2603.0000 369 227 0.6152
2605.0000 369 228 0.6179
2608.0000 370 228 0.6162
2614.0000 371 228 0.6146
2620.0000 372 228 0.6129
2626.0000 373 228 0.6113
2631.0000 374 228 0.6096
2638.0000 374 229 0.6123
2639.0000 375 229 0.6107
2644.0000 376 229 0.6090
2652.0000 377 229 0.6074
2657.0000 378 229 0.6058
2660.0000 378 230 0.6085
2665.0000 379 230 0.6069
2673.0000 380 230 0.6053
2681.0000 381 230 0.6037
2682.0000 381 231 0.6063
2685.0000 381 232 0.6089
2690.0000 382 232 0.6073
2694.0000 382 233 0.6099
2699.0000 383 233 0.6084
2708.0000 384 233 0.6068
2714.0000 385 233 0.6052
2722.0000 386 233 0.6036
2729.0000 387 233 0.6021
2734.0000 388 233 0.6005
2743.0000 389 233 0.5990
2748.0000 390 233 0.5974
2755.0000 390 234 0.6000
2757.0000 391 234 0.5985
2764.0000 392 234 0.5969
2770.0000 393 234 0.5954
2777.0000 394 234 0.5939
2780.0000 394 235 0.5964
2785.0000 395 235 0.5949
2790.0000 396 235 0.5934
2792.0000 396 236 0.5960
2797.0000 397 236 0.5945
2805.0000 398 236 0.5930
2813.0000 399 236 0.5915
2821.0000 400 236 0.5900
2829.0000 401 236 0.5885
2833.0000 401 237 0.5910
2834.0000 402 237 0.5896
2842.0000 403 237 0.5881
2847.0000 404 237 0.5866
2852.0000 405 237 0.5852
2856.0000 405 238 0.5877
2857.0000 406 238 0.5862
2858.0000 406 239 0.5887
2863.0000 407 239 0.5872
2872.0000 408 239 0.5858
2881.0000 409 239 0.5844
2887.0000 410 239 0.5829
2896.0000 411 239 0.5815
2904.0000 412 239 0.5801
2906.0000 412 240 0.5825
2909.0000 412 241 0.5850
2911.0000 413 241 0.5835
2916.0000 414 241 0.5821
2922.0000 415 241 0.5807
2925.0000 415 242 0.5831
2927.0000 416 242 0.5817
2929.0000 416 243 0.5841
2936.0000 417 243 0.5827
2942.0000 418 243 0.5813
2951.0000 419 243 0.5800
2956.0000 420 243 0.5786
2961.0000 421 243 0.5772
2970.0000 422 243 0.5758
2975.0000 423 243 0.5745
2979.0000 423 244 0.5768
2984.0000 424 244 0.5755
2991.0000 425 244 0.5741
2998.0000 425 245 0.5765
3000.0000 426 245 0.5751
3007.0000 426 246 0.5775
3008.0000 427 246 0.5761
3015.0000 427 247 0.5785
3017.0000 428 247 0.5771
3025.0000 429 247 0.5758
3025.0000 429 248 0.5781
3034.0000 430 248 0.5767
3040.0000 431 248 0.5754
3040.0000 431 249 0.5777
3046.0000 432 249 0.5764
3051.0000 433 249 0.5751
3060.0000 434 249 0.5737
3061.0000 434 250 0.5760
3067.0000 435 250 0.5747
3073.0000 436 250 0.5734
3080.0000 437 250 0.5721
3081.0000 437 251 0.5744
3085.0000 438 251 0.5731
3090.0000 438 252 0.5753
3091.0000 439 252 0.5740
3091.0000 439 253 0.5763
3097.0000 440 253 0.5750
3106.0000 441 253 0.5737
3114.0000 442 253 0.5724
3114.0000 442 254 0.5747
3116.0000 442 255 0.5769
3123.0000 443 255 0.5756
3130.0000 443 256 0.5779
3131.0000 444 256 0.5766
3138.0000 445 256 0.5753
3143.0000 445 257 0.5775
3144.0000 446 257 0.5762
3144.0000 446 258 0.5785
3151.0000 447 258 0.5772
3159.0000 448 258 0.5759
3165.0000 448 259 0.5781
3166.0000 449 259 0.5768
3175.0000 450 259 0.5756
3180.0000 450 260 0.5778
3184.0000 451 260 0.5765
3189.0000 452 260 0.5752
3197.0000 453 260 0.5740
3204.0000 454 260 0.5727
3211.0000 455 260 0.5714
3211.0000 455 261 0.5736
3218.0000 456 261 0.5724
3227.0000 457 261 0.5711
3236.0000 458 261 0.5699
3238.0000 458 262 0.5721
3242.0000 459 262 0.5708
3247.0000 459 263 0.5730
3251.0000 460 263 0.5717
3258.0000 461 263 0.5705
3263.0000 461 264 0.5727
3266.0000 462 264 0.5714
3269.0000 462 265 0.5736
3272.0000 462 266 0.5758
3274.0000 463 266 0.5745
3274.0000 463 267 0.5767
3277.0000 463 268 0.5788
3279.0000 463 269 0.5810
3282.0000 464 269 0.5797
3291.0000 465 269 0.5785
3298.0000 466 269 0.5773
3303.0000 467 269 0.5760
3309.0000 468 269 0.5748
3309.0000 468 270 0.5769
3318.0000 469 270 0.5757
3324.0000 470 270 0.5745
3330.0000 471 270 0.5732
3338.0000 472 270 0.5720
3344.0000 473 270 0.5708
3351.0000 474 270 0.5696
3356.0000 475 270 0.5684
3362.0000 476 270 0.5672
3371.0000 477 270 0.5660
3380.0000 478 270 0.5649
3380.0000 478 271 0.5669
3388.0000 479 271 0.5658
3395.0000 480 271 0.5646
3403.0000 481 271 0.5634
3409.0000 482 271 0.5622
3413.0000 482 272 0.5643
3417.0000 483 272 0.5631
3418.0000 483 273 0.5652
3424.0000 484 273 0.5640
3430.0000 485 273 0.5629
3439.0000 486 273 0.5617
3446.0000 487 273 0.5606
3453.0000 488 273 0.5594
3460.0000 489 273 0.5583
3467.0000 490 273 0.5571
3472.0000 491 273 0.5560
3477.0000 492 273 0.5549
3478.0000 492 274 0.5569
3484.0000 493 274 0.5558
3484.0000 493 275 0.5578
3492.0000 494 275 0.5567
3498.0000 494 276 0.5587
3500.0000 495 276 0.5576
3506.0000 496 276 0.5565
3512.0000 497 276 0.5553
3519.0000 498 276 0.5542
3525.0000 499 276 0.5531
3528.0000 499 277 0.5551
3531.0000 500 277 0.5540
3537.0000 501 277 0.5529
3546.0000 502 277 0.5518
3548.0000 502 278 0.5538
3555.0000 503 278 0.5527
3559.0000 503 279 0.5547
3561.0000 504 279 0.5536
3570.0000 505 279 0.5525
3578.0000 506 279 0.5514
3586.0000 507 279 0.5503
3593.0000 508 279 0.5492
3599.0000 509 279 0.5481
3608.0000 510 279 0.5471
3612.0000 510 280 0.5490
3613.0000 511 280 0.5479
3620.0000 512 280 0.5469
3623.0000 512 281 0.5488
3625.0000 513 281 0.5478
3630.0000 514 281 0.5467
3630.0000 514 282 0.5486
3635.0000 515 282 0.5476
3643.0000 516 282 0.5465
3652.0000 517 282 0.5455
3660.0000 518 282 0.5444
3666.0000 519 282 0.5434
3668.0000 519 283 0.5453
3669.0000 519 284 0.5472
3671.0000 520 284 0.5462
3671.0000 520 285 0.5481
3672.0000 520 286 0.5500
3679.0000 521 286 0.5489
3684.0000 522 286 0.5479
3691.0000 523 286 0.5468
3692.0000 523 287 0.5488
3697.0000 524 287 0.5477
3699.0000 524 288 0.5496
3700.0000 524 289 0.5515
3702.0000 525 289 0.5505
3708.0000 526 289 0.5494
3711.0000 526 290 0.5513
3712.0000 526 291 0.5532
3715.0000 526 292 0.5551
3717.0000 527 292 0.5541
3725.0000 528 292 0.5530
3730.0000 529 292 0.5520
3735.0000 529 293 0.5539
3737.0000 529 294 0.5558
3738.0000 529 295 0.5577
3739.0000 530 295 0.5566
3739.0000 530 296 0.5585
3741.0000 530 297 0.5604
3742.0000 530 298 0.5623
3743.0000 530 299 0.5642
3747.0000 531 299 0.5631
3751.0000 531 300 0.5650
3756.0000 532 300 0.5639
3764.0000 533 300 0.5629
3772.0000 534 300 0.5618
3774.0000 534 301 0.5637
3778.0000 534 302 0.5655
3780.0000 535 302 0.5645
3787.0000 536 302 0.5634
3796.0000 537 302 0.5624
3805.0000 538 302 0.5613
3812.0000 539 302 0.5603
3817.0000 540 302 0.5593
3826.0000 541 302 0.5582
3832.0000 541 303 0.5601
3833.0000 542 303 0.5590
3838.0000 543 303 0.5580
3845.0000 544 303 0.5570
3852.0000 545 303 0.5560
3853.0000 545 304 0.5578
3858.0000 546 304 0.5568
3863.0000 547 304 0.5558
3863.0000 547 305 0.5576
3872.0000 548 305 0.5566
3875.0000 548 306 0.5584
3880.0000 549 306 0.5574
3888.0000 550 306 0.5564
3893.0000 550 307 0.5582
3897.0000 551 307 0.5572
3903.0000 552 307 0.5562
3909.0000 553 307 0.5552
3914.0000 553 308 0.5570
3915.0000 554 308 0.5560
3922.0000 555 308 0.5550
3925.0000 555 309 0.5568
3927.0000 556 309 0.5558
3934.0000 557 309 0.5548
3942.0000 558 309 0.5538
3947.0000 559 309 0.5528
3954.0000 560 309 0.5518
3961.0000 560 310 0.5536
3963.0000 561 310 0.5526
3965.0000 561 311 0.5544
3965.0000 561 312 0.5561
3970.0000 562 312 0.5552
3970.0000 562 313 0.5569
3978.0000 563 313 0.5560
3978.0000 563 314 0.5577
3985.0000 564 314 0.5567
3990.0000 565 314 0.5558
3992.0000 565 315 0.5575
3997.0000 566 315 0.5565
4001.0000 566 316 0.5583
4002.0000 567 316 0.5573
4011.0000 568 316 0.5563
4017.0000 569 316 0.5554
4023.0000 570 316 0.5544
4030.0000 571 316 0.5534
4036.0000 571 317 0.5552
4038.0000 572 317 0.5542
4046.0000 573 317 0.5532
4046.0000 573 318 0.5550
4050.0000 573 319 0.5567
4052.0000 574 319 0.5557
4061.0000 575 319 0.5548
4067.0000 576 319 0.5538
4076.0000 577 319 0.5529
4083.0000 578 319 0.5519
4083.0000 578 320 0.5536
4084.0000 578 321 0.5554
4087.0000 578 322 0.5571
4091.0000 579 322 0.5561
4096.0000 580 322 0.5552
4099.0000 580 323 0.5569
4105.0000 581 323 0.5559
4113.0000 582 323 0.5550
4122.0000 583 323 0.5540
4127.0000 584 323 0.5531
4127.0000 584 324 0.5548
4135.0000 585 324 0.5538
4143.0000 586 324 0.5529
4143.0000 586 325 0.5546
4152.0000 587 325 0.5537
4157.0000 588 325 0.5527
4166.0000 589 325 0.5518
4169.0000 589 326 0.5535
4173.0000 589 327 0.5552
4174.0000 590 327 0.5542
4176.0000 590 328 0.5559
4181.0000 591 328 0.5550
4186.0000 592 328 0.5541
4192.0000 593 328 0.5531
4201.0000 594 328 0.5522
4208.0000 595 328 0.5513
4216.0000 596 328 0.5503
4217.0000 596 329 0.5520
4223.0000 597 329 0.5511
4228.0000 597 330 0.5528
4229.0000 598 330 0.5518
4235.0000 599 330 0.5509
4237.0000 599 331 0.5526
4241.0000 600 331 0.5517
4241.0000 600 332 0.5533
4250.0000 601 332 0.5524
4255.0000 602 332 0.5515
4256.0000 602 333 0.5532
4264.0000 603 333 0.5522
4272.0000 604 333 0.5513
4277.0000 605 333 0.5504
4286.0000 606 333 0.5495
4291.0000 607 333 0.5486
4292.0000 607 334 0.5502
4296.0000 608 334 0.5493
4302.0000 609 334 0.5484
4309.0000 610 334 0.5475
4314.0000 610 335 0.5492
4315.0000 611 335 0.5483
4320.0000 612 335 0.5474
4328.0000 612 336 0.5490
4329.0000 613 336 0.5481
4330.0000 613 337 0.5498
4335.0000 614 337 0.5489
4335.0000 614 338 0.5505
4341.0000 614 339 0.5521
4343.0000 615 339 0.5512
4348.0000 615 340 0.5528
4351.0000 616 340 0.5519
4356.0000 617 340 0.5511
4361.0000 618 340 0.5502
4368.0000 619 340 0.5493
4375.0000 620 340 0.5484
4381.0000 621 340 0.5475
4390.0000 622 340 0.5466
4391.0000 622 341 0.5482
4396.0000 623 341 0.5474
4397.0000 623 342 0.5490
4404.0000 624 342 0.5481
4408.0000 624 343 0.5497
4413.0000 625 343 0.5488
4417.0000 625 344 0.5504
4421.0000 626 344 0.5495
4426.0000 627 344 0.5486
4427.0000 627 345 0.5502
4431.0000 628 345 0.5494
4437.0000 629 345 0.5485
4443.0000 629 346 0.5501
4446.0000 630 346 0.5492
4449.0000 630 347 0.5508
4452.0000 631 347 0.5499
4458.0000 632 347 0.5491
4462.0000 632 348 0.5506
4465.0000 633 348 0.5498
4470.0000 633 349 0.5513
4471.0000 634 349 0.5505
4476.0000 635 349 0.5496
4482.0000 636 349 0.5487
4487.0000 637 349 0.5479
4494.0000 638 349 0.5470
4503.0000 639 349 0.5462
4511.0000 640 349 0.5453
4517.0000 641 349 0.5445
4525.0000 642 349 0.5436
4526.0000 642 350 0.5452
4530.0000 643 350 0.5443
4532.0000 643 351 0.5459
4534.0000 643 352 0.5474
4536.0000 644 352 0.5466
4545.0000 645 352 0.5457
4553.0000 646 352 0.5449
4553.0000 646 353 0.5464
4558.0000 647 353 0.5456
4567.0000 648 353 0.5448
4574.0000 649 353 0.5439
4575.0000 649 354 0.5455
4582.0000 650 354 0.5446
4583.0000 650 355 0.5462
4588.0000 651 355 0.5453
4594.0000 652 355 0.5445
4599.0000 653 355 0.5436
4607.0000 654 355 0.5428
4612.0000 655 355 0.5420
4621.0000 656 355 0.5412
4627.0000 657 355 0.5403
4634.0000 658 355 0.5395
4642.0000 659 355 0.5387
4648.0000 659 356 0.5402
4651.0000 660 356 0.5394
4657.0000 661 356 0.5386
4663.0000 662 356 0.5378
4669.0000 663 356 0.5370
4674.0000 663 357 0.5385
4678.0000 664 357 0.5377
4679.0000 664 358 0.5392
4684.0000 665 358 0.5383
4691.0000 666 358 0.5375
4697.0000 667 358 0.5367
4704.0000 667 359 0.5382
4706.0000 668 359 0.5374
4712.0000 669 359 0.5366
4720.0000 670 359 0.5358
4723.0000 670 360 0.5373
4727.0000 670 361 0.5388
4728.0000 671 361 0.5380
4737.0000 672 361 0.5372
4740.0000 672 362 0.5387
4744.0000 673 362 0.5379
4752.0000 674 362 0.5371
4757.0000 675 362 0.5363
4758.0000 675 363 0.5378
4766.0000 676 363 0.5370
4772.0000 677 363 0.5362
4781.0000 678 363 0.5354
4786.0000 679 363 0.5346
4792.0000 680 363 0.5338
4799.0000 681 363 0.5330
4802.0000 681 364 0.5345
4804.0000 682 364 0.5337
4809.0000 683 364 0.5329
4815.0000 684 364 0.5322
4822.0000 685 364 0.5314
4831.0000 686 364 0.5306
4838.0000 686 365 0.5321
4839.0000 687 365 0.5313
4845.0000 688 365 0.5305
4854.0000 689 365 0.5298
4862.0000 690 365 0.5290
4865.0000 690 366 0.5304
4867.0000 691 366 0.5297
4874.0000 692 366 0.5289
4880.0000 692 367 0.5303
4881.0000 693 367 0.5296
4888.0000 693 368 0.5310
4890.0000 694 368 0.5303
4896.0000 695 368 0.5295
4902.0000 696 368 0.5287
4908.0000 697 368 0.5280
4917.0000 698 368 0.5272
4923.0000 699 368 0.5265
4928.0000 700 368 0.5257
4937.0000 701 368 0.5250
4945.0000 702 368 0.5242
4950.0000 703 368 0.5235
4953.0000 703 369 0.5249
4959.0000 704 369 0.5241
4964.0000 705 369 0.5234
4970.0000 706 369 0.5227
4978.0000 707 369 0.5219
4983.0000 708 369 0.5212
4985.0000 708 370 0.5226
4986.0000 708 371 0.5240
4988.0000 709 371 0.5233
4997.0000 710 371 0.5225
5004.0000 711 371 0.5218
5013.0000 712 371 0.5211
5019.0000 713 371 0.5203
5026.0000 713 372 0.5217
5028.0000 714 372 0.5210
5030.0000 714 373 0.5224
5036.0000 715 373 0.5217
5036.0000 715 374 0.5231
5044.0000 716 374 0.5223
5044.0000 716 375 0.5237
5044.0000 716 376 0.5251
5053.0000 717 376 0.5244
5058.0000 718 376 0.5237
5060.0000 718 377 0.5251
5064.0000 718 378 0.5265
5064.0000 718 379 0.5279
5067.0000 719 379 0.5271
5073.0000 720 379 0.5264
5081.0000 721 379 0.5257
5086.0000 722 379 0.5249
5093.0000 723 379 0.5242
5098.0000 723 380 0.5256
5099.0000 724 380 0.5249
5108.0000 725 380 0.5241
5112.0000 725 381 0.5255
5116.0000 726 381 0.5248
5117.0000 726 382 0.5262
5124.0000 727 382 0.5254
5133.0000 728 382 0.5247
5133.0000 728 383 0.5261
5134.0000 728 384 0.5275
5142.0000 729 384 0.5267
5147.0000 730 384 0.5260
5152.0000 730 385 0.5274
5153.0000 730 386 0.5288
5154.0000 730 387 0.5301
5155.0000 731 387 0.5294
5161.0000 732 387 0.5287
5166.0000 733 387 0.5280
5175.0000 734 387 0.5272
5180.0000 735 387 0.5265
5186.0000 736 387 0.5258
5195.0000 737 387 0.5251
5201.0000 737 388 0.5265
5202.0000 738 388 0.5257
5209.0000 739 388 0.5250
5213.0000 739 389 0.5264
5218.0000 740 389 0.5257
5224.0000 741 389 0.5250
5232.0000 742 389 0.5243
5233.0000 742 390 0.5256
5233.0000 742 391 0.5270
5239.0000 743 391 0.5262
5244.0000 744 391 0.5255
5250.0000 745 391 0.5248
5256.0000 746 391 0.5241
5264.0000 747 391 0.5234
5272.0000 747 392 0.5248
5273.0000 748 392 0.5241
5282.0000 749 392 0.5234
5282.0000 749 393 0.5247
5290.0000 750 393 0.5240
5298.0000 751 393 0.5233
5298.0000 751 394 0.5246
5305.0000 752 394 0.5239
5312.0000 753 394 0.5232
5320.0000 754 394 0.5225
5328.0000 755 394 0.5219
5335.0000 756 394 0.5212
5338.0000 756 395 0.5225
5340.0000 756 396 0.5238
5344.0000 757 396 0.5231
5351.0000 757 397 0.5244
5352.0000 758 397 0.5237
5359.0000 759 397 0.5231
5366.0000 760 397 0.5224
5372.0000 761 397 0.5217
5378.0000 761 398 0.5230
5379.0000 762 398 0.5223
5384.0000 763 398 0.5216
5389.0000 764 398 0.5209
5393.0000 764 399 0.5223
5395.0000 765 399 0.5216
5402.0000 766 399 0.5209
5411.0000 767 399 0.5202
5417.0000 768 399 0.5195
5423.0000 769 399 0.5189
5429.0000 770 399 0.5182
5438.0000 771 399 0.5175
5444.0000 772 399 0.5168
5452.0000 773 399 0.5162
5457.0000 774 399 0.5155
5466.0000 775 399 0.5148
5472.0000 776 399 0.5142
5480.0000 777 399 0.5135
5489.0000 778 399 0.5129
5495.0000 778 400 0.5141
5497.0000 779 400 0.5135
5504.0000 780 400 0.5128
5505.0000 780 401 0.5141
5511.0000 781 401 0.5134
5518.0000 782 401 0.5128
5523.0000 783 401 0.5121
5530.0000 784 401 0.5115
5537.0000 785 401 0.5108
5546.0000 786 401 0.5102
5555.0000 787 401 0.5095
5561.0000 787 402 0.5108
5564.0000 788 402 0.5102
5573.0000 789 402 0.5095
5581.0000 790 402 0.5089
5585.0000 790 403 0.5101
5589.0000 790 404 0.5114
5590.0000 791 404 0.5107
5595.0000 792 404 0.5101
5603.0000 793 404 0.5095
5606.0000 793 405 0.5107
5610.0000 794 405 0.5101
5618.0000 795 405 0.5094
5624.0000 796 405 0.5088
5627.0000 796 406 0.5101
5633.0000 797 406 0.5094
5638.0000 798 406 0.5088
5646.0000 799 406 0.5081
5652.0000 799 407 0.5094
5654.0000 800 407 0.5088
5663.0000 801 407 0.5081
5668.0000 802 407 0.5075
5670.0000 802 408 0.5087
5677.0000 803 408 0.5081
5685.0000 804 408 0.5075
5694.0000 805 408 0.5068
5700.0000 806 408 0.5062
5706.0000 807 408 0.5056
5712.0000 807 409 0.5068
5715.0000 808 409 0.5062
5720.0000 809 409 0.5056
5728.0000 810 409 0.5049
5735.0000 811 409 0.5043
5742.0000 812 409 0.5037
5748.0000 813 409 0.5031
5750.0000 813 410 0.5043
5754.0000 814 410 0.5037
5759.0000 815 410 0.5031
5766.0000 816 410 0.5025
5772.0000 817 410 0.5018
5780.0000 818 410 0.5012
5787.0000 819 410 0.5006
5792.0000 820 410 0.5000
5799.0000 821 410 0.4994
5808.0000 822 410 0.4988
5816.0000 823 410 0.4982
5825.0000 824 410 0.4976
5827.0000 824 411 0.4988
5833.0000 825 411 0.4982
5835.0000 825 412 0.4994
5837.0000 825 413 0.5006
5839.0000 826 413 0.5000
5844.0000 827 413 0.4994
5852.0000 828 413 0.4988
5855.0000 828 414 0.5000
5860.0000 829 414 0.4994
5865.0000 829 415 0.5006
5867.0000 830 415 0.5000
5876.0000 831 415 0.4994
5884.0000 832 415 0.4988
5892.0000 833 415 0.4982
5892.0000 833 416 0.4994
5901.0000 834 416 0.4988
5907.0000 834 417 0.5000
5910.0000 835 417 0.4994
5919.0000 836 417 0.4988
5924.0000 837 417 0.4982
5932.0000 838 417 0.4976
5939.0000 839 417 0.4970
5946.0000 840 417 0.4964
5950.0000 840 418 0.4976
5951.0000 841 418 0.4970
5955.0000 841 419 0.4982
5959.0000 842 419 0.4976
5968.0000 843 419 0.4970
5974.0000 844 419 0.4964
5982.0000 845 419 0.4959
5989.0000 846 419 0.4953
5992.0000 846 420 0.4965
5995.0000 847 420 0.4959
6000.0000 848 420 0.4953
6008.0000 849 420 0.4947
6015.0000 850 420 0.4941
6023.0000 851 420 0.4935
6030.0000 852 420 0.4930
6035.0000 853 420 0.4924
6041.0000 854 420 0.4918
6047.0000 855 420 0.4912
6050.0000 855 421 0.4924
6051.0000 855 422 0.4936
6054.0000 856 422 0.4930
6061.0000 857 422 0.4924
6068.0000 858 422 0.4918
6077.0000 859 422 0.4913
6085.0000 860 422 0.4907
6087.0000 860 423 0.4919
6094.0000 861 423 0.4913
6103.0000 862 423 0.4907
6110.0000 863 423 0.4902
6116.0000 864 423 0.4896
6116.0000 864 424 0.4907
6123.0000 865 424 0.4902
6126.0000 865 425 0.4913
6127.0000 865 426 0.4925
6129.0000 866 426 0.4919
6132.0000 866 427 0.4931
6137.0000 867 427 0.4925
6142.0000 867 428 0.4937
6142.0000 867 429 0.4948
6146.0000 868 429 0.4942
6155.0000 869 429 0.4937
6156.0000 869 430 0.4948
6161.0000 870 430 0.4943
6169.0000 871 430 0.4937
6175.0000 872 430 0.4931
6183.0000 873 430 0.4926
6190.0000 874 430 0.4920
6199.0000 875 430 0.4914
6205.0000 876 430 0.4909
6211.0000 877 430 0.4903
6216.0000 878 430 0.4897
6217.0000 878 431 0.4909
6221.0000 879 431 0.4903
6228.0000 880 431 0.4898
6233.0000 881 431 0.4892
6237.0000 881 432 0.4904
6242.0000 882 432 0.4898
6251.0000 883 432 0.4892
6257.0000 884 432 0.4887
6262.0000 885 432 0.4881
6269.0000 886 432 0.4876
6272.0000 886 433 0.4887
6276.0000 887 433 0.4882
6284.0000 888 433 0.4876
6289.0000 889 433 0.4871
6297.0000 890 433 0.4865
6306.0000 891 433 0.4860
6314.0000 892 433 0.4854
6323.0000 893 433 0.4849
6328.0000 894 433 0.4843
6334.0000 895 433 0.4838
6340.0000 896 433 0.4833
6345.0000 896 434 0.4844
6349.0000 897 434 0.4838
6349.0000 897 435 0.4849
6350.0000 897 436 0.4861
6358.0000 898 436 0.4855
6366.0000 899 436 0.4850
6373.0000 900 436 0.4844
6378.0000 901 436 0.4839
6384.0000 901 437 0.4850
6386.0000 902 437 0.4845
6391.0000 902 438 0.4856
6395.0000 903 438 0.4850
6400.0000 904 438 0.4845
6405.0000 905 438 0.4840
6412.0000 906 438 0.4834
6418.0000 907 438 0.4829
6426.0000 908 438 0.4824
6433.0000 909 438 0.4818
6440.0000 910 438 0.4813
6443.0000 910 439 0.4824
6448.0000 911 439 0.4819
6456.0000 912 439 0.4814
6457.0000 912 440 0.4825
6461.0000 913 440 0.4819
6467.0000 914 440 0.4814
6474.0000 914 441 0.4825
6476.0000 915 441 0.4820
6483.0000 916 441 0.4814
6489.0000 917 441 0.4809
6497.0000 917 442 0.4820
6498.0000 918 442 0.4815
6506.0000 919 442 0.4810
6511.0000 920 442 0.4804
6517.0000 920 443 0.4815
6520.0000 921 443 0.4810
6526.0000 922 443 0.4805
6533.0000 923 443 0.4800
6538.0000 924 443 0.4794
6539.0000 924 444 0.4805
6543.0000 924 445 0.4816
6545.0000 925 445 0.4811
6554.0000 926 445 0.4806
6561.0000 927 445 0.4800
6561.0000 927 446 0.4811
6568.0000 927 447 0.4822
6569.0000 928 447 0.4817
6577.0000 929 447 0.4812
6583.0000 930 447 0.4806
6591.0000 931 447 0.4801
6600.0000 932 447 0.4796
6605.0000 933 447 0.4791
6613.0000 934 447 0.4786
6621.0000 935 447 0.4781
6623.0000 935 448 0.4791
6627.0000 936 448 0.4786
6627.0000 936 449 0.4797
6633.0000 937 449 0.4792
6635.0000 937 450 0.4803
6638.0000 938 450 0.4797
6643.0000 939 450 0.4792
6648.0000 940 450 0.4787
6657.0000 941 450 0.4782
6662.0000 942 450 0.4777
6669.0000 943 450 0.4772
6676.0000 944 450 0.4767
6685.0000 945 450 0.4762
6692.0000 946 450 0.4757
6692.0000 946 451 0.4767
6693.0000 946 452 0.4778
6694.0000 946 453 0.4789
6699.0000 947 453 0.4784
6700.0000 947 454 0.4794
6705.0000 947 455 0.4805
6706.0000 948 455 0.4800
6711.0000 949 455 0.4795
6717.0000 950 455 0.4789
6722.0000 951 455 0.4784
6730.0000 952 455 0.4779
6736.0000 952 456 0.4790
6739.0000 953 456 0.4785
6745.0000 954 456 0.4780
6747.0000 954 457 0.4790
6753.0000 955 457 0.4785
6762.0000 956 457 0.4780
6769.0000 956 458 0.4791
6771.0000 957 458 0.4786
6778.0000 957 459 0.4796
6780.0000 958 459 0.4791
6780.0000 958 460 0.4802
6786.0000 959 460 0.4797
6792.0000 959 461 0.4807
6795.0000 960 461 0.4802
6804.0000 961 461 0.4797
6809.0000 962 461 0.4792
6816.0000 963 461 0.4787
6817.0000 963 462 0.4798
6823.0000 964 462 0.4793
6830.0000 965 462 0.4788
6838.0000 966 462 0.4783
6844.0000 967 462 0.4778
6850.0000 968 462 0.4773
6858.0000 969 462 0.4768
6861.0000 969 463 0.4778
6864.0000 970 463 0.4773
6871.0000 971 463 0.4768
6874.0000 971 464 0.4779
6878.0000 972 464 0.4774
6885.0000 973 464 0.4769
6890.0000 974 464 0.4764
6896.0000 975 464 0.4759
6901.0000 976 464 0.4754
6907.0000 976 465 0.4764
6909.0000 977 465 0.4759
6914.0000 977 466 0.4770
6918.0000 978 466 0.4765
6921.0000 978 467 0.4775
6927.0000 979 467 0.4770
6928.0000 979 468 0.4780
6934.0000 980 468 0.4776
6941.0000 981 468 0.4771
6948.0000 982 468 0.4766
6949.0000 982 469 0.4776
6957.0000 983 469 0.4771
6964.0000 984 469 0.4766
6972.0000 985 469 0.4761
6977.0000 986 469 0.4757
6982.0000 987 469 0.4752
6988.0000 988 469 0.4747
6990.0000 988 470 0.4757
6996.0000 989 470 0.4752
7005.0000 990 470 0.4747
7011.0000 991 470 0.4743
7020.0000 992 470 0.4738
7027.0000 993 470 0.4733
7034.0000 994 470 0.4728
7042.0000 995 470 0.4724
7048.0000 996 470 0.4719
7048.0000 996 471 0.4729
7055.0000 997 471 0.4724
7061.0000 997 472 0.4734
7063.0000 997 473 0.4744
7064.0000 998 473 0.4739
7071.0000 999 473 0.4735
7076.0000 1000 473 0.4730
7079.0000 1000 474 0.4740
7082.0000 1001 474 0.4735
7089.0000 1001 475 0.4745
7090.0000 1002 475 0.4741
7097.0000 1003 475 0.4736
7102.0000 1004 475 0.4731
7109.0000 1005 475 0.4726
7112.0000 1005 476 0.4736
7115.0000 1005 477 0.4746
7118.0000 1006 477 0.4742
7122.0000 1006 478 0.4751
7124.0000 1007 478 0.4747
7125.0000 1007 479 0.4757
7130.0000 1008 479 0.4752
7136.0000 1008 480 0.4762
7139.0000 1009 480 0.4757
7139.0000 1009 481 0.4767
7144.0000 1010 481 0.4762
7153.0000 1011 481 0.4758
7154.0000 1011 482 0.4768
7160.0000 1012 482 0.4763
7167.0000 1013 482 0.4758
7176.0000 1014 482 0.4753
7183.0000 1015 482 0.4749
7189.0000 1016 482 0.4744
7198.0000 1017 482 0.4739
7205.0000 1018 482 0.4735
7211.0000 1019 482 0.4730
7217.0000 1020 482 0.4725
7222.0000 1021 482 0.4721
7229.0000 1022 482 0.4716
7232.0000 1022 483 0.4726
7237.0000 1023 483 0.4721
7244.0000 1024 483 0.4717
7248.0000 1024 484 0.4727
7253.0000 1025 484 0.4722
7260.0000 1026 484 0.4717
7265.0000 1026 485 0.4727
7268.0000 1027 485 0.4722
7272.0000 1027 486 0.4732
7275.0000 1028 486 0.4728
7284.0000 1029 486 0.4723
7292.0000 1030 486 0.4718
7292.0000 1030 487 0.4728
7297.0000 1031 487 0.4724
7299.0000 1031 488 0.4733
7305.0000 1032 488 0.4729
7311.0000 1033 488 0.4724
7318.0000 1034 488 0.4720
7327.0000 1035 488 0.4715
7334.0000 1036 488 0.4710
7341.0000 1037 488 0.4706
7350.0000 1038 488 0.4701
7356.0000 1038 489 0.4711
7359.0000 1039 489 0.4706
7361.0000 1039 490 0.4716
7363.0000 1039 491 0.4726
7365.0000 1040 491 0.4721
7373.0000 1041 491 0.4717
7378.0000 1042 491 0.4712
7378.0000 1042 492 0.4722
7383.0000 1043 492 0.4717
7390.0000 1043 493 0.4727
7392.0000 1044 493 0.4722
7395.0000 1044 494 0.4732
7397.0000 1045 494 0.4727
7404.0000 1046 494 0.4723
7411.0000 1047 494 0.4718
7418.0000 1048 494 0.4714
7424.0000 1049 494 0.4709
7430.0000 1050 494 0.4705
7436.0000 1051 494 0.4700
7441.0000 1052 494 0.4696
7448.0000 1053 494 0.4691
7457.0000 1054 494 0.4687
7465.0000 1055 494 0.4682
7465.0000 1055 495 0.4692
7474.0000 1056 495 0.4688
7482.0000 1057 495 0.4683
7486.0000 1057 496 0.4693
7487.0000 1058 496 0.4688
7493.0000 1059 496 0.4684
7502.0000 1060 496 0.4679
7507.0000 1061 496 0.4675
7513.0000 1062 496 0.4670
7519.0000 1063 496 0.4666
7525.0000 1064 496 0.4662
7534.0000 1065 496 0.4657
7535.0000 1065 497 0.4667
7537.0000 1065 498 0.4676
7542.0000 1066 498 0.4672
7550.0000 1067 498 0.4667
7556.0000 1068 498 0.4663
7559.0000 1068 499 0.4672
7562.0000 1069 499 0.4668
7570.0000 1070 499 0.4664
7576.0000 1071 499 0.4659
7576.0000 1071 500 0.4669
7585.0000 1072 500 0.4664
7594.0000 1073 500 0.4660
7602.0000 1074 500 0.4655
7609.0000 1075 500 0.4651
7615.0000 1075 501 0.4660
7617.0000 1076 501 0.4656
7625.0000 1077 501 0.4652
7630.0000 1078 501 0.4647
7635.0000 1079 501 0.4643
7638.0000 1079 502 0.4652
7644.0000 1080 502 0.4648
7652.0000 1081 502 0.4644
7657.0000 1082 502 0.4640
7662.0000 1083 502 0.4635
7667.0000 1084 502 0.4631
7667.0000 1084 503 0.4640
7672.0000 1085 503 0.4636
7678.0000 1085 504 0.4645
7680.0000 1086 504 0.4641
7688.0000 1087 504 0.4637
7697.0000 1088 504 0.4632
7706.0000 1089 504 0.4628
7713.0000 1090 504 0.4624
7721.0000 1091 504 0.4620
7729.0000 1092 504 0.4615
7738.0000 1093 504 0.4611
7743.0000 1094 504 0.4607
7748.0000 1095 504 0.4603
7753.0000 1096 504 0.4599
7758.0000 1096 505 0.4608
7762.0000 1097 505 0.4603
7770.0000 1098 505 0.4599
7776.0000 1099 505 0.4595
7780.0000 1099 506 0.4604
7785.0000 1100 506 0.4600
7791.0000 1101 506 0.4596
7796.0000 1102 506 0.4592
7797.0000 1102 507 0.4601
7804.0000 1103 507 0.4597
7811.0000 1104 507 0.4592
7814.0000 1104 508 0.4601
7820.0000 1105 508 0.4597
7826.0000 1106 508 0.4593
7832.0000 1107 508 0.4589
7839.0000 1108 508 0.4585
7845.0000 1109 508 0.4581
7854.0000 1110 508 0.4577
7863.0000 1111 508 0.4572
7870.0000 1112 508 0.4568
7870.0000 1112 509 0.4577
7877.0000 1113 509 0.4573
7884.0000 1114 509 0.4569
7884.0000 1114 510 0.4578
7891.0000 1115 510 0.4574
7897.0000 1116 510 0.4570
7902.0000 1117 510 0.4566
7910.0000 1118 510 0.4562
7918.0000 1119 510 0.4558
7918.0000 1119 511 0.4567
7923.0000 1120 511 0.4563
7928.0000 1121 511 0.4558
7934.0000 1122 511 0.4554
7939.0000 1123 511 0.4550
7944.0000 1124 511 0.4546
7950.0000 1125 511 0.4542
7958.0000 1126 511 0.4538
7960.0000 1126 512 0.4547
7963.0000 1126 513 0.4556
7966.0000 1127 513 0.4552
7973.0000 1128 513 0.4548
7980.0000 1129 513 0.4544
7987.0000 1130 513 0.4540
7995.0000 1130 514 0.4549
7996.0000 1131 514 0.4545
8005.0000 1132 514 0.4541
8011.0000 1133 514 0.4537
8017.0000 1133 515 0.4545
8018.0000 1134 515 0.4541
8026.0000 1135 515 0.4537
8031.0000 1135 516 0.4546
8035.0000 1136 516 0.4542
8040.0000 1137 516 0.4538
8045.0000 1138 516 0.4534
8052.0000 1139 516 0.4530
8057.0000 1140 516 0.4526
8063.0000 1141 516 0.4522
8069.0000 1142 516 0.4518
8074.0000 1143 516 0.4514
8079.0000 1144 516 0.4510
8084.0000 1145 516 0.4507
8090.0000 1145 517 0.4515
8090.0000 1145 518 0.4524
8092.0000 1146 518 0.4520
8101.0000 1147 518 0.4516
8110.0000 1148 518 0.4512
8117.0000 1149 518 0.4508
8121.0000 1149 519 0.4517
8124.0000 1150 519 0.4513
8133.0000 1151 519 0.4509
8138.0000 1152 519 0.4505
8144.0000 1153 519 0.4501
8144.0000 1153 520 0.4510
8147.0000 1153 521 0.4519
8153.0000 1154 521 0.4515
8162.0000 1155 521 0.4511
8167.0000 1155 522 0.4519
8169.0000 1156 522 0.4516
8178.0000 1157 522 0.4512
8184.0000 1158 522 0.4508
8191.0000 1159 522 0.4504
8199.0000 1160 522 0.4500
8203.0000 1160 523 0.4509
8203.0000 1160 524 0.4517
8204.0000 1161 524 0.4513
8212.0000 1162 524 0.4509
8218.0000 1163 524 0.4506
8223.0000 1164 524 0.4502
8231.0000 1165 524 0.4498
8236.0000 1165 525 0.4506
8239.0000 1166 525 0.4503
8247.0000 1167 525 0.4499
8256.0000 1168 525 0.4495
8264.0000 1169 525 0.4491
8264.0000 1169 526 0.4500
8269.0000 1169 527 0.4508
8272.0000 1170 527 0.4504
8279.0000 1171 527 0.4500
8287.0000 1172 527 0.4497
8293.0000 1173 527 0.4493
8293.0000 1173 528 0.4501
8302.0000 1174 528 0.4497
8307.0000 1174 529 0.4506
8308.0000 1175 529 0.4502
8314.0000 1175 530 0.4511
8317.0000 1176 530 0.4507
8318.0000 1176 531 0.4515
8322.0000 1176 532 0.4524
8325.0000 1177 532 0.4520
8332.0000 1178 532 0.4516
8340.0000 1179 532 0.4512
8345.0000 1180 532 0.4508
8349.0000 1180 533 0.4517
8354.0000 1181 533 0.4513
8355.0000 1181 534 0.4522
8359.0000 1182 534 0.4518
8366.0000 1183 534 0.4514
8374.0000 1184 534 0.4510
8382.0000 1185 534 0.4506
8382.0000 1185 535 0.4515
8384.0000 1185 536 0.4523
8390.0000 1186 536 0.4519
8397.0000 1187 536 0.4516
8403.0000 1188 536 0.4512
8408.0000 1188 537 0.4520
8410.0000 1189 537 0.4516
8410.0000 1189 538 0.4525
8416.0000 1190 538 0.4521
8421.0000 1191 538 0.4517
8426.0000 1192 538 0.4513
8435.0000 1193 538 0.4510
8438.0000 1193 539 0.4518
8441.0000 1194 539 0.4514
8447.0000 1195 539 0.4510
8454.0000 1195 540 0.4519
8455.0000 1196 540 0.4515
8464.0000 1197 540 0.4511
8467.0000 1197 541 0.4520
8472.0000 1198 541 0.4516
8481.0000 1199 541 0.4512
8488.0000 1200 541 0.4508
8497.0000 1201 541 0.4505
8506.0000 1202 541 0.4501
8509.0000 1202 542 0.4509
8511.0000 1203 542 0.4505
8516.0000 1204 542 0.4502
8524.0000 1205 542 0.4498
8524.0000 1205 543 0.4506
8527.0000 1205 544 0.4515
8529.0000 1205 545 0.4523
8530.0000 1206 545 0.4519
8535.0000 1207 545 0.4515
8543.0000 1207 546 0.4524
8544.0000 1208 546 0.4520
8549.0000 1209 546 0.4516
8556.0000 1210 546 0.4512
8561.0000 1211 546 0.4509
8569.0000 1212 546 0.4505
8569.0000 1212 547 0.4513
8578.0000 1213 547 0.4509
8585.0000 1214 547 0.4506
8593.0000 1215 547 0.4502
8599.0000 1216 547 0.4498
8607.0000 1216 548 0.4507
8608.0000 1217 548 0.4503
8617.0000 1218 548 0.4499
8619.0000 1218 549 0.4507
8622.0000 1219 549 0.4504
8623.0000 1219 550 0.4512
8631.0000 1220 550 0.4508
8640.0000 1221 550 0.4505
8647.0000 1222 550 0.4501
8647.0000 1222 551 0.4509
8654.0000 1223 551 0.4505
8659.0000 1224 551 0.4502
8663.0000 1224 552 0.4510
8665.0000 1225 552 0.4506
8672.0000 1226 552 0.4502
8679.0000 1227 552 0.4499
8686.0000 1228 552 0.4495
8690.0000 1228 553 0.4503
8693.0000 1229 553 0.4500
8701.0000 1230 553 0.4496
8706.0000 1231 553 0.4492
8712.0000 1232 553 0.4489
8719.0000 1233 553 0.4485
8724.0000 1234 553 0.4481
8724.0000 1234 554 0.4489
8729.0000 1235 554 0.4486
8734.0000 1235 555 0.4494
8735.0000 1236 555 0.4490
8743.0000 1237 555 0.4487
8749.0000 1238 555 0.4483
8749.0000 1238 556 0.4491
8757.0000 1239 556 0.4487
8762.0000 1239 557 0.4496
8763.0000 1240 557 0.4492
8772.0000 1241 557 0.4488
8776.0000 1241 558 0.4496
8778.0000 1242 558 0.4493
8783.0000 1242 559 0.4501
8784.0000 1243 559 0.4497
8790.0000 1244 559 0.4494
8793.0000 1244 560 0.4502
8798.0000 1245 560 0.4498
8798.0000 1245 561 0.4506
8804.0000 1246 561 0.4502
8812.0000 1247 561 0.4499
8820.0000 1248 561 0.4495
8825.0000 1249 561 0.4492
8832.0000 1250 561 0.4488
8836.0000 1250 562 0.4496
8837.0000 1251 562 0.4492
8846.0000 1252 562 0.4489
8851.0000 1253 562 0.4485
8855.0000 1253 563 0.4493
8860.0000 1254 563 0.4490
8865.0000 1255 563 0.4486
8870.0000 1256 563 0.4482
8876.0000 1256 564 0.4490
8878.0000 1257 564 0.4487
8885.0000 1258 564 0.4483
8892.0000 1259 564 0.4480
8900.0000 1260 564 0.4476
8909.0000 1261 564 0.4473
8915.0000 1261 565 0.4481
8917.0000 1261 566 0.4489
8918.0000 1262 566 0.4485
8925.0000 1263 566 0.4481
8931.0000 1264 566 0.4478
8935.0000 1264 567 0.4486
8939.0000 1265 567 0.4482
8940.0000 1265 568 0.4490
8944.0000 1266 568 0.4487
8953.0000 1267 568 0.4483
8957.0000 1267 569 0.4491
8959.0000 1268 569 0.4487
8967.0000 1269 569 0.4484
8975.0000 1270 569 0.4480
8975.0000 1270 570 0.4488
8977.0000 1270 571 0.4496
8981.0000 1271 571 0.4493
8984.0000 1271 572 0.4500
8990.0000 1272 572 0.4497
8999.0000 1273 572 0.4493
9006.0000 1274 572 0.4490
9011.0000 1274 573 0.4498
9015.0000 1275 573 0.4494
9021.0000 1276 573 0.4491
9028.0000 1277 573 0.4487
9028.0000 1277 574 0.4495
9029.0000 1277 575 0.4503
9036.0000 1278 575 0.4499
9043.0000 1279 575 0.4496
9052.0000 1280 575 0.4492
9054.0000 1280 576 0.4500
9060.0000 1281 576 0.4496
9066.0000 1282 576 0.4493
9074.0000 1283 576 0.4489
9078.0000 1283 577 0.4497
9081.0000 1284 577 0.4494
9084.0000 1284 578 0.4502
9086.0000 1285 578 0.4498
9088.0000 1285 579 0.4506
9093.0000 1286 579 0.4502
9100.0000 1287 579 0.4499
9101.0000 1287 580 0.4507
9107.0000 1288 580 0.4503
9114.0000 1289 580 0.4500
9119.0000 1290 580 0.4496
9127.0000 1291 580 0.4493
9134.0000 1292 580 0.4489
9140.0000 1293 580 0.4486
9147.0000 1294 580 0.4482
9151.0000 1294 581 0.4490
9153.0000 1295 581 0.4486
9158.0000 1296 581 0.4483
9167.0000 1297 581 0.4480
9174.0000 1297 582 0.4487
9176.0000 1298 582 0.4484
9185.0000 1299 582 0.4480
9191.0000 1300 582 0.4477
9192.0000 1300 583 0.4485
9200.0000 1301 583 0.4481
9208.0000 1302 583 0.4478
9208.0000 1302 584 0.4485
9216.0000 1303 584 0.4482
9216.0000 1303 585 0.4490
9217.0000 1303 586 0.4497
9218.0000 1303 587 0.4505
9223.0000 1304 587 0.4502
9229.0000 1305 587 0.4498
9238.0000 1306 587 0.4495
9245.0000 1307 587 0.4491
9253.0000 1308 587 0.4488
9260.0000 1309 587 0.4484
9268.0000 1310 587 0.4481
9268.0000 1310 588 0.4489
9275.0000 1311 588 0.4485
9279.0000 1311 589 0.4493
9283.0000 1312 589 0.4489
9289.0000 1313 589 0.4486
9295.0000 1314 589 0.4482
9300.0000 1315 589 0.4479
9307.0000 1316 589 0.4476
9316.0000 1317 589 0.4472
9321.0000 1317 590 0.4480
9323.0000 1317 591 0.4487
9324.0000 1318 591 0.4484
9330.0000 1319 591 0.4481
9338.0000 1320 591 0.4477
9347.0000 1321 591 0.4474
9355.0000 1322 591 0.4470
9362.0000 1323 591 0.4467
9362.0000 1323 592 0.4475
9369.0000 1324 592 0.4471
9375.0000 1324 593 0.4479
9377.0000 1324 594 0.4486
9378.0000 1325 594 0.4483
9382.0000 1325 595 0.4491
9384.0000 1326 595 0.4487
9390.0000 1327 595 0.4484
9390.0000 1327 596 0.4491
9397.0000 1328 596 0.4488
9398.0000 1328 597 0.4495
9405.0000 1329 597 0.4492
9412.0000 1330 597 0.4489
9416.0000 1330 598 0.4496
9418.0000 1331 598 0.4493
9424.0000 1332 598 0.4489
9430.0000 1333 598 0.4486
9438.0000 1334 598 0.4483
9443.0000 1335 598 0.4479
9449.0000 1336 598 0.4476
9458.0000 1337 598 0.4473
9465.0000 1338 598 0.4469
9468.0000 1338 599 0.4477
9473.0000 1339 599 0.4473
9478.0000 1340 599 0.4470
9487.0000 1341 599 0.4467
9493.0000 1342 599 0.4463
9502.0000 1343 599 0.4460
9507.0000 1344 599 0.4457
9510.0000 1344 600 0.4464
9514.0000 1345 600 0.4461
9515.0000 1345 601 0.4468
9519.0000 1346 601 0.4465
9528.0000 1347 601 0.4462
9530.0000 1347 602 0.4469
9534.0000 1348 602 0.4466
9539.0000 1349 602 0.4463
9547.0000 1350 602 0.4459
9554.0000 1351 602 0.4456
9563.0000 1352 602 0.4453
9572.0000 1353 602 0.4449
9577.0000 1354 602 0.4446
9585.0000 1355 602 0.4443
9593.0000 1356 602 0.4440
9602.0000 1357 602 0.4436
9607.0000 1358 602 0.4433
9616.0000 1359 602 0.4430
9625.0000 1360 602 0.4426
9632.0000 1361 602 0.4423
9641.0000 1362 602 0.4420
9648.0000 1363 602 0.4417
9657.0000 1364 602 0.4413
9666.0000 1365 602 0.4410
9671.0000 1366 602 0.4407
9677.0000 1367 602 0.4404
9686.0000 1368 602 0.4401
9694.0000 1369 602 0.4397
9700.0000 1369 603 0.4405
9702.0000 1370 603 0.4401
9709.0000 1371 603 0.4398
9716.0000 1371 604 0.4406
9717.0000 1372 604 0.4402
9726.0000 1373 604 0.4399
9730.0000 1373 605 0.4406
9732.0000 1374 605 0.4403
9740.0000 1375 605 0.4400
9748.0000 1375 606 0.4407
9749.0000 1376 606 0.4404
9756.0000 1377 606 0.4401
9757.0000 1377 607 0.4408
9762.0000 1378 607 0.4405
9768.0000 1379 607 0.4402
9775.0000 1380 607 0.4399
9781.0000 1381 607 0.4395
9786.0000 1381 608 0.4403
9787.0000 1382 608 0.4399
9795.0000 1382 609 0.4407
9796.0000 1383 609 0.4403
9804.0000 1384 609 0.4400
9812.0000 1385 609 0.4397
9813.0000 1385 610 0.4404
9821.0000 1386 610 0.4401
9830.0000 1387 610 0.4398
9838.0000 1388 610 0.4395
9838.0000 1388 611 0.4402
9843.0000 1389 611 0.4399
9845.0000 1389 612 0.4406
9849.0000 1390 612 0.4403
9853.0000 1390 613 0.4410
9857.0000 1391 613 0.4407
9864.0000 1392 613 0.4404
9871.0000 1393 613 0.4401
9873.0000 1393 614 0.4408
9877.0000 1394 614 0.4405
9877.0000 1394 615 0.4412
9879.0000 1394 616 0.4419
9882.0000 1395 616 0.4416
9883.0000 1395 617 0.4423
9890.0000 1396 617 0.4420
9899.0000 1397 617 0.4417
9908.0000 1398 617 0.4413
9908.0000 1398 618 0.4421
9913.0000 1399 618 0.4417
9918.0000 1399 619 0.4425
9921.0000 1400 619 0.4421
9928.0000 1401 619 0.4418
9935.0000 1402 619 0.4415
9942.0000 1403 619 0.4412
9949.0000 1404 619 0.4409
9957.0000 1405 619 0.4406
9964.0000 1406 619 0.4403
9970.0000 1407 619 0.4399
9978.0000 1408 619 0.4396
9984.0000 1409 619 0.4393
9985.0000 1409 620 0.4400
9991.0000 1410 620 0.4397
9998.0000 1411 620 0.4394
