# Scenario da2_epidemic
# distance at msg send, delivery time, hop count, MSG_ID
43.5523 1.0000 1 M12
101.7647 85.0000 4 M6
230.8805 14.0000 1 M22
1.9657 1.0000 1 M26
101.4562 20.0000 5 M25
211.3722 11.0000 6 M31
350.0777 53.0000 4 M28
282.8726 38.0000 3 M35
274.1445 179.0000 2 M15
369.3343 163.0000 2 M20
186.2468 210.0000 4 M16
140.0809 261.0000 3 M13
272.7154 354.0000 5 M3
493.7789 399.0000 6 M1
171.6993 102.0000 4 M43
66.7195 5.0000 3 M60
216.8735 185.0000 4 M37
281.4473 13.0000 3 M62
70.0031 22.0000 2 M65
293.7744 209.0000 5 M40
316.0716 374.0000 3 M17
249.3785 354.0000 4 M24
299.8346 335.0000 2 M27
150.6845 114.0000 3 M59
330.5456 404.0000 11 M18
214.0168 307.0000 8 M33
231.2829 202.0000 4 M50
29.8161 1.0000 1 M80
53.4334 2.0000 2 M82
216.6734 469.0000 7 M19
394.5811 326.0000 4 M41
280.7793 90.0000 3 M79
72.3044 6.0000 2 M90
149.0709 25.0000 4 M88
385.0708 628.0000 9 M5
127.6976 569.0000 2 M14
510.3749 181.0000 5 M70
474.7254 345.0000 2 M47
206.9917 206.0000 5 M68
376.7660 293.0000 4 M57
512.2855 154.0000 4 M77
555.9671 388.0000 8 M44
561.6234 212.0000 4 M69
350.0309 241.0000 3 M66
776.0012 504.0000 7 M30
596.4131 433.0000 10 M39
373.8700 651.0000 7 M8
438.4279 644.0000 7 M9
203.3015 326.0000 7 M55
117.3508 55.0000 2 M92
356.9096 197.0000 5 M74
261.4848 134.0000 3 M84
194.9640 375.0000 2 M53
572.9417 415.0000 8 M49
395.8026 611.0000 4 M21
209.7115 404.0000 4 M56
351.0246 634.0000 7 M23
284.9636 498.0000 4 M42
397.3981 751.0000 1 M7
112.3025 157.0000 5 M91
327.4486 347.0000 6 M67
140.9055 482.0000 5 M48
594.4050 750.0000 11 M10
166.0134 215.0000 2 M86
396.9540 514.0000 10 M46
85.5728 117.0000 2 M101
257.0202 761.0000 3 M11
342.9391 363.0000 6 M71
193.9447 114.0000 3 M105
311.3657 517.0000 7 M51
198.8988 164.0000 2 M103
180.3140 872.0000 3 M4
104.2110 54.0000 1 M122
273.0906 39.0000 1 M129
246.9571 180.0000 1 M108
168.1586 286.0000 2 M94
754.5075 552.0000 6 M61
311.9276 275.0000 4 M99
320.0449 157.0000 2 M121
416.4302 342.0000 5 M95
458.5401 291.0000 5 M104
485.4688 152.0000 4 M128
261.8291 526.0000 1 M76
255.5067 113.0000 3 M137
48.7124 1.0000 1 M154
275.0950 597.0000 4 M73
628.8108 663.0000 6 M64
99.5089 23.0000 1 M155
332.4136 359.0000 4 M107
129.7199 332.0000 3 M111
352.4277 429.0000 5 M98
576.8309 800.0000 8 M52
232.7752 604.0000 8 M81
39.7313 3.0000 1 M167
307.7532 603.0000 8 M83
170.2097 273.0000 3 M138
214.8935 398.0000 2 M120
575.2835 738.0000 7 M75
178.6095 457.0000 2 M114
69.7966 717.0000 2 M78
55.1960 3.0000 1 M181
200.5747 53.0000 1 M176
246.9467 30.0000 1 M180
28.6580 321.0000 7 M140
147.8204 173.0000 2 M161
92.2838 238.0000 2 M152
316.0090 108.0000 3 M173
371.7244 384.0000 6 M135
360.2795 485.0000 6 M125
98.9767 151.0000 2 M175
506.8388 1128.0000 9 M38
3.9244 26.0000 2 M197
215.6022 1040.0000 4 M54
273.8319 1187.0000 5 M34
394.6089 1122.0000 8 M45
179.6725 39.0000 1 M205
9.5979 34.0000 2 M206
112.6866 119.0000 2 M195
126.5953 241.0000 3 M178
235.0056 101.0000 1 M199
321.4900 16.0000 1 M211
287.6223 527.0000 6 M144
422.9027 807.0000 11 M102
170.7809 370.0000 4 M168
420.1918 542.0000 7 M145
461.9632 1543.0000 4 M2
179.3543 408.0000 5 M164
126.6407 36.0000 1 M217
255.6132 381.0000 4 M170
241.5481 148.0000 1 M207
509.8821 663.0000 8 M134
237.7552 177.0000 2 M204
637.0811 1432.0000 11 M29
312.0307 50.0000 1 M227
321.8478 877.0000 4 M109
199.6743 1083.0000 8 M85
192.0962 174.0000 4 M215
222.0418 711.0000 4 M141
264.6469 557.0000 5 M163
635.8351 1324.0000 10 M58
79.1977 376.0000 5 M194
193.1722 730.0000 6 M147
37.4106 40.0000 1 M245
135.2666 340.0000 5 M208
509.9637 1009.0000 6 M115
326.2359 1417.0000 8 M63
258.2918 372.0000 4 M213
295.8361 226.0000 1 M235
87.7969 20.0000 1 M264
209.9788 345.0000 3 M223
154.1504 276.0000 2 M234
361.5241 353.0000 2 M225
422.8052 124.0000 3 M258
181.0672 466.0000 2 M210
42.8959 459.0000 4 M214
348.0030 648.0000 6 M189
395.5088 88.0000 1 M267
284.7728 766.0000 6 M177
236.3065 375.0000 4 M232
164.7091 101.0000 1 M271
223.8528 224.0000 3 M260
2.1561 152.0000 1 M270
190.3352 111.0000 2 M280
37.8651 1.0000 1 M297
237.0125 421.0000 2 M239
473.1839 711.0000 8 M200
743.5056 1886.0000 13 M32
135.8306 150.0000 2 M278
147.4979 782.0000 4 M192
218.9576 533.0000 7 M226
169.5282 68.0000 1 M293
104.1354 82.0000 1 M291
162.4350 724.0000 8 M202
27.4184 34.0000 1 M299
20.2086 1.0000 1 M304
292.4572 271.0000 2 M266
128.7948 206.0000 3 M279
239.4039 84.0000 1 M298
234.0720 504.0000 6 M241
167.8294 192.0000 2 M285
187.2402 13.0000 1 M315
100.7318 68.0000 1 M309
144.8050 892.0000 8 M203
90.2456 51.0000 1 M332
424.6174 675.0000 6 M247
76.4414 280.0000 5 M302
464.1420 1421.0000 12 M143
184.6254 264.0000 2 M305
181.6574 50.0000 1 M336
24.7596 1.0000 1 M343
101.5886 103.0000 3 M329
243.3031 38.0000 1 M341
349.9655 1648.0000 15 M113
12.2093 257.0000 2 M310
123.9494 283.0000 3 M307
106.3251 84.0000 2 M339
381.3233 1576.0000 17 M131
142.4611 147.0000 1 M351
26.8722 1.0000 1 M378
528.2434 81.0000 2 M367
74.9126 721.0000 6 M281
87.4842 86.0000 1 M373
188.9471 915.0000 5 M256
553.7387 44.0000 2 M384
108.9845 274.0000 3 M356
164.1627 549.0000 4 M319
264.0557 199.0000 1 M369
826.6780 1931.0000 17 M126
20.1107 1.0000 1 M405
347.6454 182.0000 1 M380
294.3819 427.0000 3 M349
134.8751 394.0000 1 M355
465.8508 128.0000 3 M395
336.5710 163.0000 1 M392
313.0394 390.0000 4 M359
327.2208 253.0000 2 M381
339.7756 134.0000 2 M403
321.7212 493.0000 2 M353
117.3952 56.0000 2 M421
48.6902 18.0000 1 M427
185.7187 198.0000 1 M407
335.1917 661.0000 6 M340
102.5351 115.0000 1 M419
114.2506 35.0000 2 M432
115.8488 66.0000 1 M430
171.6533 2323.0000 18 M112
183.5285 465.0000 3 M377
311.7350 873.0000 7 M318
138.9148 44.0000 1 M437
483.6969 1283.0000 9 M268
608.3410 1734.0000 14 M209
52.9224 22.0000 1 M451
266.4541 245.0000 2 M428
105.4446 28.0000 1 M460
136.9701 290.0000 4 M425
141.4904 229.0000 5 M434
237.9373 263.0000 2 M433
78.2525 41.0000 1 M464
199.9706 229.0000 2 M442
312.2968 465.0000 8 M411
168.3445 134.0000 3 M459
148.4740 92.0000 2 M466
142.0945 244.0000 3 M448
176.7583 249.0000 3 M450
240.5468 560.0000 4 M408
600.7115 982.0000 12 M348
359.1592 1256.0000 9 M323
28.4476 1.0000 1 M502
162.4637 82.0000 2 M491
192.9305 76.0000 1 M499
233.1418 13.0000 1 M508
248.7333 1029.0000 12 M370
262.2064 157.0000 4 M495
34.9556 1.0000 1 M519
118.7439 159.0000 1 M497
307.5729 107.0000 3 M505
75.3204 366.0000 3 M469
427.3024 1857.0000 15 M261
186.7383 212.0000 2 M494
176.5429 91.0000 2 M511
145.0233 90.0000 2 M513
310.3083 243.0000 1 M493
269.5995 16.0000 1 M528
296.0809 150.0000 1 M509
223.4248 123.0000 1 M515
268.9529 2095.0000 20 M236
336.9504 229.0000 1 M504
43.0941 1.0000 1 M548
279.0668 502.0000 6 M481
147.7812 803.0000 8 M441
487.3387 1715.0000 16 M314
298.2924 2653.0000 17 M183
153.6666 173.0000 1 M534
138.3943 143.0000 1 M540
224.9970 176.0000 1 M536
160.1644 252.0000 1 M527
81.4215 282.0000 4 M526
224.0792 101.0000 2 M551
177.1662 61.0000 1 M558
5.6812 55.0000 1 M560
7.5619 1.0000 1 M574
180.9291 155.0000 2 M552
182.7756 262.0000 2 M538
79.7117 655.0000 6 M485
119.0779 550.0000 6 M503
354.7387 293.0000 2 M541
140.2190 674.0000 3 M487
57.2635 8.0000 2 M583
421.1074 949.0000 11 M453
180.1846 55.0000 2 M587
233.4059 301.0000 3 M556
95.4708 10.0000 1 M598
236.6880 71.0000 3 M590
250.3767 397.0000 4 M546
97.7896 752.0000 3 M496
349.5078 198.0000 3 M575
142.3534 222.0000 2 M573
140.9947 122.0000 2 M589
91.2010 23.0000 1 M605
288.0639 1670.0000 15 M374
482.0649 1122.0000 12 M455
382.4605 2797.0000 23 M218
200.4004 23.0000 1 M611
179.1166 610.0000 6 M532
322.1513 711.0000 6 M521
121.6400 1002.0000 9 M479
151.8540 110.0000 1 M609
6.1709 168.0000 2 M601
138.9845 48.0000 1 M620
18.5036 46.0000 1 M621
178.2499 192.0000 1 M599
47.1158 2.0000 1 M628
564.3445 436.0000 3 M566
11.1552 1.0000 1 M630
76.8223 105.0000 2 M616
225.8215 360.0000 4 M582
40.9595 69.0000 1 M625
160.7807 418.0000 1 M576
435.5198 2253.0000 20 M317
245.3368 1876.0000 15 M371
230.4960 1529.0000 8 M424
439.3412 1969.0000 11 M362
350.5400 2906.0000 28 M231
280.9715 109.0000 1 M629
164.9284 111.0000 2 M632
203.7565 2098.0000 14 M350
500.3945 3619.0000 29 M136
171.0963 129.0000 3 M634
66.8819 89.0000 1 M640
381.2956 573.0000 8 M577
77.2652 52.0000 1 M656
284.4460 214.0000 1 M635
105.3065 128.0000 2 M648
19.6672 193.0000 2 M641
373.8695 1623.0000 15 M439
108.9530 70.0000 2 M662
320.7224 1340.0000 11 M480
211.6445 234.0000 2 M639
257.1871 1921.0000 16 M400
297.9905 90.0000 2 M664
292.9252 779.0000 10 M565
8.6381 292.0000 3 M637
228.4574 524.0000 3 M607
29.0714 202.0000 3 M657
252.7090 180.0000 5 M661
328.6009 210.0000 2 M658
135.8786 266.0000 2 M652
95.5487 180.0000 1 M665
406.8058 132.0000 1 M672
49.0654 487.0000 6 M623
52.5961 41.0000 1 M690
95.4813 144.0000 2 M684
223.8610 91.0000 3 M694
535.7480 78.0000 2 M701
40.4185 1.0000 1 M714
202.0739 345.0000 6 M667
31.5946 1.0000 1 M718
509.0445 1710.0000 11 M475
241.1200 981.0000 9 M580
198.3956 2433.0000 11 M376
216.8303 2912.0000 24 M308
393.4238 1760.0000 24 M474
401.1958 421.0000 2 M670
526.7796 475.0000 6 M669
288.8440 138.0000 2 M717
398.4243 25.0000 1 M736
323.9612 552.0000 4 M666
122.8880 367.0000 3 M697
57.2591 74.0000 1 M738
500.4689 1336.0000 10 M561
547.5436 707.0000 6 M653
206.5472 195.0000 1 M730
383.3188 3159.0000 23 M311
205.0832 362.0000 1 M712
204.0650 587.0000 5 M691
323.2351 945.0000 12 M643
69.0628 52.0000 2 M774
348.9971 282.0000 4 M742
239.2935 627.0000 1 M696
29.3985 1.0000 1 M790
131.3319 822.0000 8 M676
238.3605 62.0000 2 M789
79.4480 74.0000 1 M792
376.2594 3001.0000 22 M383
224.0176 89.0000 1 M799
98.3050 109.0000 2 M804
358.5659 80.0000 2 M808
281.1495 1204.0000 12 M655
574.7751 1552.0000 16 M608
41.7037 1.0000 1 M828
192.5715 345.0000 4 M781
29.0441 1.0000 1 M829
248.6972 1786.0000 16 M579
186.2043 179.0000 1 M806
251.8027 1512.0000 14 M619
152.1243 266.0000 3 M798
127.1329 441.0000 3 M778
31.0668 1.0000 1 M841
105.1386 79.0000 1 M833
118.4242 87.0000 1 M839
303.0190 781.0000 10 M747
211.2596 207.0000 3 M826
54.0962 82.0000 1 M844
312.8075 340.0000 3 M809
334.5133 1120.0000 10 M704
7.9632 5.0000 1 M859
423.7903 4079.0000 26 M284
344.0412 919.0000 7 M735
183.4754 266.0000 2 M825
113.8629 81.0000 2 M851
358.8857 356.0000 3 M817
271.0839 117.0000 2 M852
233.9439 70.0000 1 M860
264.0737 545.0000 2 M795
254.9885 338.0000 6 M831
353.7639 1151.0000 10 M724
170.8345 1014.0000 9 M751
314.5413 642.0000 5 M803
175.8662 185.0000 1 M868
222.1296 450.0000 6 M835
513.4354 76.0000 3 M891
119.1203 215.0000 2 M872
320.6247 339.0000 4 M856
203.9641 102.0000 1 M900
119.5773 10.0000 1 M916
121.8231 239.0000 2 M888
130.9901 609.0000 4 M842
279.4433 284.0000 2 M889
269.3730 1442.0000 11 M728
89.2730 36.0000 1 M925
48.7302 58.0000 1 M923
106.6587 529.0000 3 M861
228.6505 118.0000 1 M919
134.7100 43.0000 1 M930
387.9797 1758.0000 11 M695
267.2773 211.0000 5 M913
396.8492 1267.0000 10 M767
325.9623 1360.0000 8 M754
174.8419 563.0000 6 M866
103.6671 330.0000 1 M905
349.1592 273.0000 1 M915
306.3029 1492.0000 9 M749
3.1735 308.0000 3 M914
267.4947 114.0000 1 M942
527.5954 71.0000 3 M949
48.2170 29.0000 1 M956
367.0496 1193.0000 13 M793
159.7456 64.0000 3 M953
132.1637 148.0000 2 M946
256.6386 214.0000 2 M943
251.0718 520.0000 4 M899
64.0791 795.0000 3 M864
437.1496 2462.0000 24 M631
536.2398 2420.0000 14 M649
166.1705 497.0000 4 M922
20.7780 37.0000 2 M989
243.2125 110.0000 1 M979
139.8694 751.0000 7 M890
355.6413 329.0000 6 M951
180.1815 37.0000 1 M992
154.9251 126.0000 2 M983
198.7914 309.0000 3 M962
86.4774 121.0000 3 M990
247.7060 375.0000 4 M961
436.5538 1873.0000 17 M760
143.5024 845.0000 8 M903
355.4611 276.0000 3 M985
492.2876 801.0000 3 M911
454.6364 1026.0000 8 M883
18.7320 19.0000 2 M1027
374.9915 234.0000 1 M997
499.7788 456.0000 4 M966
18.2290 2.0000 1 M1040
152.4520 2139.0000 13 M744
264.0652 2347.0000 19 M720
216.4277 296.0000 4 M1007
53.2167 96.0000 2 M1038
192.7922 33.0000 1 M1048
184.6226 126.0000 1 M1039
244.8332 464.0000 3 M994
65.3454 223.0000 1 M1030
17.1601 1.0000 1 M1068
249.2053 731.0000 7 M967
293.6003 921.0000 8 M941
474.4062 596.0000 3 M988
509.7400 2254.0000 13 M759
108.8758 94.0000 2 M1067
404.7633 1462.0000 12 M876
222.2136 124.0000 2 M1072
103.3643 19.0000 1 M1093
280.9976 1318.0000 11 M910
169.5232 606.0000 6 M1011
525.2584 3803.0000 29 M562
49.0966 11.0000 2 M1099
173.5490 1027.0000 8 M965
297.5906 159.0000 3 M1089
468.8481 3800.0000 27 M578
146.6699 827.0000 6 M998
54.7377 12.0000 1 M1116
167.7331 279.0000 1 M1080
99.0620 18.0000 1 M1124
167.7048 851.0000 10 M1006
636.7619 724.0000 7 M1025
224.5765 2507.0000 19 M777
212.3390 1308.0000 11 M945
153.0122 265.0000 1 M1096
340.5520 2649.0000 18 M762
438.1356 55.0000 2 M1129
648.1345 2414.0000 16 M797
277.3974 866.0000 4 M1015
290.8674 236.0000 4 M1109
191.5544 460.0000 6 M1078
402.4867 442.0000 3 M1084
339.6527 4501.0000 21 M512
623.9674 565.0000 4 M1069
105.3005 126.0000 2 M1135
158.4286 154.0000 1 M1133
331.3859 126.0000 2 M1147
74.5483 319.0000 3 M1121
449.5011 179.0000 2 M1145
694.4249 2122.0000 14 M870
60.5617 139.0000 1 M1157
463.7317 1220.0000 9 M1004
309.0886 280.0000 1 M1142
63.5453 15.0000 1 M1180
380.1801 2863.0000 30 M783
333.7326 27.0000 2 M1184
82.2102 1770.0000 20 M937
167.0146 217.0000 3 M1161
223.4068 1180.0000 10 M1024
188.9813 70.0000 1 M1181
43.1057 1.0000 1 M1197
251.2608 460.0000 5 M1134
28.9775 1.0000 1 M1202
82.3979 294.0000 1 M1165
102.6519 233.0000 3 M1173
81.4547 131.0000 1 M1189
242.2792 105.0000 2 M1196
383.4701 2768.0000 18 M821
246.4967 557.0000 4 M1150
204.7021 1833.0000 13 M972
267.7438 250.0000 1 M1198
223.9778 2341.0000 20 M902
172.9952 139.0000 4 M1219
170.0481 69.0000 1 M1229
360.0304 383.0000 5 M1185
164.7136 59.0000 1 M1233
81.3183 39.0000 1 M1237
194.9968 168.0000 3 M1222
197.7591 172.0000 1 M1225
240.6035 265.0000 3 M1216
315.6510 1778.0000 16 M1002
249.4456 1831.0000 18 M999
168.2886 210.0000 2 M1232
201.0882 114.0000 1 M1249
148.1640 399.0000 3 M1209
297.2243 345.0000 3 M1220
92.3300 196.0000 1 M1246
241.9790 589.0000 2 M1191
210.1491 1566.0000 10 M1059
375.6063 138.0000 2 M1265
315.8846 248.0000 2 M1250
33.3925 37.0000 1 M1280
314.6610 174.0000 1 M1263
169.8427 57.0000 2 M1279
243.0961 686.0000 6 M1190
78.3198 30.0000 2 M1288
272.8632 1105.0000 12 M1139
73.2678 172.0000 3 M1275
210.6565 352.0000 2 M1254
93.4614 60.0000 1 M1295
159.9772 169.0000 3 M1286
165.0465 100.0000 1 M1297
251.9535 226.0000 2 M1287
198.2347 435.0000 4 M1259
179.0882 209.0000 2 M1293
308.6083 152.0000 3 M1304
462.6623 115.0000 1 M1313
207.8989 120.0000 3 M1316
343.0374 3212.0000 27 M878
180.8726 885.0000 7 M1208
69.8577 99.0000 1 M1321
121.7763 100.0000 1 M1329
197.9248 254.0000 1 M1326
289.9318 1179.0000 11 M1199
202.3513 205.0000 3 M1343
591.1547 5968.0000 49 M530
164.9264 531.0000 4 M1298
47.4343 21.0000 1 M1368
114.1756 189.0000 1 M1351
240.3841 362.0000 4 M1327
343.8930 134.0000 4 M1362
361.0520 26.0000 1 M1379
89.6323 656.0000 6 M1301
110.7880 62.0000 1 M1384
153.0210 287.0000 2 M1357
378.6355 2621.0000 20 M1028
169.7989 380.0000 2 M1346
218.1569 569.0000 6 M1324
313.8808 1000.0000 7 M1267
280.9643 2123.0000 21 M1107
212.6973 342.0000 4 M1359
480.3199 172.0000 1 M1385
530.8091 -1.0000 -1 M87
491.9995 -1.0000 -1 M89
417.8256 -1.0000 -1 M93
684.6804 -1.0000 -1 M97
365.1460 -1.0000 -1 M96
465.6859 -1.0000 -1 M811
483.6477 -1.0000 -1 M810
257.0220 -1.0000 -1 M815
529.1293 -1.0000 -1 M814
483.6176 -1.0000 -1 M813
498.1121 -1.0000 -1 M812
389.3185 -1.0000 -1 M819
320.7592 -1.0000 -1 M818
380.9012 -1.0000 -1 M816
297.0237 -1.0000 -1 M800
373.6221 -1.0000 -1 M802
408.3213 -1.0000 -1 M801
233.1599 -1.0000 -1 M807
345.5605 -1.0000 -1 M805
601.5156 -1.0000 -1 M832
472.0293 -1.0000 -1 M830
151.4286 -1.0000 -1 M837
247.5081 -1.0000 -1 M836
492.9171 -1.0000 -1 M834
255.5059 -1.0000 -1 M838
391.3491 -1.0000 -1 M1305
253.1032 -1.0000 -1 M1306
300.1963 -1.0000 -1 M1307
252.3838 -1.0000 -1 M1308
305.9664 -1.0000 -1 M1302
495.0958 -1.0000 -1 M1303
219.6083 -1.0000 -1 M822
317.8922 -1.0000 -1 M820
134.0423 -1.0000 -1 M1309
315.3700 -1.0000 -1 M824
236.1485 -1.0000 -1 M823
172.0450 -1.0000 -1 M827
141.4914 -1.0000 -1 M1300
365.2775 -1.0000 -1 M850
311.6986 -1.0000 -1 M613
188.2289 -1.0000 -1 M855
405.6775 -1.0000 -1 M612
275.3331 -1.0000 -1 M854
342.5176 -1.0000 -1 M853
272.8193 -1.0000 -1 M610
169.8953 -1.0000 -1 M617
273.1444 -1.0000 -1 M858
201.5455 -1.0000 -1 M615
230.3629 -1.0000 -1 M857
232.4432 -1.0000 -1 M614
230.7905 -1.0000 -1 M618
135.8702 -1.0000 -1 M840
223.2442 -1.0000 -1 M602
241.7649 -1.0000 -1 M843
242.6711 -1.0000 -1 M600
508.9224 -1.0000 -1 M606
471.3119 -1.0000 -1 M848
620.4327 -1.0000 -1 M847
187.6606 -1.0000 -1 M604
440.8163 -1.0000 -1 M846
188.8497 -1.0000 -1 M603
279.8569 -1.0000 -1 M845
283.0421 -1.0000 -1 M849
200.8124 -1.0000 -1 M1338
264.8235 -1.0000 -1 M1339
391.0785 -1.0000 -1 M873
144.8021 -1.0000 -1 M1334
303.9934 -1.0000 -1 M1335
351.9907 -1.0000 -1 M871
266.2786 -1.0000 -1 M1336
172.3572 -1.0000 -1 M1337
181.1457 -1.0000 -1 M877
213.6636 -1.0000 -1 M633
661.5350 -1.0000 -1 M875
74.8856 -1.0000 -1 M874
570.1547 -1.0000 -1 M638
113.0175 -1.0000 -1 M879
283.1780 -1.0000 -1 M636
449.6116 -1.0000 -1 M1330
210.5412 -1.0000 -1 M1331
281.8205 -1.0000 -1 M1332
107.1298 -1.0000 -1 M1333
454.8343 -1.0000 -1 M1349
254.6932 -1.0000 -1 M1108
118.3425 -1.0000 -1 M862
363.9995 -1.0000 -1 M1103
435.9433 -1.0000 -1 M1345
426.9270 -1.0000 -1 M1104
175.8495 -1.0000 -1 M1105
602.1066 -1.0000 -1 M1347
260.8076 -1.0000 -1 M1106
459.0998 -1.0000 -1 M1348
141.2001 -1.0000 -1 M624
325.8559 -1.0000 -1 M865
30.3846 -1.0000 -1 M622
140.2481 -1.0000 -1 M863
627.2312 -1.0000 -1 M627
385.9509 -1.0000 -1 M869
256.9163 -1.0000 -1 M626
315.0542 -1.0000 -1 M867
601.9053 -1.0000 -1 M1341
262.8595 -1.0000 -1 M1100
189.3098 -1.0000 -1 M1342
490.9812 -1.0000 -1 M1101
482.4652 -1.0000 -1 M1102
121.0862 -1.0000 -1 M1344
322.3228 -1.0000 -1 M1340
354.3943 -1.0000 -1 M1317
92.0081 -1.0000 -1 M1318
122.9315 -1.0000 -1 M1319
264.1052 -1.0000 -1 M895
220.7951 -1.0000 -1 M1312
420.2607 -1.0000 -1 M410
436.1148 -1.0000 -1 M894
471.3559 -1.0000 -1 M651
251.1039 -1.0000 -1 M893
290.7175 -1.0000 -1 M1314
200.1778 -1.0000 -1 M650
406.3315 -1.0000 -1 M892
453.1998 -1.0000 -1 M1315
360.6227 -1.0000 -1 M415
214.2054 -1.0000 -1 M414
189.9390 -1.0000 -1 M898
592.5254 -1.0000 -1 M413
323.0127 -1.0000 -1 M897
470.0885 -1.0000 -1 M412
234.8901 -1.0000 -1 M654
381.9125 -1.0000 -1 M896
280.1715 -1.0000 -1 M418
288.2194 -1.0000 -1 M417
537.7502 -1.0000 -1 M659
261.0684 -1.0000 -1 M416
245.8245 -1.0000 -1 M1310
309.0586 -1.0000 -1 M1311
112.7733 -1.0000 -1 M880
142.7600 -1.0000 -1 M1328
304.4009 -1.0000 -1 M642
282.6242 -1.0000 -1 M884
496.6156 -1.0000 -1 M1323
447.8947 -1.0000 -1 M882
262.3246 -1.0000 -1 M1325
201.3590 -1.0000 -1 M881
496.8517 -1.0000 -1 M404
587.6857 -1.0000 -1 M646
472.3420 -1.0000 -1 M645
153.6730 -1.0000 -1 M887
124.2189 -1.0000 -1 M402
284.0207 -1.0000 -1 M644
390.2864 -1.0000 -1 M886
301.7866 -1.0000 -1 M401
405.3885 -1.0000 -1 M885
164.2994 -1.0000 -1 M406
354.1620 -1.0000 -1 M647
83.9309 -1.0000 -1 M409
624.0969 -1.0000 -1 M1320
87.4347 -1.0000 -1 M1322
601.2115 -1.0000 -1 M671
215.9490 -1.0000 -1 M675
634.7681 -1.0000 -1 M1136
243.5358 -1.0000 -1 M1378
227.9822 -1.0000 -1 M674
142.6087 -1.0000 -1 M1137
388.3326 -1.0000 -1 M431
472.5253 -1.0000 -1 M673
499.8624 -1.0000 -1 M1138
244.9252 -1.0000 -1 M679
339.8710 -1.0000 -1 M436
381.3949 -1.0000 -1 M678
261.8083 -1.0000 -1 M435
481.9408 -1.0000 -1 M677
332.1316 -1.0000 -1 M438
103.2871 -1.0000 -1 M1132
428.4759 -1.0000 -1 M1374
188.0451 -1.0000 -1 M1375
358.3134 -1.0000 -1 M1376
238.4908 -1.0000 -1 M1377
416.0641 -1.0000 -1 M1370
453.0678 -1.0000 -1 M1371
100.5800 -1.0000 -1 M1130
221.6582 -1.0000 -1 M1372
351.0735 -1.0000 -1 M1131
463.1764 -1.0000 -1 M1373
373.9812 -1.0000 -1 M660
349.1627 -1.0000 -1 M422
13.8469 -1.0000 -1 M1389
415.5005 -1.0000 -1 M663
104.8094 -1.0000 -1 M1148
533.2857 -1.0000 -1 M420
189.7478 -1.0000 -1 M1149
453.1480 -1.0000 -1 M426
54.9377 -1.0000 -1 M668
245.1939 -1.0000 -1 M423
130.3681 -1.0000 -1 M429
416.0726 -1.0000 -1 M1380
232.4859 -1.0000 -1 M1143
471.6230 -1.0000 -1 M1144
47.5635 -1.0000 -1 M1386
230.6409 -1.0000 -1 M1387
468.8229 -1.0000 -1 M1146
76.2285 -1.0000 -1 M1388
318.7037 -1.0000 -1 M1381
614.7648 -1.0000 -1 M1140
545.8331 -1.0000 -1 M1382
408.9630 -1.0000 -1 M1141
243.6783 -1.0000 -1 M1383
307.8486 -1.0000 -1 M693
459.7662 -1.0000 -1 M1118
260.4371 -1.0000 -1 M692
354.2681 -1.0000 -1 M1119
213.0553 -1.0000 -1 M1114
379.0252 -1.0000 -1 M1356
282.9454 -1.0000 -1 M212
268.0735 -1.0000 -1 M454
271.9275 -1.0000 -1 M1115
472.4339 -1.0000 -1 M1358
463.2790 -1.0000 -1 M452
441.8731 -1.0000 -1 M1117
341.2380 -1.0000 -1 M216
458.1899 -1.0000 -1 M458
221.5580 -1.0000 -1 M457
319.9693 -1.0000 -1 M699
245.0394 -1.0000 -1 M456
226.6238 -1.0000 -1 M698
129.6593 -1.0000 -1 M219
252.7336 -1.0000 -1 M1110
274.5329 -1.0000 -1 M1352
507.5526 -1.0000 -1 M1111
530.9224 -1.0000 -1 M1353
631.0704 -1.0000 -1 M1112
183.4630 -1.0000 -1 M1354
278.8539 -1.0000 -1 M1113
190.7145 -1.0000 -1 M1355
507.5078 -1.0000 -1 M1350
504.4052 -1.0000 -1 M440
221.3733 -1.0000 -1 M682
189.3528 -1.0000 -1 M681
346.1935 -1.0000 -1 M680
187.1372 -1.0000 -1 M444
441.8949 -1.0000 -1 M686
341.4586 -1.0000 -1 M1125
194.8973 -1.0000 -1 M1367
147.2537 -1.0000 -1 M201
436.2520 -1.0000 -1 M443
226.8191 -1.0000 -1 M685
471.1122 -1.0000 -1 M1126
165.3185 -1.0000 -1 M1127
190.9209 -1.0000 -1 M1369
651.7694 -1.0000 -1 M683
586.9291 -1.0000 -1 M1128
206.7963 -1.0000 -1 M447
506.5390 -1.0000 -1 M689
286.6325 -1.0000 -1 M446
553.0323 -1.0000 -1 M688
341.7213 -1.0000 -1 M445
661.1940 -1.0000 -1 M687
332.0407 -1.0000 -1 M449
258.3154 -1.0000 -1 M1363
424.3214 -1.0000 -1 M1122
729.7232 -1.0000 -1 M1364
502.4775 -1.0000 -1 M1123
480.5495 -1.0000 -1 M1365
270.9032 -1.0000 -1 M1366
478.7895 -1.0000 -1 M1360
162.7353 -1.0000 -1 M1361
213.0601 -1.0000 -1 M1120
464.3092 -1.0000 -1 M473
230.7751 -1.0000 -1 M230
117.9726 -1.0000 -1 M472
212.2484 -1.0000 -1 M471
362.2156 -1.0000 -1 M470
199.8174 -1.0000 -1 M477
510.8375 -1.0000 -1 M476
257.8995 -1.0000 -1 M233
299.1517 -1.0000 -1 M238
314.1992 -1.0000 -1 M237
555.6367 -1.0000 -1 M478
523.4316 -1.0000 -1 M1170
244.3396 -1.0000 -1 M1171
198.4207 -1.0000 -1 M1176
129.0769 -1.0000 -1 M1177
515.7420 -1.0000 -1 M1178
64.0133 -1.0000 -1 M1179
341.1913 -1.0000 -1 M1172
355.3458 -1.0000 -1 M1174
143.8676 -1.0000 -1 M1175
254.1855 -1.0000 -1 M220
358.4019 -1.0000 -1 M462
277.5857 -1.0000 -1 M461
60.4977 -1.0000 -1 M224
124.4770 -1.0000 -1 M465
429.4361 -1.0000 -1 M222
151.4537 -1.0000 -1 M221
189.8816 -1.0000 -1 M463
437.7446 -1.0000 -1 M228
305.3142 -1.0000 -1 M468
271.0902 -1.0000 -1 M467
35.9934 -1.0000 -1 M229
132.4323 -1.0000 -1 M1182
449.8724 -1.0000 -1 M1187
262.0903 -1.0000 -1 M1188
267.2076 -1.0000 -1 M1183
340.8840 -1.0000 -1 M1186
234.8494 -1.0000 -1 M253
82.7264 -1.0000 -1 M252
161.8460 -1.0000 -1 M251
144.5178 -1.0000 -1 M250
164.1909 -1.0000 -1 M492
330.9389 -1.0000 -1 M257
299.5846 -1.0000 -1 M1158
460.7292 -1.0000 -1 M498
569.9697 -1.0000 -1 M1159
268.7096 -1.0000 -1 M255
494.3300 -1.0000 -1 M254
389.2364 -1.0000 -1 M259
253.0325 -1.0000 -1 M1390
660.7706 -1.0000 -1 M1391
106.4747 -1.0000 -1 M1154
91.8188 -1.0000 -1 M1396
405.9334 -1.0000 -1 M1155
227.3204 -1.0000 -1 M1397
171.4410 -1.0000 -1 M1156
282.2006 -1.0000 -1 M1398
153.6952 -1.0000 -1 M1399
519.1862 -1.0000 -1 M1392
193.7037 -1.0000 -1 M1151
359.1487 -1.0000 -1 M1393
155.0260 -1.0000 -1 M1152
248.1331 -1.0000 -1 M1394
411.7181 -1.0000 -1 M1153
174.3359 -1.0000 -1 M1395
135.6526 -1.0000 -1 M242
301.8879 -1.0000 -1 M484
127.6615 -1.0000 -1 M483
462.2585 -1.0000 -1 M240
249.0451 -1.0000 -1 M482
331.8331 -1.0000 -1 M246
124.4279 -1.0000 -1 M488
513.1653 -1.0000 -1 M1169
441.2925 -1.0000 -1 M244
93.2283 -1.0000 -1 M486
421.4104 -1.0000 -1 M243
369.7131 -1.0000 -1 M249
192.0220 -1.0000 -1 M248
309.1469 -1.0000 -1 M489
368.4888 -1.0000 -1 M1160
266.8603 -1.0000 -1 M1166
435.3753 -1.0000 -1 M1167
209.8094 -1.0000 -1 M1168
282.1814 -1.0000 -1 M490
530.2004 -1.0000 -1 M1162
142.9765 -1.0000 -1 M1163
222.4484 -1.0000 -1 M1164
199.0788 -1.0000 -1 M275
407.1160 -1.0000 -1 M274
230.5910 -1.0000 -1 M273
92.7174 -1.0000 -1 M272
299.0605 -1.0000 -1 M277
256.7623 -1.0000 -1 M276
567.3815 -1.0000 -1 M282
151.7384 -1.0000 -1 M263
363.0449 -1.0000 -1 M262
308.7074 -1.0000 -1 M265
318.1451 -1.0000 -1 M269
379.7517 -1.0000 -1 M296
86.3479 -1.0000 -1 M295
596.4101 -1.0000 -1 M294
259.3175 -1.0000 -1 M1192
29.3921 -1.0000 -1 M1193
215.7825 -1.0000 -1 M1194
318.5021 -1.0000 -1 M1195
230.4907 -1.0000 -1 M286
176.0887 -1.0000 -1 M283
679.3517 -1.0000 -1 M289
172.8893 -1.0000 -1 M288
266.2510 -1.0000 -1 M287
475.7541 -1.0000 -1 M292
240.0692 -1.0000 -1 M290
243.0635 -1.0000 -1 M912
334.6429 -1.0000 -1 M918
556.7914 -1.0000 -1 M917
109.0271 -1.0000 -1 M901
182.3725 -1.0000 -1 M907
177.7418 -1.0000 -1 M906
194.9051 -1.0000 -1 M904
396.0934 -1.0000 -1 M909
390.6980 -1.0000 -1 M908
369.0006 -1.0000 -1 M932
222.3993 -1.0000 -1 M931
463.5797 -1.0000 -1 M936
163.6875 -1.0000 -1 M935
15.5997 -1.0000 -1 M934
226.5602 -1.0000 -1 M933
140.6159 -1.0000 -1 M939
349.9604 -1.0000 -1 M938
469.3493 -1.0000 -1 M921
249.9508 -1.0000 -1 M920
417.9088 -1.0000 -1 M924
121.6585 -1.0000 -1 M929
391.2945 -1.0000 -1 M928
328.4200 -1.0000 -1 M927
468.0976 -1.0000 -1 M926
508.5262 -1.0000 -1 M950
219.5945 -1.0000 -1 M1411
355.7960 -1.0000 -1 M954
407.4654 -1.0000 -1 M711
198.5542 -1.0000 -1 M710
77.1801 -1.0000 -1 M952
268.8621 -1.0000 -1 M716
171.8966 -1.0000 -1 M958
307.3066 -1.0000 -1 M715
425.1814 -1.0000 -1 M957
236.3279 -1.0000 -1 M713
313.2896 -1.0000 -1 M955
530.4743 -1.0000 -1 M719
108.1323 -1.0000 -1 M959
297.1274 -1.0000 -1 M1410
490.3090 -1.0000 -1 M700
262.8873 -1.0000 -1 M940
90.2699 -1.0000 -1 M705
74.7212 -1.0000 -1 M947
209.8232 -1.0000 -1 M703
246.6964 -1.0000 -1 M702
204.3350 -1.0000 -1 M944
372.8212 -1.0000 -1 M709
626.0358 -1.0000 -1 M708
221.0071 -1.0000 -1 M707
350.4399 -1.0000 -1 M706
207.2681 -1.0000 -1 M948
217.2299 -1.0000 -1 M971
315.0746 -1.0000 -1 M970
456.3549 -1.0000 -1 M734
213.2350 -1.0000 -1 M976
499.7411 -1.0000 -1 M733
327.6850 -1.0000 -1 M975
432.6769 -1.0000 -1 M732
176.1293 -1.0000 -1 M974
165.6196 -1.0000 -1 M731
154.1751 -1.0000 -1 M973
171.0868 -1.0000 -1 M737
534.0482 -1.0000 -1 M978
312.2583 -1.0000 -1 M977
87.4640 -1.0000 -1 M739
75.8174 -1.0000 -1 M1404
433.8691 -1.0000 -1 M1405
437.6661 -1.0000 -1 M1406
311.2649 -1.0000 -1 M1407
187.7499 -1.0000 -1 M1400
190.1179 -1.0000 -1 M960
386.3395 -1.0000 -1 M1401
134.1936 -1.0000 -1 M1402
321.3431 -1.0000 -1 M1403
3.6589 -1.0000 -1 M723
54.5000 -1.0000 -1 M722
514.4262 -1.0000 -1 M964
264.2730 -1.0000 -1 M721
124.9025 -1.0000 -1 M963
324.5334 -1.0000 -1 M727
117.9992 -1.0000 -1 M969
140.0365 -1.0000 -1 M1408
90.6403 -1.0000 -1 M726
136.2429 -1.0000 -1 M968
136.6883 -1.0000 -1 M1409
335.8998 -1.0000 -1 M725
451.1525 -1.0000 -1 M729
224.9324 -1.0000 -1 M1217
453.4053 -1.0000 -1 M1218
364.7473 -1.0000 -1 M510
237.3571 -1.0000 -1 M752
136.9176 -1.0000 -1 M1213
118.7549 -1.0000 -1 M993
463.3903 -1.0000 -1 M1214
464.8012 -1.0000 -1 M750
262.7787 -1.0000 -1 M1215
77.7430 -1.0000 -1 M991
303.1556 -1.0000 -1 M514
442.1385 -1.0000 -1 M756
166.5754 -1.0000 -1 M755
417.1519 -1.0000 -1 M996
289.2983 -1.0000 -1 M753
298.3648 -1.0000 -1 M995
170.7099 -1.0000 -1 M518
338.9872 -1.0000 -1 M517
278.1473 -1.0000 -1 M516
462.0679 -1.0000 -1 M758
461.8831 -1.0000 -1 M757
177.9108 -1.0000 -1 M1210
313.8434 -1.0000 -1 M1211
196.5698 -1.0000 -1 M1212
498.0505 -1.0000 -1 M1228
42.4754 -1.0000 -1 M741
391.4439 -1.0000 -1 M1224
216.6796 -1.0000 -1 M740
478.9294 -1.0000 -1 M982
277.0791 -1.0000 -1 M981
458.3083 -1.0000 -1 M1226
264.7481 -1.0000 -1 M980
379.9207 -1.0000 -1 M1227
333.9770 -1.0000 -1 M745
441.2919 -1.0000 -1 M987
321.7522 -1.0000 -1 M986
323.0596 -1.0000 -1 M501
357.1731 -1.0000 -1 M743
312.2211 -1.0000 -1 M500
136.9260 -1.0000 -1 M984
228.1493 -1.0000 -1 M507
597.4541 -1.0000 -1 M506
356.3418 -1.0000 -1 M748
533.3691 -1.0000 -1 M746
63.0553 -1.0000 -1 M1221
489.2904 -1.0000 -1 M1223
232.7678 -1.0000 -1 M770
426.1062 -1.0000 -1 M531
189.7882 -1.0000 -1 M773
450.9462 -1.0000 -1 M772
280.0583 -1.0000 -1 M771
437.0770 -1.0000 -1 M535
150.3497 -1.0000 -1 M776
493.1083 -1.0000 -1 M533
405.4429 -1.0000 -1 M775
127.6685 -1.0000 -1 M539
94.7104 -1.0000 -1 M537
361.5007 -1.0000 -1 M779
497.0130 -1.0000 -1 M1206
350.0351 -1.0000 -1 M1207
483.5302 -1.0000 -1 M763
343.2771 -1.0000 -1 M520
204.8772 -1.0000 -1 M1203
36.1542 -1.0000 -1 M761
206.8777 -1.0000 -1 M1204
288.5093 -1.0000 -1 M1205
618.9224 -1.0000 -1 M525
38.1360 -1.0000 -1 M524
92.3607 -1.0000 -1 M766
108.5725 -1.0000 -1 M523
204.7828 -1.0000 -1 M765
140.4366 -1.0000 -1 M522
345.7744 -1.0000 -1 M764
400.8740 -1.0000 -1 M529
70.1085 -1.0000 -1 M769
345.8096 -1.0000 -1 M768
460.2700 -1.0000 -1 M1200
168.9399 -1.0000 -1 M1201
257.7769 -1.0000 -1 M550
295.7307 -1.0000 -1 M1019
194.9588 -1.0000 -1 M791
145.8223 -1.0000 -1 M312
377.4905 -1.0000 -1 M554
249.7394 -1.0000 -1 M796
225.8110 -1.0000 -1 M1257
328.1636 -1.0000 -1 M553
263.0647 -1.0000 -1 M1016
417.4820 -1.0000 -1 M1258
293.6470 -1.0000 -1 M794
75.7830 -1.0000 -1 M1017
466.9977 -1.0000 -1 M1018
162.7357 -1.0000 -1 M316
95.7033 -1.0000 -1 M557
253.3608 -1.0000 -1 M313
246.4233 -1.0000 -1 M555
409.3741 -1.0000 -1 M559
304.9049 -1.0000 -1 M1253
402.5334 -1.0000 -1 M1012
625.2461 -1.0000 -1 M1013
61.6151 -1.0000 -1 M1255
567.4979 -1.0000 -1 M1014
433.2708 -1.0000 -1 M1256
477.8187 -1.0000 -1 M1251
78.5082 -1.0000 -1 M1010
438.1848 -1.0000 -1 M1252
395.9066 -1.0000 -1 M780
164.4362 -1.0000 -1 M301
211.0267 -1.0000 -1 M543
387.6602 -1.0000 -1 M785
119.8778 -1.0000 -1 M1026
280.2482 -1.0000 -1 M1268
262.3844 -1.0000 -1 M300
214.9865 -1.0000 -1 M542
125.3226 -1.0000 -1 M784
366.5071 -1.0000 -1 M1269
60.6581 -1.0000 -1 M782
284.0725 -1.0000 -1 M1029
223.7257 -1.0000 -1 M547
242.8424 -1.0000 -1 M788
368.1782 -1.0000 -1 M303
212.0133 -1.0000 -1 M545
96.7908 -1.0000 -1 M787
225.9448 -1.0000 -1 M544
452.8481 -1.0000 -1 M786
22.8350 -1.0000 -1 M549
121.9373 -1.0000 -1 M306
250.2727 -1.0000 -1 M1022
238.3283 -1.0000 -1 M1264
364.1330 -1.0000 -1 M1023
472.6843 -1.0000 -1 M1266
84.2422 -1.0000 -1 M1260
45.8064 -1.0000 -1 M1261
152.1342 -1.0000 -1 M1020
275.1072 -1.0000 -1 M1262
138.5484 -1.0000 -1 M1021
291.1384 -1.0000 -1 M330
144.0465 -1.0000 -1 M572
311.8829 -1.0000 -1 M1239
108.3427 -1.0000 -1 M571
557.6655 -1.0000 -1 M570
622.8564 -1.0000 -1 M334
315.0456 -1.0000 -1 M1235
484.3064 -1.0000 -1 M333
383.8511 -1.0000 -1 M1236
253.0574 -1.0000 -1 M331
324.6829 -1.0000 -1 M1238
336.3385 -1.0000 -1 M338
282.7448 -1.0000 -1 M337
207.1597 -1.0000 -1 M335
541.3020 -1.0000 -1 M1231
261.5533 -1.0000 -1 M1234
427.6582 -1.0000 -1 M1230
179.1213 -1.0000 -1 M1008
58.1760 -1.0000 -1 M1009
203.4206 -1.0000 -1 M322
288.6878 -1.0000 -1 M564
103.9429 -1.0000 -1 M1005
474.0176 -1.0000 -1 M1247
148.4171 -1.0000 -1 M321
127.3940 -1.0000 -1 M563
113.6550 -1.0000 -1 M1248
310.3769 -1.0000 -1 M320
282.6215 -1.0000 -1 M327
493.5193 -1.0000 -1 M569
121.9408 -1.0000 -1 M326
46.1714 -1.0000 -1 M568
91.7791 -1.0000 -1 M325
645.8679 -1.0000 -1 M567
339.7604 -1.0000 -1 M324
339.3497 -1.0000 -1 M328
404.0951 -1.0000 -1 M1000
157.9124 -1.0000 -1 M1242
403.4959 -1.0000 -1 M1001
468.2701 -1.0000 -1 M1243
176.5346 -1.0000 -1 M1244
209.2923 -1.0000 -1 M1003
556.5610 -1.0000 -1 M1245
99.6954 -1.0000 -1 M1240
312.4246 -1.0000 -1 M1241
575.5858 -1.0000 -1 M110
219.2350 -1.0000 -1 M352
254.6866 -1.0000 -1 M594
396.7670 -1.0000 -1 M593
438.7970 -1.0000 -1 M592
304.2768 -1.0000 -1 M591
388.2383 -1.0000 -1 M597
435.9212 -1.0000 -1 M354
275.2556 -1.0000 -1 M596
608.8942 -1.0000 -1 M595
624.0035 -1.0000 -1 M118
515.5404 -1.0000 -1 M117
585.1632 -1.0000 -1 M116
108.1658 -1.0000 -1 M358
424.3254 -1.0000 -1 M357
619.3891 -1.0000 -1 M119
203.8212 -1.0000 -1 M1290
309.5707 -1.0000 -1 M1291
52.0330 -1.0000 -1 M1050
520.9897 -1.0000 -1 M1292
386.8774 -1.0000 -1 M1055
67.6626 -1.0000 -1 M1056
361.3664 -1.0000 -1 M1057
438.9377 -1.0000 -1 M1299
93.5614 -1.0000 -1 M1058
141.8094 -1.0000 -1 M1051
110.9418 -1.0000 -1 M1052
99.6821 -1.0000 -1 M1294
388.2409 -1.0000 -1 M1053
151.3297 -1.0000 -1 M1054
511.6868 -1.0000 -1 M1296
375.6575 -1.0000 -1 M581
243.6818 -1.0000 -1 M345
407.4572 -1.0000 -1 M344
129.4162 -1.0000 -1 M586
246.4352 -1.0000 -1 M585
422.5827 -1.0000 -1 M100
501.9098 -1.0000 -1 M342
218.9161 -1.0000 -1 M584
195.2689 -1.0000 -1 M106
48.9108 -1.0000 -1 M347
148.1220 -1.0000 -1 M346
344.3293 -1.0000 -1 M588
345.3275 -1.0000 -1 M1060
354.3142 -1.0000 -1 M1061
364.7651 -1.0000 -1 M1066
381.1767 -1.0000 -1 M1062
284.1574 -1.0000 -1 M1063
185.2101 -1.0000 -1 M1064
335.3013 -1.0000 -1 M1065
458.3702 -1.0000 -1 M132
475.1114 -1.0000 -1 M130
540.2498 -1.0000 -1 M372
232.2521 -1.0000 -1 M1037
331.9889 -1.0000 -1 M133
331.3325 -1.0000 -1 M375
701.2235 -1.0000 -1 M139
319.6686 -1.0000 -1 M379
185.6133 -1.0000 -1 M1270
397.2958 -1.0000 -1 M1033
356.9312 -1.0000 -1 M1034
580.0815 -1.0000 -1 M1276
321.0205 -1.0000 -1 M1035
423.5701 -1.0000 -1 M1277
317.3102 -1.0000 -1 M1036
122.3418 -1.0000 -1 M1278
539.2555 -1.0000 -1 M1271
310.0781 -1.0000 -1 M1272
244.5544 -1.0000 -1 M1031
199.0739 -1.0000 -1 M1273
386.5348 -1.0000 -1 M1032
499.1351 -1.0000 -1 M1274
150.7620 -1.0000 -1 M363
438.8222 -1.0000 -1 M361
178.9182 -1.0000 -1 M360
568.9222 -1.0000 -1 M124
218.7871 -1.0000 -1 M366
292.1586 -1.0000 -1 M1049
224.8466 -1.0000 -1 M123
390.0578 -1.0000 -1 M365
149.4749 -1.0000 -1 M364
525.0232 -1.0000 -1 M127
450.0211 -1.0000 -1 M368
158.9043 -1.0000 -1 M1281
388.2179 -1.0000 -1 M1044
151.1982 -1.0000 -1 M1045
166.4442 -1.0000 -1 M1046
227.6175 -1.0000 -1 M1047
86.2206 -1.0000 -1 M1289
427.6431 -1.0000 -1 M1282
242.6740 -1.0000 -1 M1041
98.9333 -1.0000 -1 M1283
444.5012 -1.0000 -1 M1042
333.1541 -1.0000 -1 M1284
485.5205 -1.0000 -1 M1043
193.8753 -1.0000 -1 M1285
159.6167 -1.0000 -1 M396
92.8143 -1.0000 -1 M153
464.9966 -1.0000 -1 M394
335.0038 -1.0000 -1 M151
320.4844 -1.0000 -1 M393
246.5276 -1.0000 -1 M158
559.4297 -1.0000 -1 M157
510.6208 -1.0000 -1 M399
269.4994 -1.0000 -1 M156
80.5918 -1.0000 -1 M398
408.2424 -1.0000 -1 M397
639.5202 -1.0000 -1 M159
386.2097 -1.0000 -1 M1091
253.4391 -1.0000 -1 M1092
366.8655 -1.0000 -1 M1094
281.7627 -1.0000 -1 M1090
426.7936 -1.0000 -1 M1095
431.3547 -1.0000 -1 M160
178.2299 -1.0000 -1 M1097
287.9396 -1.0000 -1 M1098
219.3694 -1.0000 -1 M385
517.7362 -1.0000 -1 M142
306.1743 -1.0000 -1 M382
453.7882 -1.0000 -1 M389
424.4744 -1.0000 -1 M146
187.5680 -1.0000 -1 M388
366.4191 -1.0000 -1 M387
249.0536 -1.0000 -1 M386
279.9711 -1.0000 -1 M149
499.6542 -1.0000 -1 M148
128.9700 -1.0000 -1 M150
268.9199 -1.0000 -1 M391
186.0415 -1.0000 -1 M390
422.2762 -1.0000 -1 M174
594.9135 -1.0000 -1 M179
240.4069 -1.0000 -1 M1070
159.0267 -1.0000 -1 M1071
252.7496 -1.0000 -1 M1077
226.7311 -1.0000 -1 M1079
148.8558 -1.0000 -1 M1073
553.4427 -1.0000 -1 M182
180.6343 -1.0000 -1 M1074
266.2168 -1.0000 -1 M1075
229.3186 -1.0000 -1 M1076
290.0850 -1.0000 -1 M165
344.3459 -1.0000 -1 M162
273.1986 -1.0000 -1 M169
195.0723 -1.0000 -1 M166
578.0732 -1.0000 -1 M36
163.8541 -1.0000 -1 M1081
419.5985 -1.0000 -1 M1082
136.4384 -1.0000 -1 M1083
338.0167 -1.0000 -1 M1088
283.6215 -1.0000 -1 M172
300.7653 -1.0000 -1 M171
263.5589 -1.0000 -1 M1085
497.3669 -1.0000 -1 M1086
354.5517 -1.0000 -1 M1087
325.8655 -1.0000 -1 M198
137.6972 -1.0000 -1 M196
196.0625 -1.0000 -1 M187
136.7353 -1.0000 -1 M186
580.2084 -1.0000 -1 M185
126.1038 -1.0000 -1 M184
396.3420 -1.0000 -1 M188
294.2799 -1.0000 -1 M190
316.4389 -1.0000 -1 M193
150.6350 -1.0000 -1 M191
450.3447 -1.0000 -1 M72
