# time  created  delivered  delivered/created
7.0000 1 0 0.0000
16.0000 2 0 0.0000
21.0000 3 0 0.0000
29.0000 4 0 0.0000
37.0000 5 0 0.0000
44.0000 6 0 0.0000
50.0000 7 0 0.0000
58.0000 8 0 0.0000
66.0000 9 0 0.0000
71.0000 10 0 0.0000
79.0000 11 0 0.0000
85.0000 12 0 0.0000
86.0000 12 1 0.0833
91.0000 13 1 0.0769
97.0000 14 1 0.0714
105.0000 15 1 0.0667
112.0000 16 1 0.0625
121.0000 17 1 0.0588
128.0000 18 1 0.0556
129.0000 18 2 0.1111
134.0000 19 2 0.1053
141.0000 20 2 0.1000
149.0000 21 2 0.0952
155.0000 22 2 0.0909
163.0000 23 2 0.0870
168.0000 24 2 0.0833
169.0000 24 3 0.1250
177.0000 25 3 0.1200
182.0000 26 3 0.1154
183.0000 26 4 0.1538
188.0000 27 4 0.1481
193.0000 28 4 0.1429
197.0000 28 5 0.1786
199.0000 29 5 0.1724
204.0000 30 5 0.1667
213.0000 31 5 0.1613
219.0000 32 5 0.1563
224.0000 32 6 0.1875
228.0000 33 6 0.1818
235.0000 34 6 0.1765
244.0000 35 6 0.1714
246.0000 35 7 0.2000
251.0000 36 7 0.1944
259.0000 37 7 0.1892
268.0000 38 7 0.1842
276.0000 39 7 0.1795
282.0000 39 8 0.2051
284.0000 40 8 0.2000
284.0000 40 9 0.2250
293.0000 41 9 0.2195
300.0000 42 9 0.2143
304.0000 42 10 0.2381
305.0000 43 10 0.2326
310.0000 44 10 0.2273
315.0000 45 10 0.2222
322.0000 45 11 0.2444
323.0000 46 11 0.2391
330.0000 47 11 0.2340
336.0000 48 11 0.2292
343.0000 49 11 0.2245
352.0000 50 11 0.2200
352.0000 50 12 0.2400
357.0000 51 12 0.2353
365.0000 52 12 0.2308
371.0000 53 12 0.2264
375.0000 53 13 0.2453
378.0000 54 13 0.2407
386.0000 55 13 0.2364
392.0000 56 13 0.2321
399.0000 57 13 0.2281
406.0000 58 13 0.2241
406.0000 58 14 0.2414
407.0000 58 15 0.2586
415.0000 59 15 0.2542
420.0000 60 15 0.2500
425.0000 60 16 0.2667
427.0000 61 16 0.2623
435.0000 62 16 0.2581
441.0000 63 16 0.2540
444.0000 63 17 0.2698
448.0000 63 18 0.2857
449.0000 64 18 0.2813
454.0000 65 18 0.2769
462.0000 66 18 0.2727
470.0000 67 18 0.2687
476.0000 67 19 0.2836
478.0000 68 19 0.2794
487.0000 69 19 0.2754
493.0000 70 19 0.2714
493.0000 70 20 0.2857
495.0000 70 21 0.3000
498.0000 71 21 0.2958
507.0000 72 21 0.2917
512.0000 73 21 0.2877
519.0000 74 21 0.2838
522.0000 74 22 0.2973
523.0000 74 23 0.3108
524.0000 75 23 0.3067
529.0000 75 24 0.3200
532.0000 75 25 0.3333
533.0000 76 25 0.3289
535.0000 76 26 0.3421
539.0000 77 26 0.3377
548.0000 78 26 0.3333
554.0000 78 27 0.3462
555.0000 79 27 0.3418
563.0000 80 27 0.3375
564.0000 80 28 0.3500
572.0000 81 28 0.3457
581.0000 82 28 0.3415
583.0000 82 29 0.3537
590.0000 83 29 0.3494
599.0000 84 29 0.3452
603.0000 84 30 0.3571
606.0000 85 30 0.3529
615.0000 86 30 0.3488
619.0000 86 31 0.3605
621.0000 87 31 0.3563
627.0000 88 31 0.3523
636.0000 89 31 0.3483
643.0000 90 31 0.3444
645.0000 90 32 0.3556
649.0000 90 33 0.3667
650.0000 91 33 0.3626
652.0000 91 34 0.3736
659.0000 92 34 0.3696
665.0000 92 35 0.3804
666.0000 92 36 0.3913
668.0000 93 36 0.3871
674.0000 93 37 0.3978
675.0000 93 38 0.4086
676.0000 94 38 0.4043
681.0000 95 38 0.4000
684.0000 95 39 0.4105
689.0000 96 39 0.4063
692.0000 96 40 0.4167
693.0000 96 41 0.4271
694.0000 97 41 0.4227
698.0000 97 42 0.4330
699.0000 97 43 0.4433
701.0000 98 43 0.4388
703.0000 98 44 0.4490
706.0000 99 44 0.4444
708.0000 99 45 0.4545
709.0000 99 46 0.4646
709.0000 99 47 0.4747
710.0000 99 48 0.4848
712.0000 99 49 0.4949
714.0000 100 49 0.4900
714.0000 100 50 0.5000
716.0000 100 51 0.5100
721.0000 101 51 0.5050
729.0000 102 51 0.5000
733.0000 102 52 0.5098
734.0000 103 52 0.5049
741.0000 104 52 0.5000
746.0000 104 53 0.5096
748.0000 105 53 0.5048
753.0000 106 53 0.5000
758.0000 106 54 0.5094
760.0000 106 55 0.5189
761.0000 107 55 0.5140
769.0000 108 55 0.5093
774.0000 109 55 0.5046
781.0000 110 55 0.5000
789.0000 111 55 0.4955
794.0000 112 55 0.4911
796.0000 112 56 0.5000
797.0000 112 57 0.5089
798.0000 112 58 0.5179
800.0000 113 58 0.5133
801.0000 113 59 0.5221
807.0000 114 59 0.5175
807.0000 114 60 0.5263
815.0000 115 60 0.5217
817.0000 115 61 0.5304
818.0000 115 62 0.5391
821.0000 116 62 0.5345
821.0000 116 63 0.5431
826.0000 117 63 0.5385
830.0000 117 64 0.5470
834.0000 118 64 0.5424
837.0000 118 65 0.5508
838.0000 118 66 0.5593
839.0000 119 66 0.5546
840.0000 119 67 0.5630
848.0000 120 67 0.5583
854.0000 121 67 0.5537
861.0000 121 68 0.5620
862.0000 121 69 0.5702
863.0000 122 69 0.5656
871.0000 123 69 0.5610
874.0000 123 70 0.5691
877.0000 124 70 0.5645
883.0000 125 70 0.5600
890.0000 126 70 0.5556
896.0000 127 70 0.5512
898.0000 127 71 0.5591
901.0000 127 72 0.5669
903.0000 128 72 0.5625
908.0000 129 72 0.5581
914.0000 130 72 0.5538
917.0000 130 73 0.5615
921.0000 131 73 0.5573
929.0000 132 73 0.5530
934.0000 133 73 0.5489
941.0000 134 73 0.5448
947.0000 134 74 0.5522
948.0000 135 74 0.5481
949.0000 135 75 0.5556
955.0000 136 75 0.5515
962.0000 137 75 0.5474
962.0000 137 76 0.5547
968.0000 138 76 0.5507
974.0000 139 76 0.5468
979.0000 140 76 0.5429
979.0000 140 77 0.5500
981.0000 140 78 0.5571
988.0000 141 78 0.5532
993.0000 142 78 0.5493
998.0000 143 78 0.5455
1003.0000 144 78 0.5417
1011.0000 144 79 0.5486
1012.0000 145 79 0.5448
1019.0000 146 79 0.5411
1023.0000 146 80 0.5479
1025.0000 147 80 0.5442
1032.0000 148 80 0.5405
1032.0000 148 81 0.5473
1040.0000 149 81 0.5436
1047.0000 150 81 0.5400
1055.0000 150 82 0.5467
1056.0000 151 82 0.5430
1059.0000 151 83 0.5497
1065.0000 152 83 0.5461
1074.0000 153 83 0.5425
1075.0000 153 84 0.5490
1081.0000 154 84 0.5455
1082.0000 154 85 0.5519
1090.0000 155 85 0.5484
1096.0000 156 85 0.5449
1101.0000 157 85 0.5414
1108.0000 158 85 0.5380
1109.0000 158 86 0.5443
1112.0000 158 87 0.5506
1113.0000 158 88 0.5570
1116.0000 159 88 0.5535
1120.0000 159 89 0.5597
1121.0000 159 90 0.5660
1123.0000 160 90 0.5625
1129.0000 161 90 0.5590
1130.0000 161 91 0.5652
1136.0000 162 91 0.5617
1143.0000 163 91 0.5583
1152.0000 164 91 0.5549
1161.0000 165 91 0.5515
1165.0000 165 92 0.5576
1170.0000 166 92 0.5542
1176.0000 166 93 0.5602
1177.0000 167 93 0.5569
1180.0000 167 94 0.5629
1182.0000 168 94 0.5595
1189.0000 169 94 0.5562
1193.0000 169 95 0.5621
1195.0000 170 95 0.5588
1200.0000 171 95 0.5556
1206.0000 172 95 0.5523
1215.0000 173 95 0.5491
1223.0000 174 95 0.5460
1228.0000 175 95 0.5429
1233.0000 176 95 0.5398
1241.0000 176 96 0.5455
1242.0000 177 96 0.5424
1246.0000 177 97 0.5480
1247.0000 178 97 0.5449
1253.0000 179 97 0.5419
1262.0000 180 97 0.5389
1262.0000 180 98 0.5444
1264.0000 180 99 0.5500
1265.0000 180 100 0.5556
1267.0000 181 100 0.5525
1270.0000 181 101 0.5580
1273.0000 182 101 0.5549
1281.0000 183 101 0.5519
1286.0000 183 102 0.5574
1288.0000 184 102 0.5543
1292.0000 184 103 0.5598
1294.0000 185 103 0.5568
1300.0000 186 103 0.5538
1300.0000 186 104 0.5591
1302.0000 186 105 0.5645
1303.0000 186 106 0.5699
1307.0000 187 106 0.5668
1313.0000 188 106 0.5638
1319.0000 189 106 0.5608
1323.0000 189 107 0.5661
1327.0000 190 107 0.5632
1332.0000 190 108 0.5684
1336.0000 191 108 0.5654
1344.0000 192 108 0.5625
1349.0000 193 108 0.5596
1358.0000 194 108 0.5567
1366.0000 195 108 0.5538
1368.0000 195 109 0.5590
1372.0000 196 109 0.5561
1377.0000 197 109 0.5533
1379.0000 197 110 0.5584
1383.0000 198 110 0.5556
1389.0000 199 110 0.5528
1394.0000 200 110 0.5500
1396.0000 200 111 0.5550
1403.0000 201 111 0.5522
1403.0000 201 112 0.5572
1411.0000 202 112 0.5545
1418.0000 202 113 0.5594
1420.0000 203 113 0.5567
1422.0000 203 114 0.5616
1428.0000 204 114 0.5588
1437.0000 205 114 0.5561
1437.0000 205 115 0.5610
1446.0000 206 115 0.5583
1455.0000 207 115 0.5556
1464.0000 208 115 0.5529
1469.0000 209 115 0.5502
1476.0000 210 115 0.5476
1476.0000 210 116 0.5524
1480.0000 210 117 0.5571
1485.0000 211 117 0.5545
1485.0000 211 118 0.5592
1488.0000 211 119 0.5640
1490.0000 211 120 0.5687
1492.0000 212 120 0.5660
1499.0000 213 120 0.5634
1501.0000 213 121 0.5681
1506.0000 214 121 0.5654
1515.0000 215 121 0.5628
1522.0000 216 121 0.5602
1530.0000 216 122 0.5648
1531.0000 217 122 0.5622
1536.0000 217 123 0.5668
1537.0000 218 123 0.5642
1545.0000 219 123 0.5616
1552.0000 219 124 0.5662
1553.0000 220 124 0.5636
1554.0000 220 125 0.5682
1559.0000 220 126 0.5727
1560.0000 221 126 0.5701
1560.0000 221 127 0.5747
1567.0000 221 128 0.5792
1568.0000 222 128 0.5766
1575.0000 223 128 0.5740
1576.0000 223 129 0.5785
1580.0000 224 129 0.5759
1586.0000 225 129 0.5733
1593.0000 226 129 0.5708
1599.0000 227 129 0.5683
1603.0000 227 130 0.5727
1604.0000 227 131 0.5771
1605.0000 227 132 0.5815
1606.0000 228 132 0.5789
1614.0000 229 132 0.5764
1622.0000 230 132 0.5739
1628.0000 231 132 0.5714
1631.0000 231 133 0.5758
1634.0000 232 133 0.5733
1642.0000 233 133 0.5708
1649.0000 233 134 0.5751
1651.0000 234 134 0.5726
1651.0000 234 135 0.5769
1656.0000 235 135 0.5745
1664.0000 236 135 0.5720
1670.0000 237 135 0.5696
1675.0000 238 135 0.5672
1681.0000 239 135 0.5649
1688.0000 240 135 0.5625
1689.0000 240 136 0.5667
1689.0000 240 137 0.5708
1697.0000 241 137 0.5685
1699.0000 241 138 0.5726
1700.0000 241 139 0.5768
1706.0000 242 139 0.5744
1711.0000 243 139 0.5720
1716.0000 244 139 0.5697
1725.0000 245 139 0.5673
1730.0000 246 139 0.5650
1730.0000 246 140 0.5691
1734.0000 246 141 0.5732
1737.0000 247 141 0.5709
1744.0000 248 141 0.5685
1749.0000 249 141 0.5663
1755.0000 249 142 0.5703
1758.0000 250 142 0.5680
1764.0000 251 142 0.5657
1765.0000 251 143 0.5697
1771.0000 252 143 0.5675
1780.0000 253 143 0.5652
1787.0000 254 143 0.5630
1795.0000 255 143 0.5608
1803.0000 256 143 0.5586
1804.0000 256 144 0.5625
1810.0000 257 144 0.5603
1817.0000 258 144 0.5581
1824.0000 258 145 0.5620
1826.0000 259 145 0.5598
1835.0000 260 145 0.5577
1844.0000 261 145 0.5556
1850.0000 262 145 0.5534
1858.0000 262 146 0.5573
1859.0000 263 146 0.5551
1866.0000 264 146 0.5530
1871.0000 264 147 0.5568
1875.0000 265 147 0.5547
1882.0000 266 147 0.5526
1882.0000 266 148 0.5564
1886.0000 266 149 0.5602
1890.0000 267 149 0.5581
1896.0000 268 149 0.5560
1902.0000 269 149 0.5539
1910.0000 270 149 0.5519
1919.0000 271 149 0.5498
1920.0000 271 150 0.5535
1926.0000 272 150 0.5515
1927.0000 272 151 0.5551
1932.0000 273 151 0.5531
1939.0000 274 151 0.5511
1939.0000 274 152 0.5547
1941.0000 274 153 0.5584
1942.0000 274 154 0.5620
1946.0000 275 154 0.5600
1952.0000 276 154 0.5580
1958.0000 277 154 0.5560
1965.0000 277 155 0.5596
1966.0000 278 155 0.5576
1967.0000 278 156 0.5612
1971.0000 279 156 0.5591
1976.0000 280 156 0.5571
1978.0000 280 157 0.5607
1984.0000 281 157 0.5587
1990.0000 282 157 0.5567
1999.0000 283 157 0.5548
2004.0000 284 157 0.5528
2008.0000 284 158 0.5563
2009.0000 284 159 0.5599
2010.0000 285 159 0.5579
2018.0000 286 159 0.5559
2020.0000 286 160 0.5594
2024.0000 287 160 0.5575
2031.0000 288 160 0.5556
2039.0000 289 160 0.5536
2045.0000 290 160 0.5517
2053.0000 291 160 0.5498
2059.0000 292 160 0.5479
2059.0000 292 161 0.5514
2062.0000 292 162 0.5548
2066.0000 293 162 0.5529
2074.0000 294 162 0.5510
2083.0000 295 162 0.5492
2087.0000 295 163 0.5525
2089.0000 296 163 0.5507
2098.0000 297 163 0.5488
2099.0000 297 164 0.5522
2102.0000 297 165 0.5556
2105.0000 297 166 0.5589
2105.0000 297 167 0.5623
2107.0000 298 167 0.5604
2114.0000 299 167 0.5585
2116.0000 299 168 0.5619
2119.0000 300 168 0.5600
2126.0000 300 169 0.5633
2126.0000 300 170 0.5667
2127.0000 301 170 0.5648
2134.0000 301 171 0.5681
2135.0000 302 171 0.5662
2135.0000 302 172 0.5695
2135.0000 302 173 0.5728
2144.0000 303 173 0.5710
2148.0000 303 174 0.5743
2149.0000 304 174 0.5724
2150.0000 304 175 0.5757
2153.0000 304 176 0.5789
2156.0000 305 176 0.5770
2164.0000 306 176 0.5752
2170.0000 307 176 0.5733
2177.0000 308 176 0.5714
2177.0000 308 177 0.5747
2184.0000 309 177 0.5728
2191.0000 309 178 0.5761
2192.0000 310 178 0.5742
2198.0000 311 178 0.5723
2201.0000 311 179 0.5756
2202.0000 311 180 0.5788
2203.0000 312 180 0.5769
2210.0000 313 180 0.5751
2217.0000 314 180 0.5732
2223.0000 315 180 0.5714
2228.0000 316 180 0.5696
2236.0000 316 181 0.5728
2237.0000 317 181 0.5710
2245.0000 318 181 0.5692
2252.0000 318 182 0.5723
2253.0000 319 182 0.5705
2259.0000 320 182 0.5688
2265.0000 321 182 0.5670
2273.0000 322 182 0.5652
2278.0000 323 182 0.5635
2285.0000 324 182 0.5617
2292.0000 325 182 0.5600
2301.0000 326 182 0.5583
2307.0000 327 182 0.5566
2312.0000 327 183 0.5596
2316.0000 328 183 0.5579
2323.0000 329 183 0.5562
2329.0000 330 183 0.5545
2334.0000 331 183 0.5529
2342.0000 332 183 0.5512
2350.0000 333 183 0.5495
2357.0000 334 183 0.5479
2363.0000 335 183 0.5463
2372.0000 336 183 0.5446
2378.0000 337 183 0.5430
2387.0000 338 183 0.5414
2392.0000 339 183 0.5398
2393.0000 339 184 0.5428
2401.0000 340 184 0.5412
2409.0000 341 184 0.5396
2412.0000 341 185 0.5425
2415.0000 341 186 0.5455
2417.0000 342 186 0.5439
2419.0000 342 187 0.5468
2420.0000 342 188 0.5497
2422.0000 343 188 0.5481
2422.0000 343 189 0.5510
2423.0000 343 190 0.5539
2426.0000 343 191 0.5569
2431.0000 344 191 0.5552
2439.0000 345 191 0.5536
2445.0000 346 191 0.5520
2447.0000 346 192 0.5549
2448.0000 346 193 0.5578
2449.0000 346 194 0.5607
2451.0000 347 194 0.5591
2453.0000 347 195 0.5620
2460.0000 348 195 0.5603
2467.0000 349 195 0.5587
2475.0000 350 195 0.5571
2476.0000 350 196 0.5600
2481.0000 351 196 0.5584
2488.0000 352 196 0.5568
2497.0000 353 196 0.5552
2497.0000 353 197 0.5581
2505.0000 354 197 0.5565
2510.0000 355 197 0.5549
2516.0000 356 197 0.5534
2525.0000 357 197 0.5518
2534.0000 358 197 0.5503
2540.0000 359 197 0.5487
2547.0000 360 197 0.5472
2552.0000 361 197 0.5457
2560.0000 362 197 0.5442
2568.0000 363 197 0.5427
2573.0000 364 197 0.5412
2579.0000 365 197 0.5397
2585.0000 366 197 0.5383
2592.0000 367 197 0.5368
2598.0000 368 197 0.5353
2603.0000 369 197 0.5339
2608.0000 370 197 0.5324
2614.0000 371 197 0.5310
2620.0000 372 197 0.5296
2626.0000 373 197 0.5282
2628.0000 373 198 0.5308
2631.0000 374 198 0.5294
2639.0000 375 198 0.5280
2644.0000 376 198 0.5266
2652.0000 377 198 0.5252
2657.0000 378 198 0.5238
2658.0000 378 199 0.5265
2665.0000 379 199 0.5251
2673.0000 380 199 0.5237
2673.0000 380 200 0.5263
2681.0000 381 200 0.5249
2690.0000 382 200 0.5236
2699.0000 383 200 0.5222
2705.0000 383 201 0.5248
2708.0000 384 201 0.5234
2712.0000 384 202 0.5260
2714.0000 385 202 0.5247
2718.0000 385 203 0.5273
2722.0000 386 203 0.5259
2729.0000 387 203 0.5245
2734.0000 388 203 0.5232
2743.0000 389 203 0.5219
2748.0000 390 203 0.5205
2752.0000 390 204 0.5231
2757.0000 391 204 0.5217
2764.0000 392 204 0.5204
2770.0000 393 204 0.5191
2777.0000 394 204 0.5178
2785.0000 395 204 0.5165
2790.0000 396 204 0.5152
2790.0000 396 205 0.5177
2797.0000 397 205 0.5164
2802.0000 397 206 0.5189
2802.0000 397 207 0.5214
2805.0000 398 207 0.5201
2813.0000 399 207 0.5188
2821.0000 400 207 0.5175
2821.0000 400 208 0.5200
2829.0000 401 208 0.5187
2834.0000 402 208 0.5174
2842.0000 403 208 0.5161
2847.0000 404 208 0.5149
2852.0000 405 208 0.5136
2853.0000 405 209 0.5160
2855.0000 405 210 0.5185
2857.0000 406 210 0.5172
2863.0000 407 210 0.5160
2872.0000 408 210 0.5147
2881.0000 409 210 0.5134
2887.0000 410 210 0.5122
2894.0000 410 211 0.5146
2896.0000 411 211 0.5134
2904.0000 412 211 0.5121
2904.0000 412 212 0.5146
2911.0000 413 212 0.5133
2913.0000 413 213 0.5157
2916.0000 414 213 0.5145
2922.0000 415 213 0.5133
2927.0000 416 213 0.5120
2927.0000 416 214 0.5144
2930.0000 416 215 0.5168
2934.0000 416 216 0.5192
2936.0000 417 216 0.5180
2942.0000 418 216 0.5167
2951.0000 419 216 0.5155
2956.0000 420 216 0.5143
2961.0000 421 216 0.5131
2970.0000 422 216 0.5118
2975.0000 423 216 0.5106
2976.0000 423 217 0.5130
2984.0000 424 217 0.5118
2990.0000 424 218 0.5142
2991.0000 425 218 0.5129
3000.0000 426 218 0.5117
3008.0000 427 218 0.5105
3017.0000 428 218 0.5093
3017.0000 428 219 0.5117
3025.0000 429 219 0.5105
3026.0000 429 220 0.5128
3034.0000 430 220 0.5116
3040.0000 431 220 0.5104
3046.0000 432 220 0.5093
3051.0000 433 220 0.5081
3060.0000 434 220 0.5069
3061.0000 434 221 0.5092
3062.0000 434 222 0.5115
3066.0000 434 223 0.5138
3067.0000 435 223 0.5126
3073.0000 436 223 0.5115
3080.0000 437 223 0.5103
3081.0000 437 224 0.5126
3085.0000 438 224 0.5114
3091.0000 439 224 0.5103
3097.0000 440 224 0.5091
3100.0000 440 225 0.5114
3106.0000 441 225 0.5102
3114.0000 442 225 0.5090
3117.0000 442 226 0.5113
3117.0000 442 227 0.5136
3118.0000 442 228 0.5158
3123.0000 443 228 0.5147
3124.0000 443 229 0.5169
3131.0000 444 229 0.5158
3138.0000 445 229 0.5146
3144.0000 446 229 0.5135
3151.0000 447 229 0.5123
3159.0000 448 229 0.5112
3166.0000 449 229 0.5100
3175.0000 450 229 0.5089
3179.0000 450 230 0.5111
3184.0000 451 230 0.5100
3189.0000 452 230 0.5088
3197.0000 453 230 0.5077
3203.0000 453 231 0.5099
3204.0000 454 231 0.5088
3206.0000 454 232 0.5110
3211.0000 455 232 0.5099
3218.0000 456 232 0.5088
3227.0000 457 232 0.5077
3236.0000 458 232 0.5066
3242.0000 459 232 0.5054
3251.0000 460 232 0.5043
3258.0000 461 232 0.5033
3262.0000 461 233 0.5054
3266.0000 462 233 0.5043
3274.0000 463 233 0.5032
3279.0000 463 234 0.5054
3281.0000 463 235 0.5076
3282.0000 464 235 0.5065
3289.0000 464 236 0.5086
3291.0000 465 236 0.5075
3298.0000 466 236 0.5064
3303.0000 467 236 0.5054
3309.0000 468 236 0.5043
3314.0000 468 237 0.5064
3318.0000 469 237 0.5053
3323.0000 469 238 0.5075
3324.0000 470 238 0.5064
3330.0000 471 238 0.5053
3338.0000 472 238 0.5042
3343.0000 472 239 0.5064
3344.0000 473 239 0.5053
3351.0000 474 239 0.5042
3356.0000 475 239 0.5032
3361.0000 475 240 0.5053
3362.0000 476 240 0.5042
3371.0000 477 240 0.5031
3376.0000 477 241 0.5052
3380.0000 478 241 0.5042
3388.0000 479 241 0.5031
3390.0000 479 242 0.5052
3395.0000 480 242 0.5042
3403.0000 481 242 0.5031
3403.0000 481 243 0.5052
3409.0000 482 243 0.5041
3417.0000 483 243 0.5031
3424.0000 484 243 0.5021
3424.0000 484 244 0.5041
3430.0000 485 244 0.5031
3432.0000 485 245 0.5052
3439.0000 486 245 0.5041
3442.0000 486 246 0.5062
3446.0000 487 246 0.5051
3453.0000 488 246 0.5041
3460.0000 489 246 0.5031
3467.0000 490 246 0.5020
3472.0000 491 246 0.5010
3477.0000 492 246 0.5000
3484.0000 493 246 0.4990
3492.0000 494 246 0.4980
3500.0000 495 246 0.4970
3506.0000 496 246 0.4960
3512.0000 497 246 0.4950
3519.0000 498 246 0.4940
3525.0000 499 246 0.4930
3531.0000 500 246 0.4920
3534.0000 500 247 0.4940
3537.0000 501 247 0.4930
3546.0000 502 247 0.4920
3547.0000 502 248 0.4940
3554.0000 502 249 0.4960
3555.0000 503 249 0.4950
3561.0000 504 249 0.4940
3570.0000 505 249 0.4931
3578.0000 506 249 0.4921
3586.0000 507 249 0.4911
3593.0000 508 249 0.4902
3599.0000 509 249 0.4892
3601.0000 509 250 0.4912
3606.0000 509 251 0.4931
3608.0000 510 251 0.4922
3613.0000 511 251 0.4912
3620.0000 512 251 0.4902
3625.0000 513 251 0.4893
3630.0000 514 251 0.4883
3635.0000 515 251 0.4874
3637.0000 515 252 0.4893
3643.0000 516 252 0.4884
3652.0000 517 252 0.4874
3657.0000 517 253 0.4894
3660.0000 518 253 0.4884
3666.0000 519 253 0.4875
3667.0000 519 254 0.4894
3671.0000 520 254 0.4885
3671.0000 520 255 0.4904
3677.0000 520 256 0.4923
3679.0000 521 256 0.4914
3684.0000 522 256 0.4904
3684.0000 522 257 0.4923
3691.0000 523 257 0.4914
3697.0000 524 257 0.4905
3701.0000 524 258 0.4924
3702.0000 525 258 0.4914
3704.0000 525 259 0.4933
3704.0000 525 260 0.4952
3708.0000 526 260 0.4943
3715.0000 526 261 0.4962
3717.0000 527 261 0.4953
3725.0000 528 261 0.4943
3727.0000 528 262 0.4962
3730.0000 529 262 0.4953
3739.0000 530 262 0.4943
3741.0000 530 263 0.4962
3747.0000 531 263 0.4953
3749.0000 531 264 0.4972
3756.0000 532 264 0.4962
3758.0000 532 265 0.4981
3759.0000 532 266 0.5000
3764.0000 533 266 0.4991
3772.0000 534 266 0.4981
3780.0000 535 266 0.4972
3787.0000 536 266 0.4963
3790.0000 536 267 0.4981
3796.0000 537 267 0.4972
3805.0000 538 267 0.4963
3812.0000 539 267 0.4954
3817.0000 540 267 0.4944
3826.0000 541 267 0.4935
3833.0000 542 267 0.4926
3838.0000 543 267 0.4917
3845.0000 544 267 0.4908
3852.0000 545 267 0.4899
3858.0000 546 267 0.4890
3863.0000 547 267 0.4881
3872.0000 548 267 0.4872
3873.0000 548 268 0.4891
3880.0000 549 268 0.4882
3888.0000 550 268 0.4873
3897.0000 551 268 0.4864
3903.0000 552 268 0.4855
3905.0000 552 269 0.4873
3909.0000 553 269 0.4864
3909.0000 553 270 0.4882
3915.0000 554 270 0.4874
3922.0000 555 270 0.4865
3927.0000 556 270 0.4856
3932.0000 556 271 0.4874
3934.0000 557 271 0.4865
3934.0000 557 272 0.4883
3942.0000 558 272 0.4875
3945.0000 558 273 0.4892
3947.0000 559 273 0.4884
3954.0000 560 273 0.4875
3960.0000 560 274 0.4893
3963.0000 561 274 0.4884
3963.0000 561 275 0.4902
3969.0000 561 276 0.4920
3970.0000 562 276 0.4911
3978.0000 563 276 0.4902
3985.0000 564 276 0.4894
3990.0000 565 276 0.4885
3990.0000 565 277 0.4903
3997.0000 566 277 0.4894
3998.0000 566 278 0.4912
4002.0000 567 278 0.4903
4003.0000 567 279 0.4921
4009.0000 567 280 0.4938
4011.0000 568 280 0.4930
4017.0000 569 280 0.4921
4023.0000 570 280 0.4912
4030.0000 571 280 0.4904
4038.0000 572 280 0.4895
4046.0000 573 280 0.4887
4052.0000 574 280 0.4878
4053.0000 574 281 0.4895
4058.0000 574 282 0.4913
4061.0000 575 282 0.4904
4067.0000 576 282 0.4896
4067.0000 576 283 0.4913
4076.0000 577 283 0.4905
4083.0000 578 283 0.4896
4085.0000 578 284 0.4913
4091.0000 579 284 0.4905
4096.0000 580 284 0.4897
4105.0000 581 284 0.4888
4105.0000 581 285 0.4905
4113.0000 582 285 0.4897
4119.0000 582 286 0.4914
4120.0000 582 287 0.4931
4122.0000 583 287 0.4923
4127.0000 584 287 0.4914
4130.0000 584 288 0.4932
4135.0000 585 288 0.4923
4143.0000 586 288 0.4915
4146.0000 586 289 0.4932
4152.0000 587 289 0.4923
4157.0000 588 289 0.4915
4166.0000 589 289 0.4907
4174.0000 590 289 0.4898
4181.0000 591 289 0.4890
4186.0000 592 289 0.4882
4192.0000 593 289 0.4874
4201.0000 594 289 0.4865
4207.0000 594 290 0.4882
4208.0000 595 290 0.4874
4216.0000 596 290 0.4866
4223.0000 597 290 0.4858
4228.0000 597 291 0.4874
4229.0000 598 291 0.4866
4235.0000 599 291 0.4858
4239.0000 599 292 0.4875
4241.0000 600 292 0.4867
4245.0000 600 293 0.4883
4250.0000 601 293 0.4875
4255.0000 602 293 0.4867
4255.0000 602 294 0.4884
4258.0000 602 295 0.4900
4259.0000 602 296 0.4917
4264.0000 603 296 0.4909
4268.0000 603 297 0.4925
4272.0000 604 297 0.4917
4277.0000 605 297 0.4909
4286.0000 606 297 0.4901
4288.0000 606 298 0.4917
4291.0000 607 298 0.4909
4296.0000 608 298 0.4901
4300.0000 608 299 0.4918
4301.0000 608 300 0.4934
4302.0000 609 300 0.4926
4309.0000 610 300 0.4918
4315.0000 611 300 0.4910
4320.0000 612 300 0.4902
4329.0000 613 300 0.4894
4333.0000 613 301 0.4910
4334.0000 613 302 0.4927
4335.0000 614 302 0.4919
4338.0000 614 303 0.4935
4343.0000 615 303 0.4927
4351.0000 616 303 0.4919
4356.0000 617 303 0.4911
4361.0000 618 303 0.4903
4366.0000 618 304 0.4919
4368.0000 619 304 0.4911
4375.0000 620 304 0.4903
4381.0000 621 304 0.4895
4390.0000 622 304 0.4887
4390.0000 622 305 0.4904
4390.0000 622 306 0.4920
4396.0000 623 306 0.4912
4404.0000 624 306 0.4904
4412.0000 624 307 0.4920
4413.0000 625 307 0.4912
4418.0000 625 308 0.4928
4421.0000 626 308 0.4920
4423.0000 626 309 0.4936
4426.0000 627 309 0.4928
4427.0000 627 310 0.4944
4427.0000 627 311 0.4960
4431.0000 628 311 0.4952
4433.0000 628 312 0.4968
4433.0000 628 313 0.4984
4437.0000 629 313 0.4976
4446.0000 630 313 0.4968
4447.0000 630 314 0.4984
4452.0000 631 314 0.4976
4456.0000 631 315 0.4992
4458.0000 632 315 0.4984
4465.0000 633 315 0.4976
4471.0000 634 315 0.4968
4473.0000 634 316 0.4984
4476.0000 635 316 0.4976
4482.0000 636 316 0.4969
4482.0000 636 317 0.4984
4485.0000 636 318 0.5000
4487.0000 637 318 0.4992
4490.0000 637 319 0.5008
4490.0000 637 320 0.5024
4494.0000 638 320 0.5016
4503.0000 639 320 0.5008
4511.0000 640 320 0.5000
4513.0000 640 321 0.5016
4517.0000 641 321 0.5008
4525.0000 642 321 0.5000
4529.0000 642 322 0.5016
4530.0000 643 322 0.5008
4534.0000 643 323 0.5023
4536.0000 644 323 0.5016
4545.0000 645 323 0.5008
4546.0000 645 324 0.5023
4553.0000 646 324 0.5015
4558.0000 647 324 0.5008
4567.0000 648 324 0.5000
4569.0000 648 325 0.5015
4573.0000 648 326 0.5031
4574.0000 649 326 0.5023
4574.0000 649 327 0.5039
4582.0000 650 327 0.5031
4588.0000 651 327 0.5023
4594.0000 652 327 0.5015
4599.0000 653 327 0.5008
4600.0000 653 328 0.5023
4600.0000 653 329 0.5038
4607.0000 654 329 0.5031
4612.0000 655 329 0.5023
4621.0000 656 329 0.5015
4627.0000 657 329 0.5008
4634.0000 658 329 0.5000
4642.0000 659 329 0.4992
4649.0000 659 330 0.5008
4651.0000 660 330 0.5000
4657.0000 661 330 0.4992
4663.0000 662 330 0.4985
4669.0000 663 330 0.4977
4673.0000 663 331 0.4992
4678.0000 664 331 0.4985
4684.0000 665 331 0.4977
4690.0000 665 332 0.4992
4691.0000 666 332 0.4985
4695.0000 666 333 0.5000
4697.0000 667 333 0.4993
4706.0000 668 333 0.4985
4710.0000 668 334 0.5000
4712.0000 669 334 0.4993
4714.0000 669 335 0.5007
4720.0000 670 335 0.5000
4728.0000 671 335 0.4993
4733.0000 671 336 0.5007
4735.0000 671 337 0.5022
4737.0000 672 337 0.5015
4737.0000 672 338 0.5030
4742.0000 672 339 0.5045
4744.0000 673 339 0.5037
4752.0000 674 339 0.5030
4757.0000 675 339 0.5022
4766.0000 676 339 0.5015
4768.0000 676 340 0.5030
4769.0000 676 341 0.5044
4772.0000 677 341 0.5037
4779.0000 677 342 0.5052
4781.0000 678 342 0.5044
4786.0000 679 342 0.5037
4792.0000 680 342 0.5029
4799.0000 681 342 0.5022
4804.0000 682 342 0.5015
4809.0000 683 342 0.5007
4815.0000 684 342 0.5000
4815.0000 684 343 0.5015
4822.0000 685 343 0.5007
4829.0000 685 344 0.5022
4831.0000 686 344 0.5015
4837.0000 686 345 0.5029
4839.0000 687 345 0.5022
4844.0000 687 346 0.5036
4845.0000 688 346 0.5029
4854.0000 689 346 0.5022
4860.0000 689 347 0.5036
4862.0000 690 347 0.5029
4864.0000 690 348 0.5043
4867.0000 691 348 0.5036
4869.0000 691 349 0.5051
4874.0000 692 349 0.5043
4881.0000 693 349 0.5036
4883.0000 693 350 0.5051
4890.0000 694 350 0.5043
4896.0000 695 350 0.5036
4902.0000 696 350 0.5029
4903.0000 696 351 0.5043
4908.0000 697 351 0.5036
4917.0000 698 351 0.5029
4923.0000 699 351 0.5021
4928.0000 700 351 0.5014
4937.0000 701 351 0.5007
4945.0000 702 351 0.5000
4950.0000 703 351 0.4993
4959.0000 704 351 0.4986
4959.0000 704 352 0.5000
4964.0000 705 352 0.4993
4970.0000 706 352 0.4986
4978.0000 707 352 0.4979
4981.0000 707 353 0.4993
4983.0000 708 353 0.4986
4988.0000 709 353 0.4979
4997.0000 710 353 0.4972
5004.0000 711 353 0.4965
5013.0000 712 353 0.4958
5015.0000 712 354 0.4972
5019.0000 713 354 0.4965
5028.0000 714 354 0.4958
5029.0000 714 355 0.4972
5036.0000 715 355 0.4965
5042.0000 715 356 0.4979
5044.0000 716 356 0.4972
5053.0000 717 356 0.4965
5058.0000 718 356 0.4958
5059.0000 718 357 0.4972
5066.0000 718 358 0.4986
5067.0000 719 358 0.4979
5073.0000 720 358 0.4972
5077.0000 720 359 0.4986
5077.0000 720 360 0.5000
5081.0000 721 360 0.4993
5086.0000 722 360 0.4986
5089.0000 722 361 0.5000
5093.0000 723 361 0.4993
5099.0000 724 361 0.4986
5108.0000 725 361 0.4979
5111.0000 725 362 0.4993
5116.0000 726 362 0.4986
5124.0000 727 362 0.4979
5133.0000 728 362 0.4973
5141.0000 728 363 0.4986
5142.0000 729 363 0.4979
5147.0000 730 363 0.4973
5155.0000 731 363 0.4966
5161.0000 732 363 0.4959
5166.0000 733 363 0.4952
5175.0000 734 363 0.4946
5180.0000 735 363 0.4939
5186.0000 736 363 0.4932
5187.0000 736 364 0.4946
5191.0000 736 365 0.4959
5195.0000 737 365 0.4953
5202.0000 738 365 0.4946
5209.0000 739 365 0.4939
5211.0000 739 366 0.4953
5218.0000 740 366 0.4946
5224.0000 741 366 0.4939
5232.0000 742 366 0.4933
5239.0000 743 366 0.4926
5243.0000 743 367 0.4939
5244.0000 744 367 0.4933
5250.0000 745 367 0.4926
5256.0000 746 367 0.4920
5264.0000 747 367 0.4913
5273.0000 748 367 0.4906
5275.0000 748 368 0.4920
5276.0000 748 369 0.4933
5282.0000 749 369 0.4927
5290.0000 750 369 0.4920
5298.0000 751 369 0.4913
5299.0000 751 370 0.4927
5305.0000 752 370 0.4920
5306.0000 752 371 0.4934
5312.0000 753 371 0.4927
5320.0000 754 371 0.4920
5328.0000 755 371 0.4914
5335.0000 756 371 0.4907
5342.0000 756 372 0.4921
5344.0000 757 372 0.4914
5352.0000 758 372 0.4908
5357.0000 758 373 0.4921
5359.0000 759 373 0.4914
5366.0000 760 373 0.4908
5372.0000 761 373 0.4901
5375.0000 761 374 0.4915
5379.0000 762 374 0.4908
5384.0000 763 374 0.4902
5389.0000 764 374 0.4895
5395.0000 765 374 0.4889
5402.0000 766 374 0.4883
5411.0000 767 374 0.4876
5417.0000 768 374 0.4870
5423.0000 769 374 0.4863
5429.0000 770 374 0.4857
5438.0000 771 374 0.4851
5444.0000 772 374 0.4845
5452.0000 773 374 0.4838
5454.0000 773 375 0.4851
5457.0000 774 375 0.4845
5466.0000 775 375 0.4839
5472.0000 776 375 0.4832
5475.0000 776 376 0.4845
5480.0000 777 376 0.4839
5489.0000 778 376 0.4833
5497.0000 779 376 0.4827
5504.0000 780 376 0.4821
5509.0000 780 377 0.4833
5511.0000 781 377 0.4827
5514.0000 781 378 0.4840
5518.0000 782 378 0.4834
5523.0000 783 378 0.4828
5529.0000 783 379 0.4840
5530.0000 784 379 0.4834
5537.0000 785 379 0.4828
5546.0000 786 379 0.4822
5555.0000 787 379 0.4816
5564.0000 788 379 0.4810
5573.0000 789 379 0.4804
5581.0000 790 379 0.4797
5582.0000 790 380 0.4810
5588.0000 790 381 0.4823
5590.0000 791 381 0.4817
5595.0000 792 381 0.4811
5603.0000 793 381 0.4805
5610.0000 794 381 0.4798
5618.0000 795 381 0.4792
5624.0000 796 381 0.4786
5633.0000 797 381 0.4780
5635.0000 797 382 0.4793
5638.0000 798 382 0.4787
5646.0000 799 382 0.4781
5654.0000 800 382 0.4775
5663.0000 801 382 0.4769
5668.0000 802 382 0.4763
5669.0000 802 383 0.4776
5677.0000 803 383 0.4770
5685.0000 804 383 0.4764
5694.0000 805 383 0.4758
5700.0000 806 383 0.4752
5700.0000 806 384 0.4764
5706.0000 807 384 0.4758
5715.0000 808 384 0.4752
5720.0000 809 384 0.4747
5728.0000 810 384 0.4741
5735.0000 811 384 0.4735
5735.0000 811 385 0.4747
5742.0000 812 385 0.4741
5748.0000 813 385 0.4736
5754.0000 814 385 0.4730
5759.0000 815 385 0.4724
5766.0000 816 385 0.4718
5772.0000 817 385 0.4712
5780.0000 818 385 0.4707
5787.0000 819 385 0.4701
5792.0000 820 385 0.4695
5794.0000 820 386 0.4707
5795.0000 820 387 0.4720
5799.0000 821 387 0.4714
5808.0000 822 387 0.4708
5816.0000 823 387 0.4702
5816.0000 823 388 0.4714
5825.0000 824 388 0.4709
5833.0000 825 388 0.4703
5839.0000 826 388 0.4697
5844.0000 827 388 0.4692
5848.0000 827 389 0.4704
5852.0000 828 389 0.4698
5853.0000 828 390 0.4710
5856.0000 828 391 0.4722
5860.0000 829 391 0.4717
5861.0000 829 392 0.4729
5867.0000 830 392 0.4723
5876.0000 831 392 0.4717
5877.0000 831 393 0.4729
5879.0000 831 394 0.4741
5880.0000 831 395 0.4753
5884.0000 832 395 0.4748
5892.0000 833 395 0.4742
5901.0000 834 395 0.4736
5904.0000 834 396 0.4748
5910.0000 835 396 0.4743
5919.0000 836 396 0.4737
5924.0000 837 396 0.4731
5930.0000 837 397 0.4743
5932.0000 838 397 0.4737
5939.0000 839 397 0.4732
5946.0000 840 397 0.4726
5951.0000 841 397 0.4721
5952.0000 841 398 0.4732
5959.0000 842 398 0.4727
5968.0000 843 398 0.4721
5971.0000 843 399 0.4733
5974.0000 844 399 0.4727
5982.0000 845 399 0.4722
5989.0000 846 399 0.4716
5995.0000 847 399 0.4711
6000.0000 848 399 0.4705
6008.0000 849 399 0.4700
6015.0000 850 399 0.4694
6023.0000 851 399 0.4689
6026.0000 851 400 0.4700
6030.0000 852 400 0.4695
6035.0000 853 400 0.4689
6041.0000 854 400 0.4684
6045.0000 854 401 0.4696
6046.0000 854 402 0.4707
6047.0000 855 402 0.4702
6054.0000 856 402 0.4696
6056.0000 856 403 0.4708
6060.0000 856 404 0.4720
6061.0000 857 404 0.4714
6068.0000 858 404 0.4709
6077.0000 859 404 0.4703
6079.0000 859 405 0.4715
6082.0000 859 406 0.4726
6083.0000 859 407 0.4738
6085.0000 860 407 0.4733
6094.0000 861 407 0.4727
6099.0000 861 408 0.4739
6099.0000 861 409 0.4750
6103.0000 862 409 0.4745
6104.0000 862 410 0.4756
6110.0000 863 410 0.4751
6116.0000 864 410 0.4745
6123.0000 865 410 0.4740
6128.0000 865 411 0.4751
6129.0000 866 411 0.4746
6137.0000 867 411 0.4740
6146.0000 868 411 0.4735
6147.0000 868 412 0.4747
6155.0000 869 412 0.4741
6155.0000 869 413 0.4753
6161.0000 870 413 0.4747
6163.0000 870 414 0.4759
6169.0000 871 414 0.4753
6175.0000 872 414 0.4748
6183.0000 873 414 0.4742
6190.0000 874 414 0.4737
6199.0000 875 414 0.4731
6205.0000 876 414 0.4726
6211.0000 877 414 0.4721
6214.0000 877 415 0.4732
6216.0000 878 415 0.4727
6221.0000 879 415 0.4721
6228.0000 880 415 0.4716
6233.0000 881 415 0.4711
6242.0000 882 415 0.4705
6250.0000 882 416 0.4717
6251.0000 883 416 0.4711
6257.0000 884 416 0.4706
6262.0000 885 416 0.4701
6269.0000 886 416 0.4695
6276.0000 887 416 0.4690
6284.0000 888 416 0.4685
6289.0000 889 416 0.4679
6297.0000 890 416 0.4674
6306.0000 891 416 0.4669
6312.0000 891 417 0.4680
6314.0000 892 417 0.4675
6319.0000 892 418 0.4686
6323.0000 893 418 0.4681
6328.0000 894 418 0.4676
6331.0000 894 419 0.4687
6334.0000 895 419 0.4682
6340.0000 896 419 0.4676
6349.0000 897 419 0.4671
6358.0000 898 419 0.4666
6360.0000 898 420 0.4677
6366.0000 899 420 0.4672
6373.0000 900 420 0.4667
6378.0000 901 420 0.4661
6382.0000 901 421 0.4673
6386.0000 902 421 0.4667
6390.0000 902 422 0.4678
6393.0000 902 423 0.4690
6395.0000 903 423 0.4684
6400.0000 904 423 0.4679
6405.0000 905 423 0.4674
6412.0000 906 423 0.4669
6418.0000 907 423 0.4664
6426.0000 908 423 0.4659
6433.0000 909 423 0.4653
6440.0000 910 423 0.4648
6448.0000 911 423 0.4643
6456.0000 912 423 0.4638
6461.0000 913 423 0.4633
6467.0000 914 423 0.4628
6475.0000 914 424 0.4639
6476.0000 915 424 0.4634
6483.0000 916 424 0.4629
6489.0000 917 424 0.4624
6493.0000 917 425 0.4635
6498.0000 918 425 0.4630
6506.0000 919 425 0.4625
6511.0000 920 425 0.4620
6520.0000 921 425 0.4615
6523.0000 921 426 0.4625
6526.0000 922 426 0.4620
6533.0000 923 426 0.4615
6538.0000 924 426 0.4610
6545.0000 925 426 0.4605
6554.0000 926 426 0.4600
6561.0000 927 426 0.4595
6568.0000 927 427 0.4606
6569.0000 928 427 0.4601
6573.0000 928 428 0.4612
6575.0000 928 429 0.4623
6577.0000 929 429 0.4618
6581.0000 929 430 0.4629
6583.0000 930 430 0.4624
6591.0000 931 430 0.4619
6591.0000 931 431 0.4629
6600.0000 932 431 0.4624
6605.0000 933 431 0.4620
6613.0000 934 431 0.4615
6621.0000 935 431 0.4610
6623.0000 935 432 0.4620
6624.0000 935 433 0.4631
6626.0000 935 434 0.4642
6627.0000 936 434 0.4637
6633.0000 937 434 0.4632
6638.0000 938 434 0.4627
6643.0000 939 434 0.4622
6648.0000 940 434 0.4617
6654.0000 940 435 0.4628
6657.0000 941 435 0.4623
6662.0000 942 435 0.4618
6669.0000 943 435 0.4613
6672.0000 943 436 0.4624
6676.0000 944 436 0.4619
6678.0000 944 437 0.4629
6680.0000 944 438 0.4640
6685.0000 945 438 0.4635
6692.0000 946 438 0.4630
6692.0000 946 439 0.4641
6699.0000 947 439 0.4636
6706.0000 948 439 0.4631
6711.0000 949 439 0.4626
6717.0000 950 439 0.4621
6722.0000 951 439 0.4616
6730.0000 952 439 0.4611
6735.0000 952 440 0.4622
6739.0000 953 440 0.4617
6745.0000 954 440 0.4612
6749.0000 954 441 0.4623
6753.0000 955 441 0.4618
6762.0000 956 441 0.4613
6771.0000 957 441 0.4608
6774.0000 957 442 0.4619
6775.0000 957 443 0.4629
6776.0000 957 444 0.4639
6780.0000 958 444 0.4635
6782.0000 958 445 0.4645
6786.0000 959 445 0.4640
6791.0000 959 446 0.4651
6795.0000 960 446 0.4646
6796.0000 960 447 0.4656
6803.0000 960 448 0.4667
6804.0000 961 448 0.4662
6809.0000 962 448 0.4657
6816.0000 963 448 0.4652
6823.0000 964 448 0.4647
6830.0000 965 448 0.4642
6838.0000 966 448 0.4638
6840.0000 966 449 0.4648
6844.0000 967 449 0.4643
6850.0000 968 449 0.4638
6858.0000 969 449 0.4634
6864.0000 970 449 0.4629
6871.0000 971 449 0.4624
6878.0000 972 449 0.4619
6883.0000 972 450 0.4630
6885.0000 973 450 0.4625
6886.0000 973 451 0.4635
6890.0000 974 451 0.4630
6896.0000 975 451 0.4626
6901.0000 976 451 0.4621
6909.0000 977 451 0.4616
6911.0000 977 452 0.4626
6914.0000 977 453 0.4637
6918.0000 978 453 0.4632
6927.0000 979 453 0.4627
6934.0000 980 453 0.4622
6941.0000 981 453 0.4618
6948.0000 982 453 0.4613
6957.0000 983 453 0.4608
6964.0000 984 453 0.4604
6972.0000 985 453 0.4599
6977.0000 986 453 0.4594
6982.0000 987 453 0.4590
6988.0000 988 453 0.4585
6994.0000 988 454 0.4595
6996.0000 989 454 0.4590
7005.0000 990 454 0.4586
7011.0000 991 454 0.4581
7020.0000 992 454 0.4577
7023.0000 992 455 0.4587
7027.0000 993 455 0.4582
7033.0000 993 456 0.4592
7034.0000 994 456 0.4588
7037.0000 994 457 0.4598
7042.0000 995 457 0.4593
7048.0000 996 457 0.4588
7048.0000 996 458 0.4598
7051.0000 996 459 0.4608
7055.0000 997 459 0.4604
7057.0000 997 460 0.4614
7064.0000 998 460 0.4609
7071.0000 999 460 0.4605
7076.0000 1000 460 0.4600
7082.0000 1001 460 0.4595
7083.0000 1001 461 0.4605
7090.0000 1002 461 0.4601
7097.0000 1003 461 0.4596
7102.0000 1004 461 0.4592
7109.0000 1005 461 0.4587
7118.0000 1006 461 0.4583
7118.0000 1006 462 0.4592
7124.0000 1007 462 0.4588
7126.0000 1007 463 0.4598
7130.0000 1008 463 0.4593
7139.0000 1009 463 0.4589
7144.0000 1010 463 0.4584
7153.0000 1011 463 0.4580
7160.0000 1012 463 0.4575
7167.0000 1013 463 0.4571
7176.0000 1014 463 0.4566
7179.0000 1014 464 0.4576
7183.0000 1015 464 0.4571
7189.0000 1016 464 0.4567
7198.0000 1017 464 0.4562
7205.0000 1018 464 0.4558
7211.0000 1019 464 0.4553
7217.0000 1020 464 0.4549
7222.0000 1021 464 0.4545
7229.0000 1022 464 0.4540
7237.0000 1023 464 0.4536
7239.0000 1023 465 0.4545
7240.0000 1023 466 0.4555
7244.0000 1024 466 0.4551
7248.0000 1024 467 0.4561
7249.0000 1024 468 0.4570
7253.0000 1025 468 0.4566
7260.0000 1026 468 0.4561
7268.0000 1027 468 0.4557
7275.0000 1028 468 0.4553
7277.0000 1028 469 0.4562
7284.0000 1029 469 0.4558
7287.0000 1029 470 0.4568
7289.0000 1029 471 0.4577
7292.0000 1030 471 0.4573
7294.0000 1030 472 0.4583
7297.0000 1031 472 0.4578
7305.0000 1032 472 0.4574
7311.0000 1033 472 0.4569
7318.0000 1034 472 0.4565
7327.0000 1035 472 0.4560
7334.0000 1036 472 0.4556
7341.0000 1037 472 0.4552
7350.0000 1038 472 0.4547
7359.0000 1039 472 0.4543
7365.0000 1040 472 0.4538
7367.0000 1040 473 0.4548
7373.0000 1041 473 0.4544
7378.0000 1042 473 0.4539
7383.0000 1043 473 0.4535
7383.0000 1043 474 0.4545
7392.0000 1044 474 0.4540
7397.0000 1045 474 0.4536
7404.0000 1046 474 0.4532
7411.0000 1047 474 0.4527
7418.0000 1048 474 0.4523
7420.0000 1048 475 0.4532
7420.0000 1048 476 0.4542
7424.0000 1049 476 0.4538
7430.0000 1050 476 0.4533
7436.0000 1051 476 0.4529
7441.0000 1052 476 0.4525
7446.0000 1052 477 0.4534
7448.0000 1053 477 0.4530
7451.0000 1053 478 0.4539
7457.0000 1054 478 0.4535
7465.0000 1055 478 0.4531
7474.0000 1056 478 0.4527
7482.0000 1057 478 0.4522
7485.0000 1057 479 0.4532
7487.0000 1058 479 0.4527
7493.0000 1059 479 0.4523
7498.0000 1059 480 0.4533
7502.0000 1060 480 0.4528
7507.0000 1061 480 0.4524
7513.0000 1062 480 0.4520
7515.0000 1062 481 0.4529
7519.0000 1063 481 0.4525
7525.0000 1064 481 0.4521
7534.0000 1065 481 0.4516
7542.0000 1066 481 0.4512
7550.0000 1067 481 0.4508
7556.0000 1068 481 0.4504
7557.0000 1068 482 0.4513
7562.0000 1069 482 0.4509
7570.0000 1070 482 0.4505
7575.0000 1070 483 0.4514
7576.0000 1071 483 0.4510
7578.0000 1071 484 0.4519
7584.0000 1071 485 0.4528
7585.0000 1072 485 0.4524
7594.0000 1073 485 0.4520
7602.0000 1074 485 0.4516
7609.0000 1075 485 0.4512
7613.0000 1075 486 0.4521
7617.0000 1076 486 0.4517
7625.0000 1077 486 0.4513
7630.0000 1078 486 0.4508
7635.0000 1079 486 0.4504
7644.0000 1080 486 0.4500
7644.0000 1080 487 0.4509
7652.0000 1081 487 0.4505
7657.0000 1082 487 0.4501
7662.0000 1083 487 0.4497
7667.0000 1084 487 0.4493
7667.0000 1084 488 0.4502
7672.0000 1085 488 0.4498
7680.0000 1086 488 0.4494
7688.0000 1087 488 0.4489
7697.0000 1088 488 0.4485
7706.0000 1089 488 0.4481
7709.0000 1089 489 0.4490
7713.0000 1090 489 0.4486
7721.0000 1091 489 0.4482
7729.0000 1092 489 0.4478
7738.0000 1093 489 0.4474
7743.0000 1094 489 0.4470
7748.0000 1095 489 0.4466
7753.0000 1096 489 0.4462
7757.0000 1096 490 0.4471
7758.0000 1096 491 0.4480
7759.0000 1096 492 0.4489
7762.0000 1097 492 0.4485
7770.0000 1098 492 0.4481
7773.0000 1098 493 0.4490
7776.0000 1099 493 0.4486
7785.0000 1100 493 0.4482
7787.0000 1100 494 0.4491
7791.0000 1101 494 0.4487
7796.0000 1102 494 0.4483
7804.0000 1103 494 0.4479
7811.0000 1104 494 0.4475
7820.0000 1105 494 0.4471
7826.0000 1106 494 0.4467
7832.0000 1107 494 0.4463
7839.0000 1108 494 0.4458
7845.0000 1109 494 0.4454
7854.0000 1110 494 0.4450
7857.0000 1110 495 0.4459
7863.0000 1111 495 0.4455
7865.0000 1111 496 0.4464
7870.0000 1112 496 0.4460
7877.0000 1113 496 0.4456
7883.0000 1113 497 0.4465
7884.0000 1114 497 0.4461
7891.0000 1115 497 0.4457
7891.0000 1115 498 0.4466
7897.0000 1116 498 0.4462
7902.0000 1117 498 0.4458
7909.0000 1117 499 0.4467
7910.0000 1118 499 0.4463
7918.0000 1119 499 0.4459
7923.0000 1120 499 0.4455
7923.0000 1120 500 0.4464
7928.0000 1121 500 0.4460
7934.0000 1122 500 0.4456
7939.0000 1123 500 0.4452
7944.0000 1124 500 0.4448
7950.0000 1125 500 0.4444
7958.0000 1126 500 0.4440
7962.0000 1126 501 0.4449
7966.0000 1127 501 0.4445
7969.0000 1127 502 0.4454
7973.0000 1128 502 0.4450
7977.0000 1128 503 0.4459
7980.0000 1129 503 0.4455
7987.0000 1130 503 0.4451
7987.0000 1130 504 0.4460
7993.0000 1130 505 0.4469
7996.0000 1131 505 0.4465
8005.0000 1132 505 0.4461
8011.0000 1133 505 0.4457
8018.0000 1134 505 0.4453
8018.0000 1134 506 0.4462
8026.0000 1135 506 0.4458
8028.0000 1135 507 0.4467
8035.0000 1136 507 0.4463
8035.0000 1136 508 0.4472
8040.0000 1137 508 0.4468
8045.0000 1138 508 0.4464
8047.0000 1138 509 0.4473
8049.0000 1138 510 0.4482
8052.0000 1139 510 0.4478
8057.0000 1140 510 0.4474
8063.0000 1141 510 0.4470
8069.0000 1142 510 0.4466
8074.0000 1143 510 0.4462
8079.0000 1144 510 0.4458
8081.0000 1144 511 0.4467
8084.0000 1145 511 0.4463
8090.0000 1145 512 0.4472
8092.0000 1146 512 0.4468
8101.0000 1147 512 0.4464
8109.0000 1147 513 0.4473
8110.0000 1148 513 0.4469
8117.0000 1149 513 0.4465
8121.0000 1149 514 0.4473
8124.0000 1150 514 0.4470
8127.0000 1150 515 0.4478
8133.0000 1151 515 0.4474
8138.0000 1152 515 0.4470
8144.0000 1153 515 0.4467
8152.0000 1153 516 0.4475
8153.0000 1154 516 0.4471
8162.0000 1155 516 0.4468
8165.0000 1155 517 0.4476
8169.0000 1156 517 0.4472
8178.0000 1157 517 0.4468
8184.0000 1158 517 0.4465
8191.0000 1159 517 0.4461
8199.0000 1160 517 0.4457
8204.0000 1161 517 0.4453
8212.0000 1162 517 0.4449
8218.0000 1163 517 0.4445
8223.0000 1164 517 0.4442
8227.0000 1164 518 0.4450
8231.0000 1165 518 0.4446
8239.0000 1166 518 0.4443
8247.0000 1167 518 0.4439
8247.0000 1167 519 0.4447
8256.0000 1168 519 0.4443
8263.0000 1168 520 0.4452
8264.0000 1169 520 0.4448
8272.0000 1170 520 0.4444
8279.0000 1171 520 0.4441
8283.0000 1171 521 0.4449
8287.0000 1172 521 0.4445
8293.0000 1173 521 0.4442
8302.0000 1174 521 0.4438
8308.0000 1175 521 0.4434
8317.0000 1176 521 0.4430
8317.0000 1176 522 0.4439
8322.0000 1176 523 0.4447
8325.0000 1177 523 0.4444
8332.0000 1178 523 0.4440
8340.0000 1179 523 0.4436
8345.0000 1180 523 0.4432
8349.0000 1180 524 0.4441
8354.0000 1181 524 0.4437
8359.0000 1182 524 0.4433
8360.0000 1182 525 0.4442
8366.0000 1183 525 0.4438
8374.0000 1184 525 0.4434
8382.0000 1185 525 0.4430
8386.0000 1185 526 0.4439
8390.0000 1186 526 0.4435
8397.0000 1187 526 0.4431
8401.0000 1187 527 0.4440
8403.0000 1188 527 0.4436
8403.0000 1188 528 0.4444
8410.0000 1189 528 0.4441
8416.0000 1190 528 0.4437
8421.0000 1191 528 0.4433
8421.0000 1191 529 0.4442
8424.0000 1191 530 0.4450
8424.0000 1191 531 0.4458
8426.0000 1192 531 0.4455
8435.0000 1193 531 0.4451
8441.0000 1194 531 0.4447
8447.0000 1195 531 0.4444
8455.0000 1196 531 0.4440
8464.0000 1197 531 0.4436
8465.0000 1197 532 0.4444
8472.0000 1198 532 0.4441
8478.0000 1198 533 0.4449
8481.0000 1199 533 0.4445
8488.0000 1200 533 0.4442
8497.0000 1201 533 0.4438
8506.0000 1202 533 0.4434
8507.0000 1202 534 0.4443
8511.0000 1203 534 0.4439
8516.0000 1204 534 0.4435
8524.0000 1205 534 0.4432
8525.0000 1205 535 0.4440
8526.0000 1205 536 0.4448
8530.0000 1206 536 0.4444
8535.0000 1207 536 0.4441
8541.0000 1207 537 0.4449
8544.0000 1208 537 0.4445
8549.0000 1209 537 0.4442
8556.0000 1210 537 0.4438
8560.0000 1210 538 0.4446
8561.0000 1211 538 0.4443
8567.0000 1211 539 0.4451
8569.0000 1212 539 0.4447
8578.0000 1213 539 0.4444
8585.0000 1214 539 0.4440
8593.0000 1215 539 0.4436
8599.0000 1216 539 0.4433
8608.0000 1217 539 0.4429
8617.0000 1218 539 0.4425
8622.0000 1219 539 0.4422
8631.0000 1220 539 0.4418
8640.0000 1221 539 0.4414
8647.0000 1222 539 0.4411
8654.0000 1223 539 0.4407
8659.0000 1224 539 0.4404
8665.0000 1225 539 0.4400
8672.0000 1226 539 0.4396
8679.0000 1227 539 0.4393
8681.0000 1227 540 0.4401
8686.0000 1228 540 0.4397
8693.0000 1229 540 0.4394
8701.0000 1230 540 0.4390
8706.0000 1231 540 0.4387
8711.0000 1231 541 0.4395
8712.0000 1232 541 0.4391
8719.0000 1233 541 0.4388
8722.0000 1233 542 0.4396
8724.0000 1234 542 0.4392
8727.0000 1234 543 0.4400
8729.0000 1235 543 0.4397
8735.0000 1236 543 0.4393
8743.0000 1237 543 0.4390
8749.0000 1238 543 0.4386
8757.0000 1239 543 0.4383
8761.0000 1239 544 0.4391
8762.0000 1239 545 0.4399
8763.0000 1240 545 0.4395
8765.0000 1240 546 0.4403
8772.0000 1241 546 0.4400
8778.0000 1242 546 0.4396
8778.0000 1242 547 0.4404
8782.0000 1242 548 0.4412
8784.0000 1243 548 0.4409
8790.0000 1244 548 0.4405
8798.0000 1245 548 0.4402
8804.0000 1246 548 0.4398
8812.0000 1247 548 0.4395
8815.0000 1247 549 0.4403
8820.0000 1248 549 0.4399
8825.0000 1249 549 0.4396
8832.0000 1250 549 0.4392
8837.0000 1251 549 0.4388
8837.0000 1251 550 0.4396
8846.0000 1252 550 0.4393
8851.0000 1253 550 0.4389
8860.0000 1254 550 0.4386
8864.0000 1254 551 0.4394
8865.0000 1255 551 0.4390
8868.0000 1255 552 0.4398
8870.0000 1256 552 0.4395
8878.0000 1257 552 0.4391
8885.0000 1258 552 0.4388
8892.0000 1259 552 0.4384
8900.0000 1260 552 0.4381
8902.0000 1260 553 0.4389
8909.0000 1261 553 0.4385
8918.0000 1262 553 0.4382
8922.0000 1262 554 0.4390
8925.0000 1263 554 0.4386
8931.0000 1264 554 0.4383
8939.0000 1265 554 0.4379
8939.0000 1265 555 0.4387
8944.0000 1266 555 0.4384
8948.0000 1266 556 0.4392
8953.0000 1267 556 0.4388
8959.0000 1268 556 0.4385
8967.0000 1269 556 0.4381
8975.0000 1270 556 0.4378
8976.0000 1270 557 0.4386
8981.0000 1271 557 0.4382
8990.0000 1272 557 0.4379
8999.0000 1273 557 0.4375
9000.0000 1273 558 0.4383
9006.0000 1274 558 0.4380
9010.0000 1274 559 0.4388
9015.0000 1275 559 0.4384
9021.0000 1276 559 0.4381
9028.0000 1277 559 0.4377
9036.0000 1278 559 0.4374
9043.0000 1279 559 0.4371
9052.0000 1280 559 0.4367
9059.0000 1280 560 0.4375
9060.0000 1281 560 0.4372
9066.0000 1282 560 0.4368
9074.0000 1283 560 0.4365
9077.0000 1283 561 0.4373
9080.0000 1283 562 0.4380
9081.0000 1284 562 0.4377
9086.0000 1285 562 0.4374
9089.0000 1285 563 0.4381
9093.0000 1286 563 0.4378
9099.0000 1286 564 0.4386
9100.0000 1287 564 0.4382
9100.0000 1287 565 0.4390
9102.0000 1287 566 0.4398
9107.0000 1288 566 0.4394
9114.0000 1289 566 0.4391
9119.0000 1290 566 0.4388
9127.0000 1291 566 0.4384
9134.0000 1292 566 0.4381
9137.0000 1292 567 0.4389
9140.0000 1293 567 0.4385
9147.0000 1294 567 0.4382
9153.0000 1295 567 0.4378
9157.0000 1295 568 0.4386
9158.0000 1296 568 0.4383
9167.0000 1297 568 0.4379
9176.0000 1298 568 0.4376
9185.0000 1299 568 0.4373
9187.0000 1299 569 0.4380
9191.0000 1300 569 0.4377
9200.0000 1301 569 0.4374
9208.0000 1302 569 0.4370
9212.0000 1302 570 0.4378
9213.0000 1302 571 0.4386
9216.0000 1303 571 0.4382
9223.0000 1304 571 0.4379
9229.0000 1305 571 0.4375
9238.0000 1306 571 0.4372
9245.0000 1307 571 0.4369
9253.0000 1308 571 0.4365
9260.0000 1309 571 0.4362
9262.0000 1309 572 0.4370
9267.0000 1309 573 0.4377
9268.0000 1310 573 0.4374
9275.0000 1311 573 0.4371
9283.0000 1312 573 0.4367
9289.0000 1313 573 0.4364
9295.0000 1314 573 0.4361
9300.0000 1315 573 0.4357
9307.0000 1316 573 0.4354
9316.0000 1317 573 0.4351
9324.0000 1318 573 0.4347
9326.0000 1318 574 0.4355
9327.0000 1318 575 0.4363
9330.0000 1319 575 0.4359
9338.0000 1320 575 0.4356
9347.0000 1321 575 0.4353
9349.0000 1321 576 0.4360
9355.0000 1322 576 0.4357
9362.0000 1323 576 0.4354
9369.0000 1324 576 0.4350
9375.0000 1324 577 0.4358
9378.0000 1325 577 0.4355
9384.0000 1326 577 0.4351
9390.0000 1327 577 0.4348
9397.0000 1328 577 0.4345
9404.0000 1328 578 0.4352
9405.0000 1329 578 0.4349
9412.0000 1330 578 0.4346
9418.0000 1331 578 0.4343
9424.0000 1332 578 0.4339
9427.0000 1332 579 0.4347
9428.0000 1332 580 0.4354
9429.0000 1332 581 0.4362
9430.0000 1333 581 0.4359
9438.0000 1334 581 0.4355
9443.0000 1335 581 0.4352
9446.0000 1335 582 0.4360
9449.0000 1336 582 0.4356
9458.0000 1337 582 0.4353
9465.0000 1338 582 0.4350
9473.0000 1339 582 0.4347
9478.0000 1340 582 0.4343
9487.0000 1341 582 0.4340
9493.0000 1342 582 0.4337
9502.0000 1343 582 0.4334
9505.0000 1343 583 0.4341
9507.0000 1344 583 0.4338
9514.0000 1345 583 0.4335
9519.0000 1346 583 0.4331
9528.0000 1347 583 0.4328
9534.0000 1348 583 0.4325
9539.0000 1349 583 0.4322
9547.0000 1350 583 0.4319
9554.0000 1351 583 0.4315
9563.0000 1352 583 0.4312
9572.0000 1353 583 0.4309
9577.0000 1354 583 0.4306
9585.0000 1355 583 0.4303
9593.0000 1356 583 0.4299
9602.0000 1357 583 0.4296
9607.0000 1358 583 0.4293
9616.0000 1359 583 0.4290
9625.0000 1360 583 0.4287
9632.0000 1361 583 0.4284
9638.0000 1361 584 0.4291
9641.0000 1362 584 0.4288
9648.0000 1363 584 0.4285
9657.0000 1364 584 0.4282
9660.0000 1364 585 0.4289
9666.0000 1365 585 0.4286
9671.0000 1366 585 0.4283
9677.0000 1367 585 0.4279
9686.0000 1368 585 0.4276
9694.0000 1369 585 0.4273
9702.0000 1370 585 0.4270
9707.0000 1370 586 0.4277
9707.0000 1370 587 0.4285
9707.0000 1370 588 0.4292
9707.0000 1370 589 0.4299
9709.0000 1371 589 0.4296
9717.0000 1372 589 0.4293
9726.0000 1373 589 0.4290
9732.0000 1374 589 0.4287
9740.0000 1375 589 0.4284
9743.0000 1375 590 0.4291
9749.0000 1376 590 0.4288
9752.0000 1376 591 0.4295
9756.0000 1377 591 0.4292
9762.0000 1378 591 0.4289
9768.0000 1379 591 0.4286
9775.0000 1380 591 0.4283
9775.0000 1380 592 0.4290
9781.0000 1381 592 0.4287
9787.0000 1382 592 0.4284
9794.0000 1382 593 0.4291
9796.0000 1383 593 0.4288
9804.0000 1384 593 0.4285
9812.0000 1385 593 0.4282
9821.0000 1386 593 0.4278
9830.0000 1387 593 0.4275
9838.0000 1388 593 0.4272
9843.0000 1389 593 0.4269
9849.0000 1390 593 0.4266
9856.0000 1390 594 0.4273
9857.0000 1391 594 0.4270
9864.0000 1392 594 0.4267
9866.0000 1392 595 0.4274
9871.0000 1393 595 0.4271
9877.0000 1394 595 0.4268
9882.0000 1395 595 0.4265
9889.0000 1395 596 0.4272
9890.0000 1396 596 0.4269
9896.0000 1396 597 0.4277
9899.0000 1397 597 0.4273
9899.0000 1397 598 0.4281
9908.0000 1398 598 0.4278
9913.0000 1399 598 0.4274
9921.0000 1400 598 0.4271
9928.0000 1401 598 0.4268
9935.0000 1402 598 0.4265
9938.0000 1402 599 0.4272
9942.0000 1403 599 0.4269
9949.0000 1404 599 0.4266
9953.0000 1404 600 0.4274
9955.0000 1404 601 0.4281
9957.0000 1405 601 0.4278
9958.0000 1405 602 0.4285
9964.0000 1406 602 0.4282
9970.0000 1407 602 0.4279
9978.0000 1408 602 0.4276
9984.0000 1409 602 0.4273
9984.0000 1409 603 0.4280
9991.0000 1410 603 0.4277
9998.0000 1411 603 0.4274
