# time  created  delivered  delivered/created
7.0000 1 0 0.0000
16.0000 2 0 0.0000
21.0000 3 0 0.0000
29.0000 4 0 0.0000
37.0000 5 0 0.0000
44.0000 6 0 0.0000
50.0000 7 0 0.0000
58.0000 8 0 0.0000
66.0000 9 0 0.0000
71.0000 10 0 0.0000
79.0000 11 0 0.0000
85.0000 12 0 0.0000
86.0000 12 1 0.0833
91.0000 13 1 0.0769
97.0000 14 1 0.0714
105.0000 15 1 0.0667
112.0000 16 1 0.0625
121.0000 17 1 0.0588
128.0000 18 1 0.0556
128.0000 18 2 0.1111
134.0000 19 2 0.1053
141.0000 20 2 0.1000
149.0000 21 2 0.0952
155.0000 22 2 0.0909
162.0000 22 3 0.1364
163.0000 23 3 0.1304
168.0000 24 3 0.1250
169.0000 24 4 0.1667
177.0000 25 4 0.1600
182.0000 26 4 0.1538
183.0000 26 5 0.1923
188.0000 27 5 0.1852
193.0000 28 5 0.1786
197.0000 28 6 0.2143
199.0000 29 6 0.2069
204.0000 30 6 0.2000
213.0000 31 6 0.1935
219.0000 32 6 0.1875
228.0000 33 6 0.1818
235.0000 34 6 0.1765
244.0000 35 6 0.1714
251.0000 36 6 0.1667
259.0000 37 6 0.1622
268.0000 38 6 0.1579
273.0000 38 7 0.1842
276.0000 39 7 0.1795
282.0000 39 8 0.2051
284.0000 40 8 0.2000
293.0000 41 8 0.1951
300.0000 42 8 0.1905
302.0000 42 9 0.2143
305.0000 43 9 0.2093
310.0000 44 9 0.2045
310.0000 44 10 0.2273
315.0000 45 10 0.2222
323.0000 46 10 0.2174
330.0000 47 10 0.2128
336.0000 48 10 0.2083
343.0000 49 10 0.2041
352.0000 50 10 0.2000
357.0000 51 10 0.1961
365.0000 52 10 0.1923
371.0000 53 10 0.1887
375.0000 53 11 0.2075
378.0000 54 11 0.2037
386.0000 55 11 0.2000
392.0000 56 11 0.1964
399.0000 57 11 0.1930
406.0000 58 11 0.1897
406.0000 58 12 0.2069
415.0000 59 12 0.2034
420.0000 60 12 0.2000
422.0000 60 13 0.2167
427.0000 61 13 0.2131
435.0000 62 13 0.2097
441.0000 63 13 0.2063
444.0000 63 14 0.2222
449.0000 64 14 0.2188
450.0000 64 15 0.2344
454.0000 65 15 0.2308
459.0000 65 16 0.2462
460.0000 65 17 0.2615
462.0000 66 17 0.2576
470.0000 67 17 0.2537
478.0000 68 17 0.2500
487.0000 69 17 0.2464
493.0000 70 17 0.2429
498.0000 71 17 0.2394
504.0000 71 18 0.2535
507.0000 72 18 0.2500
512.0000 73 18 0.2466
519.0000 74 18 0.2432
524.0000 75 18 0.2400
530.0000 75 19 0.2533
533.0000 76 19 0.2500
539.0000 77 19 0.2468
539.0000 77 20 0.2597
540.0000 77 21 0.2727
548.0000 78 21 0.2692
555.0000 79 21 0.2658
563.0000 80 21 0.2625
564.0000 80 22 0.2750
572.0000 81 22 0.2716
581.0000 82 22 0.2683
590.0000 83 22 0.2651
590.0000 83 23 0.2771
599.0000 84 23 0.2738
603.0000 84 24 0.2857
606.0000 85 24 0.2824
615.0000 86 24 0.2791
621.0000 87 24 0.2759
627.0000 88 24 0.2727
636.0000 89 24 0.2697
643.0000 90 24 0.2667
645.0000 90 25 0.2778
650.0000 91 25 0.2747
657.0000 91 26 0.2857
659.0000 92 26 0.2826
667.0000 92 27 0.2935
668.0000 93 27 0.2903
674.0000 93 28 0.3011
676.0000 94 28 0.2979
680.0000 94 29 0.3085
681.0000 95 29 0.3053
686.0000 95 30 0.3158
689.0000 96 30 0.3125
694.0000 97 30 0.3093
695.0000 97 31 0.3196
696.0000 97 32 0.3299
697.0000 97 33 0.3402
701.0000 98 33 0.3367
706.0000 99 33 0.3333
714.0000 100 33 0.3300
721.0000 101 33 0.3267
722.0000 101 34 0.3366
729.0000 102 34 0.3333
733.0000 102 35 0.3431
734.0000 103 35 0.3398
740.0000 103 36 0.3495
741.0000 104 36 0.3462
747.0000 104 37 0.3558
748.0000 105 37 0.3524
753.0000 106 37 0.3491
761.0000 107 37 0.3458
767.0000 107 38 0.3551
767.0000 107 39 0.3645
768.0000 107 40 0.3738
769.0000 108 40 0.3704
773.0000 108 41 0.3796
774.0000 109 41 0.3761
781.0000 110 41 0.3727
789.0000 111 41 0.3694
794.0000 112 41 0.3661
794.0000 112 42 0.3750
795.0000 112 43 0.3839
796.0000 112 44 0.3929
797.0000 112 45 0.4018
798.0000 112 46 0.4107
800.0000 113 46 0.4071
802.0000 113 47 0.4159
807.0000 114 47 0.4123
812.0000 114 48 0.4211
815.0000 115 48 0.4174
821.0000 116 48 0.4138
821.0000 116 49 0.4224
825.0000 116 50 0.4310
826.0000 117 50 0.4274
834.0000 118 50 0.4237
838.0000 118 51 0.4322
839.0000 119 51 0.4286
839.0000 119 52 0.4370
840.0000 119 53 0.4454
841.0000 119 54 0.4538
848.0000 120 54 0.4500
851.0000 120 55 0.4583
854.0000 121 55 0.4545
863.0000 122 55 0.4508
871.0000 123 55 0.4472
874.0000 123 56 0.4553
877.0000 124 56 0.4516
878.0000 124 57 0.4597
883.0000 125 57 0.4560
890.0000 126 57 0.4524
896.0000 127 57 0.4488
901.0000 127 58 0.4567
903.0000 128 58 0.4531
908.0000 129 58 0.4496
914.0000 130 58 0.4462
917.0000 130 59 0.4538
921.0000 131 59 0.4504
922.0000 131 60 0.4580
929.0000 132 60 0.4545
934.0000 133 60 0.4511
939.0000 133 61 0.4586
941.0000 134 61 0.4552
943.0000 134 62 0.4627
943.0000 134 63 0.4701
948.0000 135 63 0.4667
948.0000 135 64 0.4741
955.0000 136 64 0.4706
962.0000 137 64 0.4672
962.0000 137 65 0.4745
964.0000 137 66 0.4818
968.0000 138 66 0.4783
974.0000 139 66 0.4748
979.0000 140 66 0.4714
988.0000 141 66 0.4681
993.0000 142 66 0.4648
998.0000 143 66 0.4615
1003.0000 144 66 0.4583
1003.0000 144 67 0.4653
1006.0000 144 68 0.4722
1012.0000 145 68 0.4690
1019.0000 146 68 0.4658
1025.0000 147 68 0.4626
1032.0000 148 68 0.4595
1040.0000 149 68 0.4564
1046.0000 149 69 0.4631
1047.0000 150 69 0.4600
1047.0000 150 70 0.4667
1056.0000 151 70 0.4636
1059.0000 151 71 0.4702
1065.0000 152 71 0.4671
1074.0000 153 71 0.4641
1080.0000 153 72 0.4706
1081.0000 154 72 0.4675
1086.0000 154 73 0.4740
1087.0000 154 74 0.4805
1090.0000 155 74 0.4774
1096.0000 156 74 0.4744
1097.0000 156 75 0.4808
1101.0000 157 75 0.4777
1102.0000 157 76 0.4841
1104.0000 157 77 0.4904
1107.0000 157 78 0.4968
1108.0000 158 78 0.4937
1109.0000 158 79 0.5000
1109.0000 158 80 0.5063
1115.0000 158 81 0.5127
1116.0000 159 81 0.5094
1116.0000 159 82 0.5157
1123.0000 160 82 0.5125
1129.0000 161 82 0.5093
1136.0000 162 82 0.5062
1143.0000 163 82 0.5031
1152.0000 164 82 0.5000
1161.0000 165 82 0.4970
1170.0000 166 82 0.4940
1170.0000 166 83 0.5000
1177.0000 167 83 0.4970
1182.0000 168 83 0.4940
1189.0000 169 83 0.4911
1189.0000 169 84 0.4970
1190.0000 169 85 0.5030
1192.0000 169 86 0.5089
1192.0000 169 87 0.5148
1195.0000 170 87 0.5118
1198.0000 170 88 0.5176
1200.0000 171 88 0.5146
1201.0000 171 89 0.5205
1206.0000 172 89 0.5174
1206.0000 172 90 0.5233
1215.0000 173 90 0.5202
1215.0000 173 91 0.5260
1216.0000 173 92 0.5318
1218.0000 173 93 0.5376
1223.0000 174 93 0.5345
1227.0000 174 94 0.5402
1228.0000 175 94 0.5371
1228.0000 175 95 0.5429
1233.0000 176 95 0.5398
1242.0000 177 95 0.5367
1244.0000 177 96 0.5424
1247.0000 178 96 0.5393
1253.0000 179 96 0.5363
1258.0000 179 97 0.5419
1262.0000 180 97 0.5389
1262.0000 180 98 0.5444
1263.0000 180 99 0.5500
1265.0000 180 100 0.5556
1265.0000 180 101 0.5611
1267.0000 181 101 0.5580
1270.0000 181 102 0.5635
1273.0000 182 102 0.5604
1281.0000 183 102 0.5574
1288.0000 184 102 0.5543
1292.0000 184 103 0.5598
1294.0000 185 103 0.5568
1300.0000 186 103 0.5538
1304.0000 186 104 0.5591
1304.0000 186 105 0.5645
1305.0000 186 106 0.5699
1307.0000 187 106 0.5668
1310.0000 187 107 0.5722
1311.0000 187 108 0.5775
1313.0000 188 108 0.5745
1319.0000 189 108 0.5714
1320.0000 189 109 0.5767
1327.0000 190 109 0.5737
1329.0000 190 110 0.5789
1336.0000 191 110 0.5759
1343.0000 191 111 0.5812
1344.0000 192 111 0.5781
1349.0000 193 111 0.5751
1350.0000 193 112 0.5803
1351.0000 193 113 0.5855
1352.0000 193 114 0.5907
1358.0000 194 114 0.5876
1366.0000 195 114 0.5846
1366.0000 195 115 0.5897
1372.0000 196 115 0.5867
1374.0000 196 116 0.5918
1374.0000 196 117 0.5969
1377.0000 197 117 0.5939
1378.0000 197 118 0.5990
1378.0000 197 119 0.6041
1380.0000 197 120 0.6091
1383.0000 198 120 0.6061
1389.0000 199 120 0.6030
1394.0000 200 120 0.6000
1400.0000 200 121 0.6050
1403.0000 201 121 0.6020
1403.0000 201 122 0.6070
1409.0000 201 123 0.6119
1411.0000 202 123 0.6089
1412.0000 202 124 0.6139
1420.0000 203 124 0.6108
1428.0000 204 124 0.6078
1430.0000 204 125 0.6127
1432.0000 204 126 0.6176
1435.0000 204 127 0.6225
1436.0000 204 128 0.6275
1437.0000 205 128 0.6244
1446.0000 206 128 0.6214
1449.0000 206 129 0.6262
1449.0000 206 130 0.6311
1451.0000 206 131 0.6359
1452.0000 206 132 0.6408
1455.0000 207 132 0.6377
1463.0000 207 133 0.6425
1463.0000 207 134 0.6473
1464.0000 208 134 0.6442
1464.0000 208 135 0.6490
1469.0000 209 135 0.6459
1476.0000 210 135 0.6429
1485.0000 211 135 0.6398
1492.0000 212 135 0.6368
1492.0000 212 136 0.6415
1499.0000 213 136 0.6385
1501.0000 213 137 0.6432
1503.0000 213 138 0.6479
1506.0000 214 138 0.6449
1515.0000 215 138 0.6419
1522.0000 216 138 0.6389
1531.0000 217 138 0.6359
1535.0000 217 139 0.6406
1537.0000 218 139 0.6376
1545.0000 219 139 0.6347
1551.0000 219 140 0.6393
1553.0000 220 140 0.6364
1558.0000 220 141 0.6409
1560.0000 221 141 0.6380
1568.0000 222 141 0.6351
1575.0000 223 141 0.6323
1580.0000 224 141 0.6295
1585.0000 224 142 0.6339
1586.0000 225 142 0.6311
1593.0000 226 142 0.6283
1596.0000 226 143 0.6327
1599.0000 227 143 0.6300
1603.0000 227 144 0.6344
1603.0000 227 145 0.6388
1606.0000 228 145 0.6360
1614.0000 229 145 0.6332
1614.0000 229 146 0.6376
1620.0000 229 147 0.6419
1622.0000 230 147 0.6391
1622.0000 230 148 0.6435
1628.0000 231 148 0.6407
1634.0000 232 148 0.6379
1642.0000 233 148 0.6352
1649.0000 233 149 0.6395
1651.0000 234 149 0.6368
1656.0000 235 149 0.6340
1664.0000 236 149 0.6314
1670.0000 237 149 0.6287
1675.0000 238 149 0.6261
1681.0000 239 149 0.6234
1682.0000 239 150 0.6276
1688.0000 240 150 0.6250
1693.0000 240 151 0.6292
1697.0000 241 151 0.6266
1697.0000 241 152 0.6307
1702.0000 241 153 0.6349
1706.0000 242 153 0.6322
1706.0000 242 154 0.6364
1709.0000 242 155 0.6405
1711.0000 243 155 0.6379
1716.0000 244 155 0.6352
1721.0000 244 156 0.6393
1725.0000 245 156 0.6367
1726.0000 245 157 0.6408
1730.0000 246 157 0.6382
1730.0000 246 158 0.6423
1737.0000 247 158 0.6397
1738.0000 247 159 0.6437
1744.0000 248 159 0.6411
1744.0000 248 160 0.6452
1747.0000 248 161 0.6492
1748.0000 248 162 0.6532
1749.0000 249 162 0.6506
1753.0000 249 163 0.6546
1758.0000 250 163 0.6520
1764.0000 251 163 0.6494
1771.0000 252 163 0.6468
1780.0000 253 163 0.6443
1787.0000 254 163 0.6417
1795.0000 255 163 0.6392
1800.0000 255 164 0.6431
1803.0000 256 164 0.6406
1810.0000 257 164 0.6381
1812.0000 257 165 0.6420
1817.0000 258 165 0.6395
1822.0000 258 166 0.6434
1826.0000 259 166 0.6409
1835.0000 260 166 0.6385
1844.0000 261 166 0.6360
1850.0000 262 166 0.6336
1859.0000 263 166 0.6312
1866.0000 264 166 0.6288
1868.0000 264 167 0.6326
1875.0000 265 167 0.6302
1882.0000 266 167 0.6278
1886.0000 266 168 0.6316
1890.0000 267 168 0.6292
1892.0000 267 169 0.6330
1893.0000 267 170 0.6367
1896.0000 268 170 0.6343
1902.0000 269 170 0.6320
1908.0000 269 171 0.6357
1910.0000 270 171 0.6333
1913.0000 270 172 0.6370
1919.0000 271 172 0.6347
1926.0000 272 172 0.6324
1932.0000 273 172 0.6300
1936.0000 273 173 0.6337
1936.0000 273 174 0.6374
1939.0000 274 174 0.6350
1942.0000 274 175 0.6387
1946.0000 275 175 0.6364
1952.0000 276 175 0.6341
1958.0000 277 175 0.6318
1958.0000 277 176 0.6354
1966.0000 278 176 0.6331
1971.0000 279 176 0.6308
1976.0000 280 176 0.6286
1984.0000 281 176 0.6263
1990.0000 282 176 0.6241
1999.0000 283 176 0.6219
2004.0000 284 176 0.6197
2007.0000 284 177 0.6232
2010.0000 285 177 0.6211
2010.0000 285 178 0.6246
2018.0000 286 178 0.6224
2020.0000 286 179 0.6259
2023.0000 286 180 0.6294
2024.0000 287 180 0.6272
2031.0000 288 180 0.6250
2035.0000 288 181 0.6285
2036.0000 288 182 0.6319
2039.0000 289 182 0.6298
2043.0000 289 183 0.6332
2045.0000 290 183 0.6310
2053.0000 291 183 0.6289
2059.0000 292 183 0.6267
2061.0000 292 184 0.6301
2066.0000 293 184 0.6280
2074.0000 294 184 0.6259
2083.0000 295 184 0.6237
2083.0000 295 185 0.6271
2086.0000 295 186 0.6305
2089.0000 296 186 0.6284
2093.0000 296 187 0.6318
2098.0000 297 187 0.6296
2099.0000 297 188 0.6330
2101.0000 297 189 0.6364
2103.0000 297 190 0.6397
2107.0000 298 190 0.6376
2114.0000 299 190 0.6355
2116.0000 299 191 0.6388
2119.0000 300 191 0.6367
2127.0000 301 191 0.6346
2128.0000 301 192 0.6379
2133.0000 301 193 0.6412
2135.0000 302 193 0.6391
2144.0000 303 193 0.6370
2149.0000 304 193 0.6349
2150.0000 304 194 0.6382
2156.0000 305 194 0.6361
2164.0000 306 194 0.6340
2170.0000 307 194 0.6319
2170.0000 307 195 0.6352
2177.0000 308 195 0.6331
2184.0000 309 195 0.6311
2184.0000 309 196 0.6343
2185.0000 309 197 0.6375
2192.0000 310 197 0.6355
2195.0000 310 198 0.6387
2198.0000 311 198 0.6367
2203.0000 312 198 0.6346
2210.0000 313 198 0.6326
2217.0000 314 198 0.6306
2222.0000 314 199 0.6338
2223.0000 315 199 0.6317
2228.0000 316 199 0.6297
2236.0000 316 200 0.6329
2237.0000 317 200 0.6309
2245.0000 318 200 0.6289
2252.0000 318 201 0.6321
2253.0000 319 201 0.6301
2255.0000 319 202 0.6332
2259.0000 320 202 0.6313
2262.0000 320 203 0.6344
2265.0000 321 203 0.6324
2273.0000 322 203 0.6304
2278.0000 323 203 0.6285
2285.0000 324 203 0.6265
2292.0000 325 203 0.6246
2301.0000 326 203 0.6227
2307.0000 327 203 0.6208
2316.0000 328 203 0.6189
2323.0000 329 203 0.6170
2325.0000 329 204 0.6201
2329.0000 330 204 0.6182
2334.0000 331 204 0.6163
2342.0000 332 204 0.6145
2350.0000 333 204 0.6126
2357.0000 334 204 0.6108
2357.0000 334 205 0.6138
2362.0000 334 206 0.6168
2363.0000 335 206 0.6149
2370.0000 335 207 0.6179
2372.0000 336 207 0.6161
2378.0000 337 207 0.6142
2387.0000 338 207 0.6124
2392.0000 339 207 0.6106
2401.0000 340 207 0.6088
2409.0000 341 207 0.6070
2417.0000 342 207 0.6053
2422.0000 343 207 0.6035
2422.0000 343 208 0.6064
2423.0000 343 209 0.6093
2431.0000 344 209 0.6076
2439.0000 345 209 0.6058
2445.0000 346 209 0.6040
2447.0000 346 210 0.6069
2447.0000 346 211 0.6098
2448.0000 346 212 0.6127
2451.0000 347 212 0.6110
2460.0000 348 212 0.6092
2467.0000 349 212 0.6074
2475.0000 350 212 0.6057
2481.0000 351 212 0.6040
2488.0000 352 212 0.6023
2488.0000 352 213 0.6051
2489.0000 352 214 0.6080
2497.0000 353 214 0.6062
2500.0000 353 215 0.6091
2505.0000 354 215 0.6073
2510.0000 355 215 0.6056
2516.0000 356 215 0.6039
2525.0000 357 215 0.6022
2534.0000 358 215 0.6006
2540.0000 359 215 0.5989
2547.0000 360 215 0.5972
2552.0000 361 215 0.5956
2553.0000 361 216 0.5983
2560.0000 362 216 0.5967
2568.0000 363 216 0.5950
2570.0000 363 217 0.5978
2573.0000 364 217 0.5962
2579.0000 365 217 0.5945
2581.0000 365 218 0.5973
2581.0000 365 219 0.6000
2585.0000 366 219 0.5984
2592.0000 367 219 0.5967
2598.0000 368 219 0.5951
2603.0000 369 219 0.5935
2608.0000 370 219 0.5919
2614.0000 371 219 0.5903
2620.0000 372 219 0.5887
2626.0000 373 219 0.5871
2626.0000 373 220 0.5898
2631.0000 374 220 0.5882
2639.0000 375 220 0.5867
2644.0000 376 220 0.5851
2652.0000 377 220 0.5836
2657.0000 378 220 0.5820
2658.0000 378 221 0.5847
2665.0000 379 221 0.5831
2673.0000 380 221 0.5816
2681.0000 381 221 0.5801
2685.0000 381 222 0.5827
2690.0000 382 222 0.5812
2699.0000 383 222 0.5796
2708.0000 384 222 0.5781
2714.0000 385 222 0.5766
2722.0000 386 222 0.5751
2729.0000 387 222 0.5736
2734.0000 388 222 0.5722
2743.0000 389 222 0.5707
2748.0000 390 222 0.5692
2754.0000 390 223 0.5718
2757.0000 391 223 0.5703
2764.0000 392 223 0.5689
2770.0000 393 223 0.5674
2772.0000 393 224 0.5700
2777.0000 394 224 0.5685
2785.0000 395 224 0.5671
2790.0000 396 224 0.5657
2797.0000 397 224 0.5642
2805.0000 398 224 0.5628
2812.0000 398 225 0.5653
2813.0000 399 225 0.5639
2821.0000 400 225 0.5625
2829.0000 401 225 0.5611
2829.0000 401 226 0.5636
2834.0000 402 226 0.5622
2842.0000 403 226 0.5608
2847.0000 404 226 0.5594
2852.0000 405 226 0.5580
2857.0000 406 226 0.5567
2863.0000 407 226 0.5553
2872.0000 408 226 0.5539
2881.0000 409 226 0.5526
2887.0000 410 226 0.5512
2896.0000 411 226 0.5499
2904.0000 412 226 0.5485
2911.0000 413 226 0.5472
2916.0000 414 226 0.5459
2922.0000 415 226 0.5446
2927.0000 416 226 0.5433
2936.0000 417 226 0.5420
2939.0000 417 227 0.5444
2942.0000 418 227 0.5431
2946.0000 418 228 0.5455
2946.0000 418 229 0.5478
2951.0000 419 229 0.5465
2956.0000 420 229 0.5452
2961.0000 421 229 0.5439
2970.0000 422 229 0.5427
2974.0000 422 230 0.5450
2975.0000 423 230 0.5437
2984.0000 424 230 0.5425
2984.0000 424 231 0.5448
2991.0000 425 231 0.5435
2993.0000 425 232 0.5459
3000.0000 426 232 0.5446
3008.0000 427 232 0.5433
3013.0000 427 233 0.5457
3017.0000 428 233 0.5444
3025.0000 429 233 0.5431
3032.0000 429 234 0.5455
3034.0000 430 234 0.5442
3039.0000 430 235 0.5465
3040.0000 431 235 0.5452
3046.0000 432 235 0.5440
3051.0000 433 235 0.5427
3060.0000 434 235 0.5415
3067.0000 435 235 0.5402
3073.0000 436 235 0.5390
3077.0000 436 236 0.5413
3080.0000 437 236 0.5400
3083.0000 437 237 0.5423
3085.0000 438 237 0.5411
3091.0000 439 237 0.5399
3097.0000 440 237 0.5386
3100.0000 440 238 0.5409
3106.0000 441 238 0.5397
3110.0000 441 239 0.5420
3114.0000 442 239 0.5407
3118.0000 442 240 0.5430
3123.0000 443 240 0.5418
3130.0000 443 241 0.5440
3131.0000 444 241 0.5428
3138.0000 445 241 0.5416
3144.0000 446 241 0.5404
3151.0000 447 241 0.5391
3159.0000 448 241 0.5379
3166.0000 449 241 0.5367
3173.0000 449 242 0.5390
3175.0000 450 242 0.5378
3184.0000 451 242 0.5366
3189.0000 452 242 0.5354
3197.0000 453 242 0.5342
3204.0000 454 242 0.5330
3211.0000 455 242 0.5319
3215.0000 455 243 0.5341
3218.0000 456 243 0.5329
3227.0000 457 243 0.5317
3236.0000 458 243 0.5306
3242.0000 459 243 0.5294
3244.0000 459 244 0.5316
3251.0000 460 244 0.5304
3255.0000 460 245 0.5326
3256.0000 460 246 0.5348
3257.0000 460 247 0.5370
3258.0000 461 247 0.5358
3266.0000 462 247 0.5346
3274.0000 463 247 0.5335
3282.0000 464 247 0.5323
3291.0000 465 247 0.5312
3296.0000 465 248 0.5333
3298.0000 466 248 0.5322
3302.0000 466 249 0.5343
3303.0000 467 249 0.5332
3309.0000 468 249 0.5321
3318.0000 469 249 0.5309
3323.0000 469 250 0.5330
3324.0000 470 250 0.5319
3330.0000 471 250 0.5308
3338.0000 472 250 0.5297
3344.0000 473 250 0.5285
3351.0000 474 250 0.5274
3356.0000 475 250 0.5263
3362.0000 476 250 0.5252
3367.0000 476 251 0.5273
3371.0000 477 251 0.5262
3380.0000 478 251 0.5251
3388.0000 479 251 0.5240
3395.0000 480 251 0.5229
3403.0000 481 251 0.5218
3409.0000 482 251 0.5207
3417.0000 483 251 0.5197
3420.0000 483 252 0.5217
3424.0000 484 252 0.5207
3430.0000 485 252 0.5196
3439.0000 486 252 0.5185
3445.0000 486 253 0.5206
3446.0000 487 253 0.5195
3453.0000 488 253 0.5184
3460.0000 489 253 0.5174
3467.0000 490 253 0.5163
3472.0000 491 253 0.5153
3477.0000 492 253 0.5142
3484.0000 493 253 0.5132
3486.0000 493 254 0.5152
3492.0000 494 254 0.5142
3497.0000 494 255 0.5162
3500.0000 495 255 0.5152
3506.0000 496 255 0.5141
3512.0000 497 255 0.5131
3519.0000 498 255 0.5120
3525.0000 499 255 0.5110
3527.0000 499 256 0.5130
3531.0000 500 256 0.5120
3537.0000 501 256 0.5110
3546.0000 502 256 0.5100
3547.0000 502 257 0.5120
3555.0000 503 257 0.5109
3561.0000 504 257 0.5099
3564.0000 504 258 0.5119
3566.0000 504 259 0.5139
3570.0000 505 259 0.5129
3578.0000 506 259 0.5119
3586.0000 507 259 0.5108
3593.0000 508 259 0.5098
3599.0000 509 259 0.5088
3607.0000 509 260 0.5108
3608.0000 510 260 0.5098
3611.0000 510 261 0.5118
3613.0000 511 261 0.5108
3620.0000 512 261 0.5098
3625.0000 513 261 0.5088
3626.0000 513 262 0.5107
3627.0000 513 263 0.5127
3630.0000 514 263 0.5117
3630.0000 514 264 0.5136
3635.0000 515 264 0.5126
3643.0000 516 264 0.5116
3652.0000 517 264 0.5106
3660.0000 518 264 0.5097
3662.0000 518 265 0.5116
3666.0000 519 265 0.5106
3667.0000 519 266 0.5125
3671.0000 520 266 0.5115
3671.0000 520 267 0.5135
3679.0000 521 267 0.5125
3684.0000 522 267 0.5115
3689.0000 522 268 0.5134
3691.0000 523 268 0.5124
3697.0000 524 268 0.5115
3702.0000 525 268 0.5105
3708.0000 526 268 0.5095
3714.0000 526 269 0.5114
3717.0000 527 269 0.5104
3718.0000 527 270 0.5123
3719.0000 527 271 0.5142
3725.0000 528 271 0.5133
3725.0000 528 272 0.5152
3730.0000 529 272 0.5142
3737.0000 529 273 0.5161
3739.0000 530 273 0.5151
3741.0000 530 274 0.5170
3747.0000 531 274 0.5160
3747.0000 531 275 0.5179
3749.0000 531 276 0.5198
3749.0000 531 277 0.5217
3756.0000 532 277 0.5207
3761.0000 532 278 0.5226
3764.0000 533 278 0.5216
3772.0000 534 278 0.5206
3780.0000 535 278 0.5196
3787.0000 536 278 0.5187
3796.0000 537 278 0.5177
3805.0000 538 278 0.5167
3812.0000 539 278 0.5158
3817.0000 540 278 0.5148
3821.0000 540 279 0.5167
3826.0000 541 279 0.5157
3831.0000 541 280 0.5176
3833.0000 542 280 0.5166
3838.0000 543 280 0.5157
3845.0000 544 280 0.5147
3852.0000 545 280 0.5138
3858.0000 546 280 0.5128
3863.0000 547 280 0.5119
3872.0000 548 280 0.5109
3873.0000 548 281 0.5128
3880.0000 549 281 0.5118
3888.0000 550 281 0.5109
3896.0000 550 282 0.5127
3897.0000 551 282 0.5118
3903.0000 552 282 0.5109
3908.0000 552 283 0.5127
3909.0000 553 283 0.5118
3909.0000 553 284 0.5136
3915.0000 554 284 0.5126
3918.0000 554 285 0.5144
3922.0000 555 285 0.5135
3927.0000 556 285 0.5126
3934.0000 557 285 0.5117
3942.0000 558 285 0.5108
3945.0000 558 286 0.5125
3947.0000 559 286 0.5116
3954.0000 560 286 0.5107
3955.0000 560 287 0.5125
3963.0000 561 287 0.5116
3969.0000 561 288 0.5134
3970.0000 562 288 0.5125
3978.0000 563 288 0.5115
3985.0000 564 288 0.5106
3990.0000 565 288 0.5097
3993.0000 565 289 0.5115
3994.0000 565 290 0.5133
3997.0000 566 290 0.5124
4002.0000 567 290 0.5115
4011.0000 568 290 0.5106
4017.0000 569 290 0.5097
4018.0000 569 291 0.5114
4023.0000 570 291 0.5105
4030.0000 571 291 0.5096
4038.0000 572 291 0.5087
4044.0000 572 292 0.5105
4046.0000 573 292 0.5096
4047.0000 573 293 0.5113
4052.0000 574 293 0.5105
4061.0000 575 293 0.5096
4061.0000 575 294 0.5113
4067.0000 576 294 0.5104
4069.0000 576 295 0.5122
4076.0000 577 295 0.5113
4078.0000 577 296 0.5130
4083.0000 578 296 0.5121
4091.0000 579 296 0.5112
4096.0000 580 296 0.5103
4105.0000 581 296 0.5095
4113.0000 582 296 0.5086
4122.0000 583 296 0.5077
4127.0000 584 296 0.5068
4135.0000 585 296 0.5060
4143.0000 586 296 0.5051
4146.0000 586 297 0.5068
4150.0000 586 298 0.5085
4152.0000 587 298 0.5077
4157.0000 588 298 0.5068
4166.0000 589 298 0.5059
4174.0000 590 298 0.5051
4181.0000 591 298 0.5042
4186.0000 592 298 0.5034
4192.0000 593 298 0.5025
4201.0000 594 298 0.5017
4208.0000 595 298 0.5008
4209.0000 595 299 0.5025
4210.0000 595 300 0.5042
4216.0000 596 300 0.5034
4218.0000 596 301 0.5050
4221.0000 596 302 0.5067
4223.0000 597 302 0.5059
4229.0000 598 302 0.5050
4234.0000 598 303 0.5067
4235.0000 599 303 0.5058
4235.0000 599 304 0.5075
4241.0000 600 304 0.5067
4248.0000 600 305 0.5083
4250.0000 601 305 0.5075
4252.0000 601 306 0.5092
4255.0000 602 306 0.5083
4264.0000 603 306 0.5075
4272.0000 604 306 0.5066
4277.0000 605 306 0.5058
4286.0000 606 306 0.5050
4290.0000 606 307 0.5066
4291.0000 607 307 0.5058
4293.0000 607 308 0.5074
4296.0000 608 308 0.5066
4302.0000 609 308 0.5057
4309.0000 610 308 0.5049
4315.0000 611 308 0.5041
4317.0000 611 309 0.5057
4317.0000 611 310 0.5074
4320.0000 612 310 0.5065
4329.0000 613 310 0.5057
4329.0000 613 311 0.5073
4335.0000 614 311 0.5065
4343.0000 615 311 0.5057
4346.0000 615 312 0.5073
4351.0000 616 312 0.5065
4356.0000 617 312 0.5057
4361.0000 618 312 0.5049
4368.0000 619 312 0.5040
4375.0000 620 312 0.5032
4381.0000 621 312 0.5024
4390.0000 622 312 0.5016
4391.0000 622 313 0.5032
4396.0000 623 313 0.5024
4404.0000 624 313 0.5016
4411.0000 624 314 0.5032
4412.0000 624 315 0.5048
4413.0000 625 315 0.5040
4416.0000 625 316 0.5056
4417.0000 625 317 0.5072
4421.0000 626 317 0.5064
4426.0000 627 317 0.5056
4430.0000 627 318 0.5072
4431.0000 628 318 0.5064
4437.0000 629 318 0.5056
4446.0000 630 318 0.5048
4447.0000 630 319 0.5063
4452.0000 631 319 0.5055
4458.0000 632 319 0.5047
4465.0000 633 319 0.5039
4471.0000 634 319 0.5032
4476.0000 635 319 0.5024
4482.0000 636 319 0.5016
4487.0000 637 319 0.5008
4494.0000 638 319 0.5000
4499.0000 638 320 0.5016
4503.0000 639 320 0.5008
4509.0000 639 321 0.5023
4511.0000 640 321 0.5016
4513.0000 640 322 0.5031
4517.0000 641 322 0.5023
4525.0000 642 322 0.5016
4530.0000 643 322 0.5008
4532.0000 643 323 0.5023
4532.0000 643 324 0.5039
4536.0000 644 324 0.5031
4541.0000 644 325 0.5047
4542.0000 644 326 0.5062
4545.0000 645 326 0.5054
4553.0000 646 326 0.5046
4558.0000 647 326 0.5039
4567.0000 648 326 0.5031
4574.0000 649 326 0.5023
4582.0000 650 326 0.5015
4588.0000 651 326 0.5008
4591.0000 651 327 0.5023
4594.0000 652 327 0.5015
4599.0000 653 327 0.5008
4607.0000 654 327 0.5000
4612.0000 655 327 0.4992
4621.0000 656 327 0.4985
4627.0000 657 327 0.4977
4634.0000 658 327 0.4970
4642.0000 659 327 0.4962
4651.0000 660 327 0.4955
4657.0000 661 327 0.4947
4663.0000 662 327 0.4940
4669.0000 663 327 0.4932
4673.0000 663 328 0.4947
4678.0000 664 328 0.4940
4684.0000 665 328 0.4932
4684.0000 665 329 0.4947
4691.0000 666 329 0.4940
4697.0000 667 329 0.4933
4697.0000 667 330 0.4948
4706.0000 668 330 0.4940
4712.0000 669 330 0.4933
4720.0000 670 330 0.4925
4728.0000 671 330 0.4918
4730.0000 671 331 0.4933
4737.0000 672 331 0.4926
4744.0000 673 331 0.4918
4744.0000 673 332 0.4933
4752.0000 674 332 0.4926
4757.0000 675 332 0.4919
4766.0000 676 332 0.4911
4772.0000 677 332 0.4904
4781.0000 678 332 0.4897
4786.0000 679 332 0.4890
4792.0000 680 332 0.4882
4797.0000 680 333 0.4897
4799.0000 681 333 0.4890
4804.0000 682 333 0.4883
4809.0000 683 333 0.4876
4811.0000 683 334 0.4890
4814.0000 683 335 0.4905
4815.0000 684 335 0.4898
4822.0000 685 335 0.4891
4831.0000 686 335 0.4883
4839.0000 687 335 0.4876
4845.0000 688 335 0.4869
4854.0000 689 335 0.4862
4862.0000 690 335 0.4855
4867.0000 691 335 0.4848
4874.0000 692 335 0.4841
4881.0000 693 335 0.4834
4885.0000 693 336 0.4848
4887.0000 693 337 0.4863
4890.0000 694 337 0.4856
4896.0000 695 337 0.4849
4902.0000 696 337 0.4842
4908.0000 697 337 0.4835
4917.0000 698 337 0.4828
4923.0000 699 337 0.4821
4928.0000 700 337 0.4814
4937.0000 701 337 0.4807
4945.0000 702 337 0.4801
4945.0000 702 338 0.4815
4950.0000 703 338 0.4808
4959.0000 704 338 0.4801
4964.0000 705 338 0.4794
4964.0000 705 339 0.4809
4967.0000 705 340 0.4823
4970.0000 706 340 0.4816
4978.0000 707 340 0.4809
4981.0000 707 341 0.4823
4983.0000 708 341 0.4816
4988.0000 709 341 0.4810
4997.0000 710 341 0.4803
5004.0000 711 341 0.4796
5004.0000 711 342 0.4810
5013.0000 712 342 0.4803
5019.0000 713 342 0.4797
5024.0000 713 343 0.4811
5025.0000 713 344 0.4825
5028.0000 714 344 0.4818
5029.0000 714 345 0.4832
5036.0000 715 345 0.4825
5043.0000 715 346 0.4839
5044.0000 716 346 0.4832
5053.0000 717 346 0.4826
5058.0000 718 346 0.4819
5067.0000 719 346 0.4812
5073.0000 720 346 0.4806
5081.0000 721 346 0.4799
5086.0000 722 346 0.4792
5091.0000 722 347 0.4806
5091.0000 722 348 0.4820
5093.0000 723 348 0.4813
5099.0000 724 348 0.4807
5106.0000 724 349 0.4820
5108.0000 725 349 0.4814
5116.0000 726 349 0.4807
5124.0000 727 349 0.4801
5133.0000 728 349 0.4794
5133.0000 728 350 0.4808
5134.0000 728 351 0.4821
5142.0000 729 351 0.4815
5147.0000 730 351 0.4808
5149.0000 730 352 0.4822
5155.0000 731 352 0.4815
5161.0000 732 352 0.4809
5165.0000 732 353 0.4822
5166.0000 733 353 0.4816
5175.0000 734 353 0.4809
5175.0000 734 354 0.4823
5180.0000 735 354 0.4816
5186.0000 736 354 0.4810
5193.0000 736 355 0.4823
5195.0000 737 355 0.4817
5202.0000 738 355 0.4810
5204.0000 738 356 0.4824
5209.0000 739 356 0.4817
5218.0000 740 356 0.4811
5224.0000 741 356 0.4804
5232.0000 742 356 0.4798
5239.0000 743 356 0.4791
5244.0000 744 356 0.4785
5250.0000 745 356 0.4779
5250.0000 745 357 0.4792
5256.0000 746 357 0.4786
5264.0000 747 357 0.4779
5273.0000 748 357 0.4773
5282.0000 749 357 0.4766
5290.0000 750 357 0.4760
5298.0000 751 357 0.4754
5298.0000 751 358 0.4767
5305.0000 752 358 0.4761
5312.0000 753 358 0.4754
5320.0000 754 358 0.4748
5328.0000 755 358 0.4742
5335.0000 756 358 0.4735
5344.0000 757 358 0.4729
5344.0000 757 359 0.4742
5352.0000 758 359 0.4736
5359.0000 759 359 0.4730
5366.0000 760 359 0.4724
5372.0000 761 359 0.4717
5379.0000 762 359 0.4711
5384.0000 763 359 0.4705
5389.0000 764 359 0.4699
5395.0000 765 359 0.4693
5402.0000 766 359 0.4687
5411.0000 767 359 0.4681
5417.0000 768 359 0.4674
5423.0000 769 359 0.4668
5429.0000 770 359 0.4662
5438.0000 771 359 0.4656
5444.0000 772 359 0.4650
5452.0000 773 359 0.4644
5457.0000 774 359 0.4638
5466.0000 775 359 0.4632
5470.0000 775 360 0.4645
5472.0000 776 360 0.4639
5480.0000 777 360 0.4633
5480.0000 777 361 0.4646
5489.0000 778 361 0.4640
5494.0000 778 362 0.4653
5497.0000 779 362 0.4647
5504.0000 780 362 0.4641
5511.0000 781 362 0.4635
5517.0000 781 363 0.4648
5518.0000 782 363 0.4642
5523.0000 783 363 0.4636
5530.0000 784 363 0.4630
5537.0000 785 363 0.4624
5546.0000 786 363 0.4618
5555.0000 787 363 0.4612
5564.0000 788 363 0.4607
5573.0000 789 363 0.4601
5581.0000 790 363 0.4595
5582.0000 790 364 0.4608
5590.0000 791 364 0.4602
5595.0000 792 364 0.4596
5603.0000 793 364 0.4590
5610.0000 794 364 0.4584
5618.0000 795 364 0.4579
5624.0000 796 364 0.4573
5626.0000 796 365 0.4585
5633.0000 797 365 0.4580
5638.0000 798 365 0.4574
5646.0000 799 365 0.4568
5654.0000 800 365 0.4563
5663.0000 801 365 0.4557
5668.0000 802 365 0.4551
5669.0000 802 366 0.4564
5677.0000 803 366 0.4558
5685.0000 804 366 0.4552
5694.0000 805 366 0.4547
5700.0000 806 366 0.4541
5704.0000 806 367 0.4553
5706.0000 807 367 0.4548
5715.0000 808 367 0.4542
5720.0000 809 367 0.4536
5728.0000 810 367 0.4531
5735.0000 811 367 0.4525
5736.0000 811 368 0.4538
5741.0000 811 369 0.4550
5742.0000 812 369 0.4544
5748.0000 813 369 0.4539
5754.0000 814 369 0.4533
5759.0000 815 369 0.4528
5766.0000 816 369 0.4522
5772.0000 817 369 0.4517
5780.0000 818 369 0.4511
5787.0000 819 369 0.4505
5792.0000 820 369 0.4500
5799.0000 821 369 0.4495
5807.0000 821 370 0.4507
5808.0000 822 370 0.4501
5815.0000 822 371 0.4513
5816.0000 823 371 0.4508
5825.0000 824 371 0.4502
5833.0000 825 371 0.4497
5836.0000 825 372 0.4509
5839.0000 826 372 0.4504
5844.0000 827 372 0.4498
5852.0000 828 372 0.4493
5853.0000 828 373 0.4505
5860.0000 829 373 0.4499
5867.0000 830 373 0.4494
5876.0000 831 373 0.4489
5882.0000 831 374 0.4501
5884.0000 832 374 0.4495
5888.0000 832 375 0.4507
5892.0000 833 375 0.4502
5901.0000 834 375 0.4496
5906.0000 834 376 0.4508
5910.0000 835 376 0.4503
5919.0000 836 376 0.4498
5924.0000 837 376 0.4492
5927.0000 837 377 0.4504
5932.0000 838 377 0.4499
5939.0000 839 377 0.4493
5946.0000 840 377 0.4488
5951.0000 841 377 0.4483
5952.0000 841 378 0.4495
5959.0000 842 378 0.4489
5968.0000 843 378 0.4484
5974.0000 844 378 0.4479
5982.0000 845 378 0.4473
5989.0000 846 378 0.4468
5994.0000 846 379 0.4480
5995.0000 847 379 0.4475
6000.0000 848 379 0.4469
6003.0000 848 380 0.4481
6008.0000 849 380 0.4476
6015.0000 850 380 0.4471
6023.0000 851 380 0.4465
6030.0000 852 380 0.4460
6035.0000 853 380 0.4455
6041.0000 854 380 0.4450
6047.0000 855 380 0.4444
6047.0000 855 381 0.4456
6054.0000 856 381 0.4451
6061.0000 857 381 0.4446
6068.0000 858 381 0.4441
6077.0000 859 381 0.4435
6078.0000 859 382 0.4447
6085.0000 860 382 0.4442
6094.0000 861 382 0.4437
6099.0000 861 383 0.4448
6103.0000 862 383 0.4443
6105.0000 862 384 0.4455
6110.0000 863 384 0.4450
6116.0000 864 384 0.4444
6122.0000 864 385 0.4456
6123.0000 865 385 0.4451
6129.0000 866 385 0.4446
6130.0000 866 386 0.4457
6137.0000 867 386 0.4452
6141.0000 867 387 0.4464
6146.0000 868 387 0.4459
6155.0000 869 387 0.4453
6161.0000 870 387 0.4448
6169.0000 871 387 0.4443
6175.0000 872 387 0.4438
6175.0000 872 388 0.4450
6183.0000 873 388 0.4444
6190.0000 874 388 0.4439
6199.0000 875 388 0.4434
6199.0000 875 389 0.4446
6205.0000 876 389 0.4441
6211.0000 877 389 0.4436
6216.0000 878 389 0.4431
6218.0000 878 390 0.4442
6221.0000 879 390 0.4437
6224.0000 879 391 0.4448
6225.0000 879 392 0.4460
6228.0000 880 392 0.4455
6233.0000 881 392 0.4449
6236.0000 881 393 0.4461
6242.0000 882 393 0.4456
6251.0000 883 393 0.4451
6257.0000 884 393 0.4446
6262.0000 885 393 0.4441
6269.0000 886 393 0.4436
6276.0000 887 393 0.4431
6284.0000 888 393 0.4426
6289.0000 889 393 0.4421
6297.0000 890 393 0.4416
6306.0000 891 393 0.4411
6314.0000 892 393 0.4406
6323.0000 893 393 0.4401
6328.0000 894 393 0.4396
6333.0000 894 394 0.4407
6334.0000 895 394 0.4402
6335.0000 895 395 0.4413
6340.0000 896 395 0.4408
6346.0000 896 396 0.4420
6349.0000 897 396 0.4415
6354.0000 897 397 0.4426
6358.0000 898 397 0.4421
6366.0000 899 397 0.4416
6366.0000 899 398 0.4427
6373.0000 900 398 0.4422
6378.0000 901 398 0.4417
6385.0000 901 399 0.4428
6386.0000 902 399 0.4424
6395.0000 903 399 0.4419
6400.0000 904 399 0.4414
6405.0000 905 399 0.4409
6405.0000 905 400 0.4420
6412.0000 906 400 0.4415
6418.0000 907 400 0.4410
6426.0000 908 400 0.4405
6428.0000 908 401 0.4416
6429.0000 908 402 0.4427
6433.0000 909 402 0.4422
6440.0000 910 402 0.4418
6448.0000 911 402 0.4413
6451.0000 911 403 0.4424
6452.0000 911 404 0.4435
6452.0000 911 405 0.4446
6456.0000 912 405 0.4441
6461.0000 913 405 0.4436
6467.0000 914 405 0.4431
6470.0000 914 406 0.4442
6471.0000 914 407 0.4453
6471.0000 914 408 0.4464
6471.0000 914 409 0.4475
6476.0000 915 409 0.4470
6483.0000 916 409 0.4465
6489.0000 917 409 0.4460
6496.0000 917 410 0.4471
6498.0000 918 410 0.4466
6506.0000 919 410 0.4461
6510.0000 919 411 0.4472
6511.0000 920 411 0.4467
6519.0000 920 412 0.4478
6520.0000 921 412 0.4473
6526.0000 922 412 0.4469
6533.0000 923 412 0.4464
6534.0000 923 413 0.4475
6534.0000 923 414 0.4485
6538.0000 924 414 0.4481
6538.0000 924 415 0.4491
6545.0000 925 415 0.4486
6554.0000 926 415 0.4482
6561.0000 927 415 0.4477
6567.0000 927 416 0.4488
6569.0000 928 416 0.4483
6569.0000 928 417 0.4494
6577.0000 929 417 0.4489
6583.0000 930 417 0.4484
6591.0000 931 417 0.4479
6600.0000 932 417 0.4474
6605.0000 933 417 0.4469
6613.0000 934 417 0.4465
6621.0000 935 417 0.4460
6621.0000 935 418 0.4471
6627.0000 936 418 0.4466
6629.0000 936 419 0.4476
6633.0000 937 419 0.4472
6638.0000 938 419 0.4467
6643.0000 939 419 0.4462
6648.0000 940 419 0.4457
6657.0000 941 419 0.4453
6662.0000 942 419 0.4448
6669.0000 943 419 0.4443
6676.0000 944 419 0.4439
6685.0000 945 419 0.4434
6692.0000 946 419 0.4429
6699.0000 947 419 0.4424
6706.0000 948 419 0.4420
6711.0000 949 419 0.4415
6716.0000 949 420 0.4426
6717.0000 950 420 0.4421
6722.0000 951 420 0.4416
6724.0000 951 421 0.4427
6730.0000 952 421 0.4422
6735.0000 952 422 0.4433
6739.0000 953 422 0.4428
6745.0000 954 422 0.4423
6753.0000 955 422 0.4419
6762.0000 956 422 0.4414
6767.0000 956 423 0.4425
6771.0000 957 423 0.4420
6778.0000 957 424 0.4431
6780.0000 958 424 0.4426
6786.0000 959 424 0.4421
6795.0000 960 424 0.4417
6804.0000 961 424 0.4412
6805.0000 961 425 0.4422
6806.0000 961 426 0.4433
6809.0000 962 426 0.4428
6816.0000 963 426 0.4424
6823.0000 964 426 0.4419
6830.0000 965 426 0.4415
6833.0000 965 427 0.4425
6838.0000 966 427 0.4420
6844.0000 967 427 0.4416
6848.0000 967 428 0.4426
6850.0000 968 428 0.4421
6858.0000 969 428 0.4417
6864.0000 970 428 0.4412
6871.0000 971 428 0.4408
6876.0000 971 429 0.4418
6878.0000 972 429 0.4414
6885.0000 973 429 0.4409
6890.0000 974 429 0.4405
6891.0000 974 430 0.4415
6892.0000 974 431 0.4425
6896.0000 975 431 0.4421
6901.0000 976 431 0.4416
6906.0000 976 432 0.4426
6909.0000 977 432 0.4422
6918.0000 978 432 0.4417
6923.0000 978 433 0.4427
6927.0000 979 433 0.4423
6934.0000 980 433 0.4418
6941.0000 981 433 0.4414
6948.0000 982 433 0.4409
6957.0000 983 433 0.4405
6964.0000 984 433 0.4400
6972.0000 985 433 0.4396
6977.0000 986 433 0.4391
6982.0000 987 433 0.4387
6988.0000 988 433 0.4383
6996.0000 989 433 0.4378
7005.0000 990 433 0.4374
7011.0000 991 433 0.4369
7020.0000 992 433 0.4365
7027.0000 993 433 0.4361
7034.0000 994 433 0.4356
7042.0000 995 433 0.4352
7048.0000 996 433 0.4347
7054.0000 996 434 0.4357
7055.0000 997 434 0.4353
7057.0000 997 435 0.4363
7060.0000 997 436 0.4373
7064.0000 998 436 0.4369
7071.0000 999 436 0.4364
7072.0000 999 437 0.4374
7076.0000 1000 437 0.4370
7082.0000 1001 437 0.4366
7090.0000 1002 437 0.4361
7097.0000 1003 437 0.4357
7102.0000 1004 437 0.4353
7109.0000 1005 437 0.4348
7116.0000 1005 438 0.4358
7118.0000 1006 438 0.4354
7124.0000 1007 438 0.4350
7130.0000 1008 438 0.4345
7135.0000 1008 439 0.4355
7139.0000 1009 439 0.4351
7144.0000 1010 439 0.4347
7152.0000 1010 440 0.4356
7153.0000 1011 440 0.4352
7153.0000 1011 441 0.4362
7154.0000 1011 442 0.4372
7160.0000 1012 442 0.4368
7167.0000 1013 442 0.4363
7169.0000 1013 443 0.4373
7176.0000 1014 443 0.4369
7183.0000 1015 443 0.4365
7189.0000 1016 443 0.4360
7198.0000 1017 443 0.4356
7205.0000 1018 443 0.4352
7211.0000 1019 443 0.4347
7217.0000 1020 443 0.4343
7222.0000 1021 443 0.4339
7229.0000 1022 443 0.4335
7229.0000 1022 444 0.4344
7237.0000 1023 444 0.4340
7244.0000 1024 444 0.4336
7253.0000 1025 444 0.4332
7260.0000 1026 444 0.4327
7264.0000 1026 445 0.4337
7268.0000 1027 445 0.4333
7275.0000 1028 445 0.4329
7284.0000 1029 445 0.4325
7289.0000 1029 446 0.4334
7292.0000 1030 446 0.4330
7297.0000 1031 446 0.4326
7305.0000 1032 446 0.4322
7311.0000 1033 446 0.4318
7318.0000 1034 446 0.4313
7318.0000 1034 447 0.4323
7324.0000 1034 448 0.4333
7325.0000 1034 449 0.4342
7327.0000 1035 449 0.4338
7334.0000 1036 449 0.4334
7341.0000 1037 449 0.4330
7345.0000 1037 450 0.4339
7350.0000 1038 450 0.4335
7356.0000 1038 451 0.4345
7359.0000 1039 451 0.4341
7365.0000 1040 451 0.4337
7373.0000 1041 451 0.4332
7378.0000 1042 451 0.4328
7383.0000 1043 451 0.4324
7390.0000 1043 452 0.4334
7392.0000 1044 452 0.4330
7392.0000 1044 453 0.4339
7397.0000 1045 453 0.4335
7404.0000 1046 453 0.4331
7411.0000 1047 453 0.4327
7418.0000 1048 453 0.4323
7424.0000 1049 453 0.4318
7430.0000 1050 453 0.4314
7436.0000 1051 453 0.4310
7441.0000 1052 453 0.4306
7448.0000 1053 453 0.4302
7457.0000 1054 453 0.4298
7464.0000 1054 454 0.4307
7465.0000 1055 454 0.4303
7465.0000 1055 455 0.4313
7474.0000 1056 455 0.4309
7482.0000 1057 455 0.4305
7487.0000 1058 455 0.4301
7493.0000 1059 455 0.4297
7502.0000 1060 455 0.4292
7507.0000 1061 455 0.4288
7513.0000 1062 455 0.4284
7519.0000 1063 455 0.4280
7525.0000 1064 455 0.4276
7534.0000 1065 455 0.4272
7542.0000 1066 455 0.4268
7550.0000 1067 455 0.4264
7556.0000 1068 455 0.4260
7557.0000 1068 456 0.4270
7562.0000 1069 456 0.4266
7570.0000 1070 456 0.4262
7573.0000 1070 457 0.4271
7576.0000 1071 457 0.4267
7585.0000 1072 457 0.4263
7592.0000 1072 458 0.4272
7594.0000 1073 458 0.4268
7602.0000 1074 458 0.4264
7609.0000 1075 458 0.4260
7613.0000 1075 459 0.4270
7617.0000 1076 459 0.4266
7625.0000 1077 459 0.4262
7630.0000 1078 459 0.4258
7632.0000 1078 460 0.4267
7635.0000 1079 460 0.4263
7644.0000 1080 460 0.4259
7652.0000 1081 460 0.4255
7655.0000 1081 461 0.4265
7657.0000 1082 461 0.4261
7657.0000 1082 462 0.4270
7662.0000 1083 462 0.4266
7667.0000 1084 462 0.4262
7672.0000 1085 462 0.4258
7680.0000 1086 462 0.4254
7688.0000 1087 462 0.4250
7697.0000 1088 462 0.4246
7706.0000 1089 462 0.4242
7713.0000 1090 462 0.4239
7721.0000 1091 462 0.4235
7729.0000 1092 462 0.4231
7738.0000 1093 462 0.4227
7743.0000 1094 462 0.4223
7748.0000 1095 462 0.4219
7753.0000 1096 462 0.4215
7757.0000 1096 463 0.4224
7762.0000 1097 463 0.4221
7770.0000 1098 463 0.4217
7776.0000 1099 463 0.4213
7785.0000 1100 463 0.4209
7791.0000 1101 463 0.4205
7796.0000 1102 463 0.4201
7804.0000 1103 463 0.4198
7811.0000 1104 463 0.4194
7819.0000 1104 464 0.4203
7820.0000 1105 464 0.4199
7826.0000 1106 464 0.4195
7832.0000 1107 464 0.4192
7839.0000 1108 464 0.4188
7845.0000 1109 464 0.4184
7854.0000 1110 464 0.4180
7863.0000 1111 464 0.4176
7870.0000 1112 464 0.4173
7871.0000 1112 465 0.4182
7877.0000 1113 465 0.4178
7881.0000 1113 466 0.4187
7884.0000 1114 466 0.4183
7891.0000 1115 466 0.4179
7895.0000 1115 467 0.4188
7897.0000 1116 467 0.4185
7902.0000 1117 467 0.4181
7905.0000 1117 468 0.4190
7910.0000 1118 468 0.4186
7918.0000 1119 468 0.4182
7923.0000 1120 468 0.4179
7925.0000 1120 469 0.4188
7928.0000 1121 469 0.4184
7934.0000 1122 469 0.4180
7939.0000 1123 469 0.4176
7944.0000 1124 469 0.4173
7950.0000 1125 469 0.4169
7951.0000 1125 470 0.4178
7952.0000 1125 471 0.4187
7958.0000 1126 471 0.4183
7966.0000 1127 471 0.4179
7973.0000 1128 471 0.4176
7976.0000 1128 472 0.4184
7980.0000 1129 472 0.4181
7987.0000 1130 472 0.4177
7996.0000 1131 472 0.4173
8005.0000 1132 472 0.4170
8006.0000 1132 473 0.4178
8011.0000 1133 473 0.4175
8018.0000 1134 473 0.4171
8026.0000 1135 473 0.4167
8029.0000 1135 474 0.4176
8035.0000 1136 474 0.4173
8040.0000 1137 474 0.4169
8045.0000 1138 474 0.4165
8052.0000 1139 474 0.4162
8057.0000 1140 474 0.4158
8063.0000 1141 474 0.4154
8069.0000 1142 474 0.4151
8074.0000 1143 474 0.4147
8079.0000 1144 474 0.4143
8084.0000 1145 474 0.4140
8092.0000 1146 474 0.4136
8095.0000 1146 475 0.4145
8101.0000 1147 475 0.4141
8110.0000 1148 475 0.4138
8112.0000 1148 476 0.4146
8117.0000 1149 476 0.4143
8124.0000 1150 476 0.4139
8133.0000 1151 476 0.4136
8138.0000 1152 476 0.4132
8144.0000 1153 476 0.4128
8153.0000 1154 476 0.4125
8162.0000 1155 476 0.4121
8165.0000 1155 477 0.4130
8169.0000 1156 477 0.4126
8178.0000 1157 477 0.4123
8184.0000 1158 477 0.4119
8191.0000 1159 477 0.4116
8199.0000 1160 477 0.4112
8201.0000 1160 478 0.4121
8201.0000 1160 479 0.4129
8202.0000 1160 480 0.4138
8204.0000 1161 480 0.4134
8212.0000 1162 480 0.4131
8218.0000 1163 480 0.4127
8223.0000 1164 480 0.4124
8223.0000 1164 481 0.4132
8231.0000 1165 481 0.4129
8239.0000 1166 481 0.4125
8247.0000 1167 481 0.4122
8248.0000 1167 482 0.4130
8256.0000 1168 482 0.4127
8264.0000 1169 482 0.4123
8272.0000 1170 482 0.4120
8279.0000 1171 482 0.4116
8279.0000 1171 483 0.4125
8287.0000 1172 483 0.4121
8287.0000 1172 484 0.4130
8293.0000 1173 484 0.4126
8302.0000 1174 484 0.4123
8305.0000 1174 485 0.4131
8308.0000 1175 485 0.4128
8317.0000 1176 485 0.4124
8317.0000 1176 486 0.4133
8325.0000 1177 486 0.4129
8332.0000 1178 486 0.4126
8340.0000 1179 486 0.4122
8340.0000 1179 487 0.4131
8345.0000 1180 487 0.4127
8354.0000 1181 487 0.4124
8354.0000 1181 488 0.4132
8359.0000 1182 488 0.4129
8366.0000 1183 488 0.4125
8372.0000 1183 489 0.4134
8374.0000 1184 489 0.4130
8381.0000 1184 490 0.4139
8382.0000 1185 490 0.4135
8390.0000 1186 490 0.4132
8397.0000 1187 490 0.4128
8403.0000 1188 490 0.4125
8407.0000 1188 491 0.4133
8410.0000 1189 491 0.4130
8416.0000 1190 491 0.4126
8421.0000 1191 491 0.4123
8426.0000 1192 491 0.4119
8432.0000 1192 492 0.4128
8433.0000 1192 493 0.4136
8435.0000 1193 493 0.4132
8436.0000 1193 494 0.4141
8441.0000 1194 494 0.4137
8447.0000 1195 494 0.4134
8451.0000 1195 495 0.4142
8455.0000 1196 495 0.4139
8464.0000 1197 495 0.4135
8465.0000 1197 496 0.4144
8472.0000 1198 496 0.4140
8476.0000 1198 497 0.4149
8481.0000 1199 497 0.4145
8488.0000 1200 497 0.4142
8497.0000 1201 497 0.4138
8506.0000 1202 497 0.4135
8507.0000 1202 498 0.4143
8511.0000 1203 498 0.4140
8516.0000 1204 498 0.4136
8524.0000 1205 498 0.4133
8525.0000 1205 499 0.4141
8530.0000 1206 499 0.4138
8530.0000 1206 500 0.4146
8533.0000 1206 501 0.4154
8535.0000 1207 501 0.4151
8544.0000 1208 501 0.4147
8549.0000 1209 501 0.4144
8551.0000 1209 502 0.4152
8556.0000 1210 502 0.4149
8561.0000 1211 502 0.4145
8569.0000 1212 502 0.4142
8578.0000 1213 502 0.4138
8585.0000 1214 502 0.4135
8593.0000 1215 502 0.4132
8599.0000 1216 502 0.4128
8608.0000 1217 502 0.4125
8617.0000 1218 502 0.4122
8622.0000 1219 502 0.4118
8631.0000 1220 502 0.4115
8640.0000 1221 502 0.4111
8647.0000 1222 502 0.4108
8654.0000 1223 502 0.4105
8659.0000 1224 502 0.4101
8665.0000 1225 502 0.4098
8667.0000 1225 503 0.4106
8672.0000 1226 503 0.4103
8679.0000 1227 503 0.4099
8682.0000 1227 504 0.4108
8686.0000 1228 504 0.4104
8686.0000 1228 505 0.4112
8693.0000 1229 505 0.4109
8701.0000 1230 505 0.4106
8701.0000 1230 506 0.4114
8706.0000 1231 506 0.4110
8708.0000 1231 507 0.4119
8712.0000 1232 507 0.4115
8719.0000 1233 507 0.4112
8724.0000 1234 507 0.4109
8729.0000 1235 507 0.4105
8735.0000 1236 507 0.4102
8743.0000 1237 507 0.4099
8749.0000 1238 507 0.4095
8751.0000 1238 508 0.4103
8757.0000 1239 508 0.4100
8759.0000 1239 509 0.4108
8763.0000 1240 509 0.4105
8772.0000 1241 509 0.4102
8775.0000 1241 510 0.4110
8778.0000 1242 510 0.4106
8782.0000 1242 511 0.4114
8784.0000 1243 511 0.4111
8790.0000 1244 511 0.4108
8798.0000 1245 511 0.4104
8804.0000 1246 511 0.4101
8812.0000 1247 511 0.4098
8820.0000 1248 511 0.4095
8825.0000 1249 511 0.4091
8832.0000 1250 511 0.4088
8837.0000 1251 511 0.4085
8837.0000 1251 512 0.4093
8846.0000 1252 512 0.4089
8851.0000 1253 512 0.4086
8860.0000 1254 512 0.4083
8865.0000 1255 512 0.4080
8870.0000 1256 512 0.4076
8878.0000 1257 512 0.4073
8882.0000 1257 513 0.4081
8885.0000 1258 513 0.4078
8892.0000 1259 513 0.4075
8900.0000 1260 513 0.4071
8909.0000 1261 513 0.4068
8910.0000 1261 514 0.4076
8914.0000 1261 515 0.4084
8915.0000 1261 516 0.4092
8918.0000 1262 516 0.4089
8923.0000 1262 517 0.4097
8925.0000 1263 517 0.4093
8931.0000 1264 517 0.4090
8939.0000 1265 517 0.4087
8944.0000 1266 517 0.4084
8949.0000 1266 518 0.4092
8953.0000 1267 518 0.4088
8959.0000 1268 518 0.4085
8967.0000 1269 518 0.4082
8969.0000 1269 519 0.4090
8975.0000 1270 519 0.4087
8981.0000 1271 519 0.4083
8990.0000 1272 519 0.4080
8999.0000 1273 519 0.4077
9006.0000 1274 519 0.4074
9012.0000 1274 520 0.4082
9015.0000 1275 520 0.4078
9015.0000 1275 521 0.4086
9021.0000 1276 521 0.4083
9028.0000 1277 521 0.4080
9032.0000 1277 522 0.4088
9036.0000 1278 522 0.4085
9039.0000 1278 523 0.4092
9043.0000 1279 523 0.4089
9052.0000 1280 523 0.4086
9060.0000 1281 523 0.4083
9066.0000 1282 523 0.4080
9074.0000 1283 523 0.4076
9080.0000 1283 524 0.4084
9081.0000 1284 524 0.4081
9086.0000 1285 524 0.4078
9086.0000 1285 525 0.4086
9086.0000 1285 526 0.4093
9090.0000 1285 527 0.4101
9093.0000 1286 527 0.4098
9100.0000 1287 527 0.4095
9104.0000 1287 528 0.4103
9107.0000 1288 528 0.4099
9114.0000 1289 528 0.4096
9119.0000 1290 528 0.4093
9127.0000 1291 528 0.4090
9129.0000 1291 529 0.4098
9134.0000 1292 529 0.4094
9140.0000 1293 529 0.4091
9143.0000 1293 530 0.4099
9147.0000 1294 530 0.4096
9153.0000 1295 530 0.4093
9158.0000 1296 530 0.4090
9167.0000 1297 530 0.4086
9176.0000 1298 530 0.4083
9185.0000 1299 530 0.4080
9188.0000 1299 531 0.4088
9191.0000 1300 531 0.4085
9200.0000 1301 531 0.4081
9207.0000 1301 532 0.4089
9208.0000 1302 532 0.4086
9208.0000 1302 533 0.4094
9216.0000 1303 533 0.4091
9223.0000 1304 533 0.4087
9229.0000 1305 533 0.4084
9238.0000 1306 533 0.4081
9242.0000 1306 534 0.4089
9245.0000 1307 534 0.4086
9253.0000 1308 534 0.4083
9260.0000 1309 534 0.4079
9267.0000 1309 535 0.4087
9268.0000 1310 535 0.4084
9275.0000 1311 535 0.4081
9277.0000 1311 536 0.4088
9283.0000 1312 536 0.4085
9289.0000 1313 536 0.4082
9295.0000 1314 536 0.4079
9300.0000 1315 536 0.4076
9307.0000 1316 536 0.4073
9316.0000 1317 536 0.4070
9324.0000 1318 536 0.4067
9330.0000 1319 536 0.4064
9338.0000 1320 536 0.4061
9347.0000 1321 536 0.4058
9355.0000 1322 536 0.4054
9362.0000 1323 536 0.4051
9369.0000 1324 536 0.4048
9377.0000 1324 537 0.4056
9378.0000 1325 537 0.4053
9380.0000 1325 538 0.4060
9384.0000 1326 538 0.4057
9390.0000 1327 538 0.4054
9397.0000 1328 538 0.4051
9399.0000 1328 539 0.4059
9405.0000 1329 539 0.4056
9412.0000 1330 539 0.4053
9414.0000 1330 540 0.4060
9418.0000 1331 540 0.4057
9424.0000 1332 540 0.4054
9430.0000 1333 540 0.4051
9438.0000 1334 540 0.4048
9443.0000 1335 540 0.4045
9449.0000 1336 540 0.4042
9458.0000 1337 540 0.4039
9465.0000 1338 540 0.4036
9473.0000 1339 540 0.4033
9478.0000 1340 540 0.4030
9487.0000 1341 540 0.4027
9493.0000 1342 540 0.4024
9502.0000 1343 540 0.4021
9507.0000 1344 540 0.4018
9513.0000 1344 541 0.4025
9514.0000 1345 541 0.4022
9519.0000 1346 541 0.4019
9528.0000 1347 541 0.4016
9531.0000 1347 542 0.4024
9534.0000 1348 542 0.4021
9539.0000 1349 542 0.4018
9547.0000 1350 542 0.4015
9554.0000 1351 542 0.4012
9563.0000 1352 542 0.4009
9572.0000 1353 542 0.4006
9576.0000 1353 543 0.4013
9576.0000 1353 544 0.4021
9577.0000 1354 544 0.4018
9585.0000 1355 544 0.4015
9593.0000 1356 544 0.4012
9602.0000 1357 544 0.4009
9607.0000 1358 544 0.4006
9616.0000 1359 544 0.4003
9625.0000 1360 544 0.4000
9632.0000 1361 544 0.3997
9641.0000 1362 544 0.3994
9648.0000 1363 544 0.3991
9653.0000 1363 545 0.3999
9657.0000 1364 545 0.3996
9666.0000 1365 545 0.3993
9671.0000 1366 545 0.3990
9677.0000 1367 545 0.3987
9686.0000 1368 545 0.3984
9694.0000 1369 545 0.3981
9696.0000 1369 546 0.3988
9702.0000 1370 546 0.3985
9707.0000 1370 547 0.3993
9709.0000 1371 547 0.3990
9709.0000 1371 548 0.3997
9714.0000 1371 549 0.4004
9717.0000 1372 549 0.4001
9720.0000 1372 550 0.4009
9726.0000 1373 550 0.4006
9730.0000 1373 551 0.4013
9732.0000 1374 551 0.4010
9740.0000 1375 551 0.4007
9749.0000 1376 551 0.4004
9756.0000 1377 551 0.4001
9762.0000 1378 551 0.3999
9768.0000 1379 551 0.3996
9775.0000 1380 551 0.3993
9781.0000 1381 551 0.3990
9787.0000 1382 551 0.3987
9794.0000 1382 552 0.3994
9796.0000 1383 552 0.3991
9804.0000 1384 552 0.3988
9812.0000 1385 552 0.3986
9821.0000 1386 552 0.3983
9824.0000 1386 553 0.3990
9830.0000 1387 553 0.3987
9830.0000 1387 554 0.3994
9838.0000 1388 554 0.3991
9843.0000 1389 554 0.3988
9849.0000 1390 554 0.3986
9852.0000 1390 555 0.3993
9857.0000 1391 555 0.3990
9863.0000 1391 556 0.3997
9864.0000 1392 556 0.3994
9871.0000 1393 556 0.3991
9877.0000 1394 556 0.3989
9882.0000 1395 556 0.3986
9888.0000 1395 557 0.3993
9890.0000 1396 557 0.3990
9899.0000 1397 557 0.3987
9901.0000 1397 558 0.3994
9908.0000 1398 558 0.3991
9913.0000 1399 558 0.3989
9921.0000 1400 558 0.3986
9928.0000 1401 558 0.3983
9935.0000 1402 558 0.3980
9942.0000 1403 558 0.3977
9949.0000 1404 558 0.3974
9951.0000 1404 559 0.3981
9957.0000 1405 559 0.3979
9959.0000 1405 560 0.3986
9964.0000 1406 560 0.3983
9970.0000 1407 560 0.3980
9978.0000 1408 560 0.3977
9980.0000 1408 561 0.3984
9984.0000 1409 561 0.3982
9991.0000 1410 561 0.3979
9998.0000 1411 561 0.3976
