# time  created  delivered  delivered/created
7.0000 1 0 0.0000
16.0000 2 0 0.0000
21.0000 3 0 0.0000
29.0000 4 0 0.0000
37.0000 5 0 0.0000
44.0000 6 0 0.0000
50.0000 7 0 0.0000
58.0000 8 0 0.0000
66.0000 9 0 0.0000
71.0000 10 0 0.0000
79.0000 11 0 0.0000
85.0000 12 0 0.0000
87.0000 12 1 0.0833
91.0000 13 1 0.0769
97.0000 14 1 0.0714
105.0000 15 1 0.0667
112.0000 16 1 0.0625
121.0000 17 1 0.0588
128.0000 18 1 0.0556
134.0000 19 1 0.0526
141.0000 20 1 0.0500
149.0000 21 1 0.0476
155.0000 22 1 0.0455
157.0000 22 2 0.0909
163.0000 23 2 0.0870
168.0000 24 2 0.0833
171.0000 24 3 0.1250
177.0000 25 3 0.1200
182.0000 26 3 0.1154
184.0000 26 4 0.1538
188.0000 27 4 0.1481
193.0000 28 4 0.1429
199.0000 29 4 0.1379
204.0000 30 4 0.1333
213.0000 31 4 0.1290
219.0000 32 4 0.1250
228.0000 33 4 0.1212
235.0000 34 4 0.1176
244.0000 35 4 0.1143
250.0000 35 5 0.1429
251.0000 36 5 0.1389
259.0000 37 5 0.1351
268.0000 38 5 0.1316
276.0000 39 5 0.1282
283.0000 39 6 0.1538
284.0000 40 6 0.1500
285.0000 40 7 0.1750
293.0000 41 7 0.1707
300.0000 42 7 0.1667
305.0000 43 7 0.1628
305.0000 43 8 0.1860
310.0000 44 8 0.1818
315.0000 45 8 0.1778
315.0000 45 9 0.2000
323.0000 46 9 0.1957
330.0000 47 9 0.1915
336.0000 48 9 0.1875
343.0000 49 9 0.1837
352.0000 50 9 0.1800
357.0000 51 9 0.1765
365.0000 52 9 0.1731
371.0000 53 9 0.1698
378.0000 54 9 0.1667
384.0000 54 10 0.1852
386.0000 55 10 0.1818
392.0000 56 10 0.1786
399.0000 57 10 0.1754
406.0000 58 10 0.1724
409.0000 58 11 0.1897
415.0000 59 11 0.1864
420.0000 60 11 0.1833
426.0000 60 12 0.2000
427.0000 61 12 0.1967
435.0000 62 12 0.1935
441.0000 63 12 0.1905
449.0000 64 12 0.1875
449.0000 64 13 0.2031
454.0000 65 13 0.2000
458.0000 65 14 0.2154
462.0000 66 14 0.2121
470.0000 67 14 0.2090
478.0000 68 14 0.2059
487.0000 69 14 0.2029
493.0000 70 14 0.2000
494.0000 70 15 0.2143
498.0000 71 15 0.2113
502.0000 71 16 0.2254
507.0000 72 16 0.2222
512.0000 73 16 0.2192
519.0000 74 16 0.2162
524.0000 75 16 0.2133
531.0000 75 17 0.2267
533.0000 76 17 0.2237
539.0000 77 17 0.2208
540.0000 77 18 0.2338
548.0000 78 18 0.2308
555.0000 79 18 0.2278
563.0000 80 18 0.2250
565.0000 80 19 0.2375
572.0000 81 19 0.2346
581.0000 82 19 0.2317
585.0000 82 20 0.2439
590.0000 83 20 0.2410
599.0000 84 20 0.2381
606.0000 85 20 0.2353
607.0000 85 21 0.2471
615.0000 86 21 0.2442
621.0000 87 21 0.2414
627.0000 88 21 0.2386
636.0000 89 21 0.2360
643.0000 90 21 0.2333
649.0000 90 22 0.2444
650.0000 91 22 0.2418
657.0000 91 23 0.2527
659.0000 92 23 0.2500
668.0000 93 23 0.2473
672.0000 93 24 0.2581
672.0000 93 25 0.2688
674.0000 93 26 0.2796
676.0000 94 26 0.2766
676.0000 94 27 0.2872
681.0000 95 27 0.2842
689.0000 96 27 0.2813
694.0000 97 27 0.2784
701.0000 98 27 0.2755
703.0000 98 28 0.2857
706.0000 99 28 0.2828
708.0000 99 29 0.2929
714.0000 100 29 0.2900
721.0000 101 29 0.2871
729.0000 102 29 0.2843
730.0000 102 30 0.2941
734.0000 103 30 0.2913
734.0000 103 31 0.3010
741.0000 104 31 0.2981
741.0000 104 32 0.3077
743.0000 104 33 0.3173
748.0000 105 33 0.3143
753.0000 106 33 0.3113
761.0000 107 33 0.3084
768.0000 107 34 0.3178
769.0000 108 34 0.3148
774.0000 109 34 0.3119
774.0000 109 35 0.3211
781.0000 110 35 0.3182
789.0000 111 35 0.3153
794.0000 112 35 0.3125
797.0000 112 36 0.3214
800.0000 113 36 0.3186
802.0000 113 37 0.3274
807.0000 114 37 0.3246
815.0000 115 37 0.3217
821.0000 116 37 0.3190
825.0000 116 38 0.3276
826.0000 117 38 0.3248
828.0000 117 39 0.3333
833.0000 117 40 0.3419
834.0000 118 40 0.3390
839.0000 119 40 0.3361
839.0000 119 41 0.3445
840.0000 119 42 0.3529
848.0000 120 42 0.3500
854.0000 121 42 0.3471
863.0000 122 42 0.3443
864.0000 122 43 0.3525
871.0000 123 43 0.3496
877.0000 124 43 0.3468
883.0000 125 43 0.3440
890.0000 126 43 0.3413
893.0000 126 44 0.3492
896.0000 127 44 0.3465
903.0000 128 44 0.3438
908.0000 129 44 0.3411
908.0000 129 45 0.3488
910.0000 129 46 0.3566
914.0000 130 46 0.3538
918.0000 130 47 0.3615
921.0000 131 47 0.3588
929.0000 132 47 0.3561
934.0000 133 47 0.3534
941.0000 134 47 0.3507
944.0000 134 48 0.3582
945.0000 134 49 0.3657
948.0000 135 49 0.3630
948.0000 135 50 0.3704
955.0000 136 50 0.3676
962.0000 137 50 0.3650
963.0000 137 51 0.3723
966.0000 137 52 0.3796
968.0000 138 52 0.3768
974.0000 139 52 0.3741
979.0000 140 52 0.3714
981.0000 140 53 0.3786
988.0000 141 53 0.3759
992.0000 141 54 0.3830
993.0000 142 54 0.3803
998.0000 143 54 0.3776
1003.0000 144 54 0.3750
1004.0000 144 55 0.3819
1012.0000 145 55 0.3793
1019.0000 146 55 0.3767
1024.0000 146 56 0.3836
1025.0000 147 56 0.3810
1028.0000 147 57 0.3878
1031.0000 147 58 0.3946
1032.0000 148 58 0.3919
1040.0000 149 58 0.3893
1047.0000 150 58 0.3867
1047.0000 150 59 0.3933
1048.0000 150 60 0.4000
1056.0000 151 60 0.3974
1060.0000 151 61 0.4040
1065.0000 152 61 0.4013
1074.0000 153 61 0.3987
1081.0000 154 61 0.3961
1083.0000 154 62 0.4026
1090.0000 155 62 0.4000
1092.0000 155 63 0.4065
1096.0000 156 63 0.4038
1101.0000 157 63 0.4013
1105.0000 157 64 0.4076
1108.0000 158 64 0.4051
1116.0000 159 64 0.4025
1116.0000 159 65 0.4088
1118.0000 159 66 0.4151
1123.0000 160 66 0.4125
1129.0000 161 66 0.4099
1136.0000 162 66 0.4074
1143.0000 163 66 0.4049
1149.0000 163 67 0.4110
1152.0000 164 67 0.4085
1158.0000 164 68 0.4146
1160.0000 164 69 0.4207
1160.0000 164 70 0.4268
1161.0000 165 70 0.4242
1166.0000 165 71 0.4303
1170.0000 166 71 0.4277
1175.0000 166 72 0.4337
1177.0000 167 72 0.4311
1177.0000 167 73 0.4371
1177.0000 167 74 0.4431
1179.0000 167 75 0.4491
1179.0000 167 76 0.4551
1181.0000 167 77 0.4611
1182.0000 168 77 0.4583
1189.0000 169 77 0.4556
1191.0000 169 78 0.4615
1195.0000 170 78 0.4588
1200.0000 171 78 0.4561
1206.0000 172 78 0.4535
1207.0000 172 79 0.4593
1215.0000 173 79 0.4566
1215.0000 173 80 0.4624
1223.0000 174 80 0.4598
1226.0000 174 81 0.4655
1227.0000 174 82 0.4713
1227.0000 174 83 0.4770
1228.0000 175 83 0.4743
1229.0000 175 84 0.4800
1230.0000 175 85 0.4857
1233.0000 176 85 0.4830
1242.0000 177 85 0.4802
1242.0000 177 86 0.4859
1247.0000 178 86 0.4831
1252.0000 178 87 0.4888
1253.0000 179 87 0.4860
1253.0000 179 88 0.4916
1259.0000 179 89 0.4972
1262.0000 180 89 0.4944
1266.0000 180 90 0.5000
1267.0000 181 90 0.4972
1270.0000 181 91 0.5028
1271.0000 181 92 0.5083
1273.0000 182 92 0.5055
1281.0000 183 92 0.5027
1283.0000 183 93 0.5082
1288.0000 184 93 0.5054
1291.0000 184 94 0.5109
1294.0000 185 94 0.5081
1300.0000 186 94 0.5054
1302.0000 186 95 0.5108
1306.0000 186 96 0.5161
1307.0000 187 96 0.5134
1313.0000 188 96 0.5106
1319.0000 189 96 0.5079
1319.0000 189 97 0.5132
1319.0000 189 98 0.5185
1320.0000 189 99 0.5238
1327.0000 190 99 0.5211
1336.0000 191 99 0.5183
1340.0000 191 100 0.5236
1343.0000 191 101 0.5288
1344.0000 192 101 0.5260
1349.0000 193 101 0.5233
1352.0000 193 102 0.5285
1354.0000 193 103 0.5337
1358.0000 194 103 0.5309
1366.0000 195 103 0.5282
1372.0000 196 103 0.5255
1377.0000 197 103 0.5228
1379.0000 197 104 0.5279
1379.0000 197 105 0.5330
1380.0000 197 106 0.5381
1383.0000 198 106 0.5354
1388.0000 198 107 0.5404
1389.0000 199 107 0.5377
1394.0000 200 107 0.5350
1401.0000 200 108 0.5400
1403.0000 201 108 0.5373
1411.0000 202 108 0.5347
1411.0000 202 109 0.5396
1419.0000 202 110 0.5446
1420.0000 203 110 0.5419
1428.0000 204 110 0.5392
1431.0000 204 111 0.5441
1437.0000 205 111 0.5415
1446.0000 206 111 0.5388
1447.0000 206 112 0.5437
1448.0000 206 113 0.5485
1454.0000 206 114 0.5534
1455.0000 207 114 0.5507
1461.0000 207 115 0.5556
1462.0000 207 116 0.5604
1464.0000 208 116 0.5577
1469.0000 209 116 0.5550
1472.0000 209 117 0.5598
1476.0000 210 117 0.5571
1478.0000 210 118 0.5619
1485.0000 211 118 0.5592
1486.0000 211 119 0.5640
1491.0000 211 120 0.5687
1492.0000 212 120 0.5660
1499.0000 213 120 0.5634
1499.0000 213 121 0.5681
1502.0000 213 122 0.5728
1502.0000 213 123 0.5775
1506.0000 214 123 0.5748
1507.0000 214 124 0.5794
1508.0000 214 125 0.5841
1515.0000 215 125 0.5814
1522.0000 216 125 0.5787
1523.0000 216 126 0.5833
1531.0000 217 126 0.5806
1534.0000 217 127 0.5853
1537.0000 218 127 0.5826
1545.0000 219 127 0.5799
1550.0000 219 128 0.5845
1553.0000 220 128 0.5818
1559.0000 220 129 0.5864
1560.0000 221 129 0.5837
1568.0000 222 129 0.5811
1573.0000 222 130 0.5856
1575.0000 223 130 0.5830
1580.0000 224 130 0.5804
1584.0000 224 131 0.5848
1584.0000 224 132 0.5893
1586.0000 225 132 0.5867
1586.0000 225 133 0.5911
1593.0000 226 133 0.5885
1594.0000 226 134 0.5929
1599.0000 227 134 0.5903
1601.0000 227 135 0.5947
1606.0000 228 135 0.5921
1612.0000 228 136 0.5965
1614.0000 229 136 0.5939
1616.0000 229 137 0.5983
1622.0000 230 137 0.5957
1628.0000 231 137 0.5931
1634.0000 232 137 0.5905
1642.0000 233 137 0.5880
1648.0000 233 138 0.5923
1651.0000 234 138 0.5897
1656.0000 235 138 0.5872
1664.0000 236 138 0.5847
1668.0000 236 139 0.5890
1670.0000 237 139 0.5865
1675.0000 238 139 0.5840
1681.0000 239 139 0.5816
1688.0000 240 139 0.5792
1697.0000 241 139 0.5768
1700.0000 241 140 0.5809
1701.0000 241 141 0.5851
1702.0000 241 142 0.5892
1706.0000 242 142 0.5868
1711.0000 243 142 0.5844
1716.0000 244 142 0.5820
1725.0000 245 142 0.5796
1728.0000 245 143 0.5837
1730.0000 246 143 0.5813
1734.0000 246 144 0.5854
1737.0000 247 144 0.5830
1744.0000 248 144 0.5806
1749.0000 249 144 0.5783
1758.0000 250 144 0.5760
1764.0000 251 144 0.5737
1771.0000 252 144 0.5714
1780.0000 253 144 0.5692
1787.0000 254 144 0.5669
1795.0000 255 144 0.5647
1800.0000 255 145 0.5686
1803.0000 256 145 0.5664
1810.0000 257 145 0.5642
1817.0000 258 145 0.5620
1820.0000 258 146 0.5659
1826.0000 259 146 0.5637
1835.0000 260 146 0.5615
1835.0000 260 147 0.5654
1844.0000 261 147 0.5632
1850.0000 262 147 0.5611
1854.0000 262 148 0.5649
1855.0000 262 149 0.5687
1859.0000 263 149 0.5665
1865.0000 263 150 0.5703
1866.0000 264 150 0.5682
1869.0000 264 151 0.5720
1870.0000 264 152 0.5758
1875.0000 265 152 0.5736
1882.0000 266 152 0.5714
1887.0000 266 153 0.5752
1890.0000 267 153 0.5730
1893.0000 267 154 0.5768
1896.0000 268 154 0.5746
1902.0000 269 154 0.5725
1910.0000 270 154 0.5704
1912.0000 270 155 0.5741
1919.0000 271 155 0.5720
1922.0000 271 156 0.5756
1923.0000 271 157 0.5793
1926.0000 272 157 0.5772
1932.0000 273 157 0.5751
1937.0000 273 158 0.5788
1939.0000 274 158 0.5766
1946.0000 275 158 0.5745
1952.0000 276 158 0.5725
1958.0000 277 158 0.5704
1966.0000 278 158 0.5683
1969.0000 278 159 0.5719
1971.0000 279 159 0.5699
1976.0000 280 159 0.5679
1984.0000 281 159 0.5658
1990.0000 282 159 0.5638
1990.0000 282 160 0.5674
1992.0000 282 161 0.5709
1994.0000 282 162 0.5745
1995.0000 282 163 0.5780
1997.0000 282 164 0.5816
1999.0000 283 164 0.5795
2004.0000 284 164 0.5775
2009.0000 284 165 0.5810
2010.0000 285 165 0.5789
2011.0000 285 166 0.5825
2018.0000 286 166 0.5804
2024.0000 287 166 0.5784
2031.0000 288 166 0.5764
2039.0000 289 166 0.5744
2042.0000 289 167 0.5779
2045.0000 290 167 0.5759
2048.0000 290 168 0.5793
2052.0000 290 169 0.5828
2053.0000 291 169 0.5808
2055.0000 291 170 0.5842
2059.0000 292 170 0.5822
2059.0000 292 171 0.5856
2061.0000 292 172 0.5890
2066.0000 293 172 0.5870
2071.0000 293 173 0.5904
2073.0000 293 174 0.5939
2074.0000 294 174 0.5918
2074.0000 294 175 0.5952
2083.0000 295 175 0.5932
2086.0000 295 176 0.5966
2089.0000 296 176 0.5946
2097.0000 296 177 0.5980
2098.0000 297 177 0.5960
2100.0000 297 178 0.5993
2102.0000 297 179 0.6027
2107.0000 298 179 0.6007
2107.0000 298 180 0.6040
2114.0000 299 180 0.6020
2116.0000 299 181 0.6054
2119.0000 300 181 0.6033
2120.0000 300 182 0.6067
2127.0000 301 182 0.6047
2134.0000 301 183 0.6080
2135.0000 302 183 0.6060
2144.0000 303 183 0.6040
2144.0000 303 184 0.6073
2149.0000 304 184 0.6053
2151.0000 304 185 0.6086
2156.0000 305 185 0.6066
2163.0000 305 186 0.6098
2164.0000 306 186 0.6078
2170.0000 307 186 0.6059
2177.0000 308 186 0.6039
2177.0000 308 187 0.6071
2178.0000 308 188 0.6104
2184.0000 309 188 0.6084
2192.0000 310 188 0.6065
2194.0000 310 189 0.6097
2198.0000 311 189 0.6077
2198.0000 311 190 0.6109
2203.0000 312 190 0.6090
2210.0000 313 190 0.6070
2217.0000 314 190 0.6051
2223.0000 315 190 0.6032
2228.0000 316 190 0.6013
2236.0000 316 191 0.6044
2237.0000 317 191 0.6025
2245.0000 318 191 0.6006
2253.0000 319 191 0.5987
2256.0000 319 192 0.6019
2259.0000 320 192 0.6000
2265.0000 321 192 0.5981
2269.0000 321 193 0.6012
2273.0000 322 193 0.5994
2276.0000 322 194 0.6025
2276.0000 322 195 0.6056
2278.0000 323 195 0.6037
2285.0000 324 195 0.6019
2289.0000 324 196 0.6049
2292.0000 325 196 0.6031
2301.0000 326 196 0.6012
2307.0000 327 196 0.5994
2316.0000 328 196 0.5976
2323.0000 329 196 0.5957
2327.0000 329 197 0.5988
2329.0000 330 197 0.5970
2334.0000 331 197 0.5952
2342.0000 332 197 0.5934
2350.0000 333 197 0.5916
2353.0000 333 198 0.5946
2353.0000 333 199 0.5976
2355.0000 333 200 0.6006
2357.0000 334 200 0.5988
2358.0000 334 201 0.6018
2360.0000 334 202 0.6048
2362.0000 334 203 0.6078
2363.0000 335 203 0.6060
2372.0000 336 203 0.6042
2378.0000 337 203 0.6024
2387.0000 338 203 0.6006
2392.0000 339 203 0.5988
2401.0000 340 203 0.5971
2409.0000 341 203 0.5953
2417.0000 342 203 0.5936
2417.0000 342 204 0.5965
2422.0000 343 204 0.5948
2423.0000 343 205 0.5977
2423.0000 343 206 0.6006
2424.0000 343 207 0.6035
2425.0000 343 208 0.6064
2427.0000 343 209 0.6093
2431.0000 344 209 0.6076
2439.0000 345 209 0.6058
2440.0000 345 210 0.6087
2445.0000 346 210 0.6069
2447.0000 346 211 0.6098
2451.0000 347 211 0.6081
2460.0000 348 211 0.6063
2467.0000 349 211 0.6046
2475.0000 350 211 0.6029
2481.0000 351 211 0.6011
2488.0000 352 211 0.5994
2490.0000 352 212 0.6023
2497.0000 353 212 0.6006
2501.0000 353 213 0.6034
2505.0000 354 213 0.6017
2510.0000 355 213 0.6000
2516.0000 356 213 0.5983
2525.0000 357 213 0.5966
2534.0000 358 213 0.5950
2540.0000 359 213 0.5933
2547.0000 360 213 0.5917
2552.0000 361 213 0.5900
2558.0000 361 214 0.5928
2560.0000 362 214 0.5912
2567.0000 362 215 0.5939
2568.0000 363 215 0.5923
2569.0000 363 216 0.5950
2572.0000 363 217 0.5978
2573.0000 364 217 0.5962
2579.0000 365 217 0.5945
2585.0000 366 217 0.5929
2592.0000 367 217 0.5913
2592.0000 367 218 0.5940
2598.0000 368 218 0.5924
2598.0000 368 219 0.5951
2603.0000 369 219 0.5935
2608.0000 370 219 0.5919
2614.0000 371 219 0.5903
2620.0000 372 219 0.5887
2626.0000 373 219 0.5871
2626.0000 373 220 0.5898
2631.0000 374 220 0.5882
2633.0000 374 221 0.5909
2636.0000 374 222 0.5936
2639.0000 375 222 0.5920
2644.0000 376 222 0.5904
2652.0000 377 222 0.5889
2657.0000 378 222 0.5873
2659.0000 378 223 0.5899
2665.0000 379 223 0.5884
2666.0000 379 224 0.5910
2668.0000 379 225 0.5937
2673.0000 380 225 0.5921
2674.0000 380 226 0.5947
2681.0000 381 226 0.5932
2690.0000 382 226 0.5916
2699.0000 383 226 0.5901
2704.0000 383 227 0.5927
2708.0000 384 227 0.5911
2714.0000 385 227 0.5896
2722.0000 386 227 0.5881
2723.0000 386 228 0.5907
2724.0000 386 229 0.5933
2729.0000 387 229 0.5917
2734.0000 388 229 0.5902
2737.0000 388 230 0.5928
2743.0000 389 230 0.5913
2748.0000 390 230 0.5897
2748.0000 390 231 0.5923
2757.0000 391 231 0.5908
2764.0000 392 231 0.5893
2767.0000 392 232 0.5918
2770.0000 393 232 0.5903
2777.0000 394 232 0.5888
2778.0000 394 233 0.5914
2785.0000 395 233 0.5899
2790.0000 396 233 0.5884
2797.0000 397 233 0.5869
2805.0000 398 233 0.5854
2813.0000 399 233 0.5840
2819.0000 399 234 0.5865
2821.0000 400 234 0.5850
2829.0000 401 234 0.5835
2831.0000 401 235 0.5860
2834.0000 402 235 0.5846
2842.0000 403 235 0.5831
2847.0000 404 235 0.5817
2852.0000 405 235 0.5802
2854.0000 405 236 0.5827
2856.0000 405 237 0.5852
2857.0000 406 237 0.5837
2863.0000 407 237 0.5823
2871.0000 407 238 0.5848
2872.0000 408 238 0.5833
2881.0000 409 238 0.5819
2887.0000 410 238 0.5805
2893.0000 410 239 0.5829
2896.0000 411 239 0.5815
2904.0000 412 239 0.5801
2911.0000 413 239 0.5787
2916.0000 414 239 0.5773
2922.0000 415 239 0.5759
2925.0000 415 240 0.5783
2927.0000 416 240 0.5769
2936.0000 417 240 0.5755
2939.0000 417 241 0.5779
2942.0000 418 241 0.5766
2942.0000 418 242 0.5789
2951.0000 419 242 0.5776
2956.0000 420 242 0.5762
2961.0000 421 242 0.5748
2961.0000 421 243 0.5772
2970.0000 422 243 0.5758
2972.0000 422 244 0.5782
2973.0000 422 245 0.5806
2975.0000 423 245 0.5792
2975.0000 423 246 0.5816
2975.0000 423 247 0.5839
2977.0000 423 248 0.5863
2984.0000 424 248 0.5849
2991.0000 425 248 0.5835
3000.0000 426 248 0.5822
3002.0000 426 249 0.5845
3008.0000 427 249 0.5831
3010.0000 427 250 0.5855
3017.0000 428 250 0.5841
3020.0000 428 251 0.5864
3025.0000 429 251 0.5851
3034.0000 430 251 0.5837
3040.0000 431 251 0.5824
3044.0000 431 252 0.5847
3046.0000 432 252 0.5833
3046.0000 432 253 0.5856
3051.0000 433 253 0.5843
3054.0000 433 254 0.5866
3060.0000 434 254 0.5853
3061.0000 434 255 0.5876
3067.0000 435 255 0.5862
3070.0000 435 256 0.5885
3073.0000 436 256 0.5872
3073.0000 436 257 0.5894
3080.0000 437 257 0.5881
3084.0000 437 258 0.5904
3085.0000 438 258 0.5890
3091.0000 439 258 0.5877
3097.0000 440 258 0.5864
3103.0000 440 259 0.5886
3106.0000 441 259 0.5873
3114.0000 442 259 0.5860
3118.0000 442 260 0.5882
3123.0000 443 260 0.5869
3128.0000 443 261 0.5892
3128.0000 443 262 0.5914
3130.0000 443 263 0.5937
3131.0000 444 263 0.5923
3138.0000 445 263 0.5910
3144.0000 446 263 0.5897
3151.0000 447 263 0.5884
3159.0000 448 263 0.5871
3162.0000 448 264 0.5893
3166.0000 449 264 0.5880
3175.0000 450 264 0.5867
3184.0000 451 264 0.5854
3189.0000 452 264 0.5841
3191.0000 452 265 0.5863
3197.0000 453 265 0.5850
3204.0000 454 265 0.5837
3206.0000 454 266 0.5859
3211.0000 455 266 0.5846
3212.0000 455 267 0.5868
3218.0000 456 267 0.5855
3227.0000 457 267 0.5842
3233.0000 457 268 0.5864
3234.0000 457 269 0.5886
3236.0000 458 269 0.5873
3238.0000 458 270 0.5895
3242.0000 459 270 0.5882
3245.0000 459 271 0.5904
3251.0000 460 271 0.5891
3252.0000 460 272 0.5913
3258.0000 461 272 0.5900
3266.0000 462 272 0.5887
3269.0000 462 273 0.5909
3274.0000 463 273 0.5896
3282.0000 464 273 0.5884
3291.0000 465 273 0.5871
3298.0000 466 273 0.5858
3303.0000 467 273 0.5846
3303.0000 467 274 0.5867
3309.0000 468 274 0.5855
3318.0000 469 274 0.5842
3322.0000 469 275 0.5864
3324.0000 470 275 0.5851
3324.0000 470 276 0.5872
3330.0000 471 276 0.5860
3330.0000 471 277 0.5881
3338.0000 472 277 0.5869
3342.0000 472 278 0.5890
3344.0000 473 278 0.5877
3351.0000 474 278 0.5865
3356.0000 475 278 0.5853
3362.0000 476 278 0.5840
3362.0000 476 279 0.5861
3366.0000 476 280 0.5882
3366.0000 476 281 0.5903
3367.0000 476 282 0.5924
3371.0000 477 282 0.5912
3380.0000 478 282 0.5900
3388.0000 479 282 0.5887
3395.0000 480 282 0.5875
3403.0000 481 282 0.5863
3404.0000 481 283 0.5884
3409.0000 482 283 0.5871
3417.0000 483 283 0.5859
3422.0000 483 284 0.5880
3424.0000 484 284 0.5868
3430.0000 485 284 0.5856
3439.0000 486 284 0.5844
3443.0000 486 285 0.5864
3445.0000 486 286 0.5885
3446.0000 487 286 0.5873
3447.0000 487 287 0.5893
3448.0000 487 288 0.5914
3449.0000 487 289 0.5934
3452.0000 487 290 0.5955
3453.0000 488 290 0.5943
3458.0000 488 291 0.5963
3460.0000 489 291 0.5951
3467.0000 490 291 0.5939
3472.0000 491 291 0.5927
3477.0000 492 291 0.5915
3484.0000 493 291 0.5903
3489.0000 493 292 0.5923
3492.0000 494 292 0.5911
3500.0000 495 292 0.5899
3506.0000 496 292 0.5887
3508.0000 496 293 0.5907
3512.0000 497 293 0.5895
3519.0000 498 293 0.5884
3525.0000 499 293 0.5872
3531.0000 500 293 0.5860
3533.0000 500 294 0.5880
3537.0000 501 294 0.5868
3543.0000 501 295 0.5888
3546.0000 502 295 0.5876
3547.0000 502 296 0.5896
3548.0000 502 297 0.5916
3555.0000 503 297 0.5905
3561.0000 504 297 0.5893
3570.0000 505 297 0.5881
3573.0000 505 298 0.5901
3578.0000 506 298 0.5889
3586.0000 507 298 0.5878
3593.0000 508 298 0.5866
3599.0000 509 298 0.5855
3602.0000 509 299 0.5874
3607.0000 509 300 0.5894
3608.0000 510 300 0.5882
3608.0000 510 301 0.5902
3613.0000 511 301 0.5890
3620.0000 512 301 0.5879
3625.0000 513 301 0.5867
3625.0000 513 302 0.5887
3629.0000 513 303 0.5906
3630.0000 514 303 0.5895
3635.0000 515 303 0.5883
3635.0000 515 304 0.5903
3643.0000 516 304 0.5891
3652.0000 517 304 0.5880
3653.0000 517 305 0.5899
3656.0000 517 306 0.5919
3658.0000 517 307 0.5938
3660.0000 518 307 0.5927
3660.0000 518 308 0.5946
3666.0000 519 308 0.5934
3666.0000 519 309 0.5954
3668.0000 519 310 0.5973
3669.0000 519 311 0.5992
3671.0000 520 311 0.5981
3679.0000 521 311 0.5969
3684.0000 522 311 0.5958
3686.0000 522 312 0.5977
3691.0000 523 312 0.5966
3697.0000 524 312 0.5954
3699.0000 524 313 0.5973
3702.0000 525 313 0.5962
3702.0000 525 314 0.5981
3706.0000 525 315 0.6000
3706.0000 525 316 0.6019
3708.0000 526 316 0.6008
3713.0000 526 317 0.6027
3717.0000 527 317 0.6015
3725.0000 528 317 0.6004
3725.0000 528 318 0.6023
3727.0000 528 319 0.6042
3729.0000 528 320 0.6061
3730.0000 529 320 0.6049
3739.0000 530 320 0.6038
3739.0000 530 321 0.6057
3742.0000 530 322 0.6075
3747.0000 531 322 0.6064
3750.0000 531 323 0.6083
3756.0000 532 323 0.6071
3756.0000 532 324 0.6090
3764.0000 533 324 0.6079
3772.0000 534 324 0.6067
3780.0000 535 324 0.6056
3787.0000 536 324 0.6045
3796.0000 537 324 0.6034
3805.0000 538 324 0.6022
3810.0000 538 325 0.6041
3812.0000 539 325 0.6030
3817.0000 540 325 0.6019
3818.0000 540 326 0.6037
3826.0000 541 326 0.6026
3826.0000 541 327 0.6044
3833.0000 542 327 0.6033
3838.0000 543 327 0.6022
3845.0000 544 327 0.6011
3848.0000 544 328 0.6029
3852.0000 545 328 0.6018
3852.0000 545 329 0.6037
3858.0000 546 329 0.6026
3859.0000 546 330 0.6044
3863.0000 547 330 0.6033
3864.0000 547 331 0.6051
3865.0000 547 332 0.6069
3866.0000 547 333 0.6088
3870.0000 547 334 0.6106
3872.0000 548 334 0.6095
3874.0000 548 335 0.6113
3874.0000 548 336 0.6131
3880.0000 549 336 0.6120
3882.0000 549 337 0.6138
3884.0000 549 338 0.6157
3888.0000 550 338 0.6145
3897.0000 551 338 0.6134
3901.0000 551 339 0.6152
3903.0000 552 339 0.6141
3905.0000 552 340 0.6159
3909.0000 553 340 0.6148
3915.0000 554 340 0.6137
3921.0000 554 341 0.6155
3922.0000 555 341 0.6144
3927.0000 556 341 0.6133
3934.0000 557 341 0.6122
3942.0000 558 341 0.6111
3947.0000 559 341 0.6100
3954.0000 560 341 0.6089
3956.0000 560 342 0.6107
3959.0000 560 343 0.6125
3960.0000 560 344 0.6143
3961.0000 560 345 0.6161
3963.0000 561 345 0.6150
3970.0000 562 345 0.6139
3978.0000 563 345 0.6128
3982.0000 563 346 0.6146
3983.0000 563 347 0.6163
3985.0000 564 347 0.6152
3988.0000 564 348 0.6170
3990.0000 565 348 0.6159
3993.0000 565 349 0.6177
3995.0000 565 350 0.6195
3997.0000 566 350 0.6184
3998.0000 566 351 0.6201
4002.0000 567 351 0.6190
4002.0000 567 352 0.6208
4008.0000 567 353 0.6226
4011.0000 568 353 0.6215
4013.0000 568 354 0.6232
4017.0000 569 354 0.6221
4023.0000 570 354 0.6211
4027.0000 570 355 0.6228
4030.0000 571 355 0.6217
4038.0000 572 355 0.6206
4046.0000 573 355 0.6195
4048.0000 573 356 0.6213
4052.0000 574 356 0.6202
4055.0000 574 357 0.6220
4059.0000 574 358 0.6237
4061.0000 575 358 0.6226
4067.0000 576 358 0.6215
4076.0000 577 358 0.6205
4080.0000 577 359 0.6222
4083.0000 578 359 0.6211
4091.0000 579 359 0.6200
4096.0000 580 359 0.6190
4096.0000 580 360 0.6207
4098.0000 580 361 0.6224
4105.0000 581 361 0.6213
4109.0000 581 362 0.6231
4112.0000 581 363 0.6248
4113.0000 582 363 0.6237
4118.0000 582 364 0.6254
4120.0000 582 365 0.6271
4122.0000 583 365 0.6261
4123.0000 583 366 0.6278
4127.0000 584 366 0.6267
4128.0000 584 367 0.6284
4135.0000 585 367 0.6274
4143.0000 586 367 0.6263
4152.0000 587 367 0.6252
4157.0000 588 367 0.6241
4157.0000 588 368 0.6259
4166.0000 589 368 0.6248
4174.0000 590 368 0.6237
4179.0000 590 369 0.6254
4181.0000 591 369 0.6244
4186.0000 592 369 0.6233
4192.0000 593 369 0.6223
4201.0000 594 369 0.6212
4201.0000 594 370 0.6229
4208.0000 595 370 0.6218
4210.0000 595 371 0.6235
4216.0000 596 371 0.6225
4217.0000 596 372 0.6242
4223.0000 597 372 0.6231
4225.0000 597 373 0.6248
4229.0000 598 373 0.6237
4235.0000 599 373 0.6227
4235.0000 599 374 0.6244
4237.0000 599 375 0.6260
4241.0000 600 375 0.6250
4248.0000 600 376 0.6267
4248.0000 600 377 0.6283
4250.0000 601 377 0.6273
4252.0000 601 378 0.6290
4254.0000 601 379 0.6306
4255.0000 602 379 0.6296
4256.0000 602 380 0.6312
4264.0000 603 380 0.6302
4272.0000 604 380 0.6291
4277.0000 605 380 0.6281
4283.0000 605 381 0.6298
4284.0000 605 382 0.6314
4286.0000 606 382 0.6304
4291.0000 607 382 0.6293
4296.0000 608 382 0.6283
4302.0000 609 382 0.6273
4309.0000 610 382 0.6262
4315.0000 611 382 0.6252
4319.0000 611 383 0.6268
4319.0000 611 384 0.6285
4320.0000 612 384 0.6275
4329.0000 613 384 0.6264
4332.0000 613 385 0.6281
4335.0000 614 385 0.6270
4343.0000 615 385 0.6260
4351.0000 616 385 0.6250
4352.0000 616 386 0.6266
4356.0000 617 386 0.6256
4360.0000 617 387 0.6272
4361.0000 618 387 0.6262
4368.0000 619 387 0.6252
4375.0000 620 387 0.6242
4375.0000 620 388 0.6258
4377.0000 620 389 0.6274
4378.0000 620 390 0.6290
4379.0000 620 391 0.6306
4379.0000 620 392 0.6323
4381.0000 621 392 0.6312
4381.0000 621 393 0.6329
4384.0000 621 394 0.6345
4390.0000 622 394 0.6334
4390.0000 622 395 0.6350
4392.0000 622 396 0.6367
4395.0000 622 397 0.6383
4396.0000 623 397 0.6372
4396.0000 623 398 0.6388
4403.0000 623 399 0.6404
4404.0000 624 399 0.6394
4404.0000 624 400 0.6410
4413.0000 625 400 0.6400
4415.0000 625 401 0.6416
4421.0000 626 401 0.6406
4426.0000 627 401 0.6396
4431.0000 628 401 0.6385
4433.0000 628 402 0.6401
4437.0000 629 402 0.6391
4441.0000 629 403 0.6407
4446.0000 630 403 0.6397
4448.0000 630 404 0.6413
4452.0000 631 404 0.6403
4458.0000 632 404 0.6392
4463.0000 632 405 0.6408
4465.0000 633 405 0.6398
4469.0000 633 406 0.6414
4471.0000 634 406 0.6404
4471.0000 634 407 0.6420
4476.0000 635 407 0.6409
4482.0000 636 407 0.6399
4487.0000 637 407 0.6389
4489.0000 637 408 0.6405
4494.0000 638 408 0.6395
4495.0000 638 409 0.6411
4503.0000 639 409 0.6401
4503.0000 639 410 0.6416
4507.0000 639 411 0.6432
4511.0000 640 411 0.6422
4512.0000 640 412 0.6438
4517.0000 641 412 0.6427
4519.0000 641 413 0.6443
4519.0000 641 414 0.6459
4525.0000 642 414 0.6449
4530.0000 643 414 0.6439
4536.0000 644 414 0.6429
4545.0000 645 414 0.6419
4553.0000 646 414 0.6409
4558.0000 647 414 0.6399
4561.0000 647 415 0.6414
4567.0000 648 415 0.6404
4574.0000 649 415 0.6394
4582.0000 650 415 0.6385
4588.0000 651 415 0.6375
4594.0000 652 415 0.6365
4595.0000 652 416 0.6380
4597.0000 652 417 0.6396
4599.0000 653 417 0.6386
4607.0000 654 417 0.6376
4612.0000 655 417 0.6366
4618.0000 655 418 0.6382
4621.0000 656 418 0.6372
4625.0000 656 419 0.6387
4627.0000 657 419 0.6377
4629.0000 657 420 0.6393
4634.0000 658 420 0.6383
4642.0000 659 420 0.6373
4651.0000 660 420 0.6364
4653.0000 660 421 0.6379
4657.0000 661 421 0.6369
4663.0000 662 421 0.6360
4666.0000 662 422 0.6375
4669.0000 663 422 0.6365
4669.0000 663 423 0.6380
4678.0000 664 423 0.6370
4680.0000 664 424 0.6386
4684.0000 665 424 0.6376
4686.0000 665 425 0.6391
4691.0000 666 425 0.6381
4692.0000 666 426 0.6396
4697.0000 667 426 0.6387
4706.0000 668 426 0.6377
4709.0000 668 427 0.6392
4712.0000 669 427 0.6383
4720.0000 670 427 0.6373
4728.0000 671 427 0.6364
4728.0000 671 428 0.6379
4737.0000 672 428 0.6369
4737.0000 672 429 0.6384
4744.0000 673 429 0.6374
4752.0000 674 429 0.6365
4757.0000 675 429 0.6356
4766.0000 676 429 0.6346
4768.0000 676 430 0.6361
4772.0000 677 430 0.6352
4781.0000 678 430 0.6342
4786.0000 679 430 0.6333
4792.0000 680 430 0.6324
4795.0000 680 431 0.6338
4799.0000 681 431 0.6329
4800.0000 681 432 0.6344
4804.0000 682 432 0.6334
4809.0000 683 432 0.6325
4815.0000 684 432 0.6316
4821.0000 684 433 0.6330
4822.0000 685 433 0.6321
4822.0000 685 434 0.6336
4822.0000 685 435 0.6350
4831.0000 686 435 0.6341
4835.0000 686 436 0.6356
4839.0000 687 436 0.6346
4843.0000 687 437 0.6361
4845.0000 688 437 0.6352
4846.0000 688 438 0.6366
4854.0000 689 438 0.6357
4862.0000 690 438 0.6348
4865.0000 690 439 0.6362
4866.0000 690 440 0.6377
4866.0000 690 441 0.6391
4867.0000 691 441 0.6382
4869.0000 691 442 0.6397
4873.0000 691 443 0.6411
4874.0000 692 443 0.6402
4881.0000 693 443 0.6392
4882.0000 693 444 0.6407
4890.0000 694 444 0.6398
4896.0000 695 444 0.6388
4902.0000 696 444 0.6379
4908.0000 697 444 0.6370
4917.0000 698 444 0.6361
4922.0000 698 445 0.6375
4923.0000 699 445 0.6366
4927.0000 699 446 0.6381
4928.0000 700 446 0.6371
4937.0000 701 446 0.6362
4937.0000 701 447 0.6377
4942.0000 701 448 0.6391
4944.0000 701 449 0.6405
4945.0000 702 449 0.6396
4946.0000 702 450 0.6410
4950.0000 703 450 0.6401
4959.0000 704 450 0.6392
4964.0000 705 450 0.6383
4965.0000 705 451 0.6397
4970.0000 706 451 0.6388
4971.0000 706 452 0.6402
4978.0000 707 452 0.6393
4983.0000 708 452 0.6384
4988.0000 709 452 0.6375
4997.0000 710 452 0.6366
5004.0000 711 452 0.6357
5010.0000 711 453 0.6371
5013.0000 712 453 0.6362
5016.0000 712 454 0.6376
5017.0000 712 455 0.6390
5019.0000 713 455 0.6381
5028.0000 714 455 0.6373
5030.0000 714 456 0.6387
5036.0000 715 456 0.6378
5044.0000 716 456 0.6369
5053.0000 717 456 0.6360
5057.0000 717 457 0.6374
5058.0000 718 457 0.6365
5060.0000 718 458 0.6379
5067.0000 719 458 0.6370
5069.0000 719 459 0.6384
5073.0000 720 459 0.6375
5080.0000 720 460 0.6389
5081.0000 721 460 0.6380
5086.0000 722 460 0.6371
5093.0000 723 460 0.6362
5093.0000 723 461 0.6376
5095.0000 723 462 0.6390
5099.0000 724 462 0.6381
5108.0000 725 462 0.6372
5109.0000 725 463 0.6386
5116.0000 726 463 0.6377
5116.0000 726 464 0.6391
5124.0000 727 464 0.6382
5130.0000 727 465 0.6396
5133.0000 728 465 0.6387
5135.0000 728 466 0.6401
5137.0000 728 467 0.6415
5142.0000 729 467 0.6406
5142.0000 729 468 0.6420
5146.0000 729 469 0.6433
5147.0000 730 469 0.6425
5148.0000 730 470 0.6438
5155.0000 731 470 0.6430
5161.0000 732 470 0.6421
5165.0000 732 471 0.6434
5166.0000 733 471 0.6426
5175.0000 734 471 0.6417
5180.0000 735 471 0.6408
5186.0000 736 471 0.6399
5192.0000 736 472 0.6413
5194.0000 736 473 0.6427
5194.0000 736 474 0.6440
5195.0000 737 474 0.6431
5196.0000 737 475 0.6445
5202.0000 738 475 0.6436
5205.0000 738 476 0.6450
5206.0000 738 477 0.6463
5209.0000 739 477 0.6455
5212.0000 739 478 0.6468
5212.0000 739 479 0.6482
5213.0000 739 480 0.6495
5218.0000 740 480 0.6486
5224.0000 741 480 0.6478
5226.0000 741 481 0.6491
5232.0000 742 481 0.6482
5239.0000 743 481 0.6474
5239.0000 743 482 0.6487
5244.0000 744 482 0.6478
5250.0000 745 482 0.6470
5256.0000 746 482 0.6461
5262.0000 746 483 0.6475
5264.0000 747 483 0.6466
5273.0000 748 483 0.6457
5280.0000 748 484 0.6471
5282.0000 749 484 0.6462
5290.0000 750 484 0.6453
5291.0000 750 485 0.6467
5298.0000 751 485 0.6458
5305.0000 752 485 0.6449
5312.0000 753 485 0.6441
5318.0000 753 486 0.6454
5320.0000 754 486 0.6446
5320.0000 754 487 0.6459
5328.0000 755 487 0.6450
5332.0000 755 488 0.6464
5335.0000 756 488 0.6455
5339.0000 756 489 0.6468
5343.0000 756 490 0.6481
5344.0000 757 490 0.6473
5352.0000 758 490 0.6464
5359.0000 759 490 0.6456
5366.0000 760 490 0.6447
5372.0000 761 490 0.6439
5374.0000 761 491 0.6452
5376.0000 761 492 0.6465
5379.0000 762 492 0.6457
5384.0000 763 492 0.6448
5389.0000 764 492 0.6440
5390.0000 764 493 0.6453
5392.0000 764 494 0.6466
5395.0000 765 494 0.6458
5402.0000 766 494 0.6449
5411.0000 767 494 0.6441
5417.0000 768 494 0.6432
5423.0000 769 494 0.6424
5429.0000 770 494 0.6416
5436.0000 770 495 0.6429
5438.0000 771 495 0.6420
5444.0000 772 495 0.6412
5452.0000 773 495 0.6404
5457.0000 774 495 0.6395
5463.0000 774 496 0.6408
5466.0000 775 496 0.6400
5472.0000 776 496 0.6392
5480.0000 777 496 0.6384
5489.0000 778 496 0.6375
5490.0000 778 497 0.6388
5496.0000 778 498 0.6401
5497.0000 779 498 0.6393
5504.0000 780 498 0.6385
5511.0000 781 498 0.6376
5512.0000 781 499 0.6389
5515.0000 781 500 0.6402
5518.0000 782 500 0.6394
5520.0000 782 501 0.6407
5522.0000 782 502 0.6419
5523.0000 783 502 0.6411
5525.0000 783 503 0.6424
5527.0000 783 504 0.6437
5530.0000 784 504 0.6429
5537.0000 785 504 0.6420
5540.0000 785 505 0.6433
5546.0000 786 505 0.6425
5550.0000 786 506 0.6438
5555.0000 787 506 0.6429
5564.0000 788 506 0.6421
5573.0000 789 506 0.6413
5579.0000 789 507 0.6426
5581.0000 790 507 0.6418
5583.0000 790 508 0.6430
5590.0000 791 508 0.6422
5595.0000 792 508 0.6414
5603.0000 793 508 0.6406
5610.0000 794 508 0.6398
5618.0000 795 508 0.6390
5624.0000 796 508 0.6382
5626.0000 796 509 0.6394
5633.0000 797 509 0.6386
5638.0000 798 509 0.6378
5646.0000 799 509 0.6370
5651.0000 799 510 0.6383
5654.0000 800 510 0.6375
5654.0000 800 511 0.6388
5661.0000 800 512 0.6400
5663.0000 801 512 0.6392
5668.0000 802 512 0.6384
5671.0000 802 513 0.6397
5677.0000 803 513 0.6389
5685.0000 804 513 0.6381
5694.0000 805 513 0.6373
5700.0000 806 513 0.6365
5706.0000 807 513 0.6357
5715.0000 808 513 0.6349
5720.0000 809 513 0.6341
5728.0000 810 513 0.6333
5735.0000 811 513 0.6326
5736.0000 811 514 0.6338
5738.0000 811 515 0.6350
5742.0000 812 515 0.6342
5743.0000 812 516 0.6355
5748.0000 813 516 0.6347
5754.0000 814 516 0.6339
5759.0000 815 516 0.6331
5766.0000 816 516 0.6324
5771.0000 816 517 0.6336
5772.0000 817 517 0.6328
5773.0000 817 518 0.6340
5780.0000 818 518 0.6333
5787.0000 819 518 0.6325
5792.0000 820 518 0.6317
5796.0000 820 519 0.6329
5796.0000 820 520 0.6341
5799.0000 821 520 0.6334
5800.0000 821 521 0.6346
5805.0000 821 522 0.6358
5808.0000 822 522 0.6350
5816.0000 823 522 0.6343
5818.0000 823 523 0.6355
5825.0000 824 523 0.6347
5833.0000 825 523 0.6339
5839.0000 826 523 0.6332
5844.0000 827 523 0.6324
5845.0000 827 524 0.6336
5846.0000 827 525 0.6348
5847.0000 827 526 0.6360
5852.0000 828 526 0.6353
5854.0000 828 527 0.6365
5856.0000 828 528 0.6377
5860.0000 829 528 0.6369
5862.0000 829 529 0.6381
5863.0000 829 530 0.6393
5867.0000 830 530 0.6386
5876.0000 831 530 0.6378
5884.0000 832 530 0.6370
5892.0000 833 530 0.6363
5899.0000 833 531 0.6375
5901.0000 834 531 0.6367
5910.0000 835 531 0.6359
5919.0000 836 531 0.6352
5924.0000 837 531 0.6344
5932.0000 838 531 0.6337
5934.0000 838 532 0.6348
5939.0000 839 532 0.6341
5942.0000 839 533 0.6353
5946.0000 840 533 0.6345
5947.0000 840 534 0.6357
5951.0000 841 534 0.6350
5953.0000 841 535 0.6361
5957.0000 841 536 0.6373
5959.0000 842 536 0.6366
5967.0000 842 537 0.6378
5968.0000 843 537 0.6370
5974.0000 844 537 0.6363
5981.0000 844 538 0.6374
5982.0000 845 538 0.6367
5989.0000 846 538 0.6359
5995.0000 847 538 0.6352
5998.0000 847 539 0.6364
6000.0000 848 539 0.6356
6003.0000 848 540 0.6368
6005.0000 848 541 0.6380
6008.0000 849 541 0.6372
6008.0000 849 542 0.6384
6015.0000 850 542 0.6376
6016.0000 850 543 0.6388
6018.0000 850 544 0.6400
6019.0000 850 545 0.6412
6021.0000 850 546 0.6424
6021.0000 850 547 0.6435
6023.0000 851 547 0.6428
6030.0000 852 547 0.6420
6035.0000 853 547 0.6413
6041.0000 854 547 0.6405
6047.0000 855 547 0.6398
6054.0000 856 547 0.6390
6061.0000 857 547 0.6383
6068.0000 858 547 0.6375
6068.0000 858 548 0.6387
6070.0000 858 549 0.6399
6077.0000 859 549 0.6391
6079.0000 859 550 0.6403
6085.0000 860 550 0.6395
6094.0000 861 550 0.6388
6101.0000 861 551 0.6400
6103.0000 862 551 0.6392
6108.0000 862 552 0.6404
6110.0000 863 552 0.6396
6115.0000 863 553 0.6408
6116.0000 864 553 0.6400
6116.0000 864 554 0.6412
6119.0000 864 555 0.6424
6119.0000 864 556 0.6435
6122.0000 864 557 0.6447
6123.0000 865 557 0.6439
6129.0000 866 557 0.6432
6131.0000 866 558 0.6443
6137.0000 867 558 0.6436
6137.0000 867 559 0.6448
6142.0000 867 560 0.6459
6146.0000 868 560 0.6452
6148.0000 868 561 0.6463
6153.0000 868 562 0.6475
6155.0000 869 562 0.6467
6161.0000 870 562 0.6460
6162.0000 870 563 0.6471
6168.0000 870 564 0.6483
6169.0000 871 564 0.6475
6175.0000 872 564 0.6468
6183.0000 873 564 0.6460
6189.0000 873 565 0.6472
6190.0000 874 565 0.6465
6194.0000 874 566 0.6476
6196.0000 874 567 0.6487
6199.0000 875 567 0.6480
6205.0000 876 567 0.6473
6211.0000 877 567 0.6465
6216.0000 878 567 0.6458
6221.0000 879 567 0.6451
6221.0000 879 568 0.6462
6226.0000 879 569 0.6473
6228.0000 880 569 0.6466
6230.0000 880 570 0.6477
6233.0000 881 570 0.6470
6242.0000 882 570 0.6463
6251.0000 883 570 0.6455
6251.0000 883 571 0.6467
6257.0000 884 571 0.6459
6262.0000 885 571 0.6452
6269.0000 886 571 0.6445
6276.0000 887 571 0.6437
6284.0000 888 571 0.6430
6289.0000 889 571 0.6423
6292.0000 889 572 0.6434
6293.0000 889 573 0.6445
6297.0000 890 573 0.6438
6306.0000 891 573 0.6431
6306.0000 891 574 0.6442
6314.0000 892 574 0.6435
6314.0000 892 575 0.6446
6322.0000 892 576 0.6457
6323.0000 893 576 0.6450
6328.0000 894 576 0.6443
6330.0000 894 577 0.6454
6334.0000 895 577 0.6447
6340.0000 896 577 0.6440
6346.0000 896 578 0.6451
6349.0000 897 578 0.6444
6356.0000 897 579 0.6455
6358.0000 898 579 0.6448
6361.0000 898 580 0.6459
6366.0000 899 580 0.6452
6369.0000 899 581 0.6463
6373.0000 900 581 0.6456
6378.0000 901 581 0.6448
6383.0000 901 582 0.6459
6384.0000 901 583 0.6471
6386.0000 902 583 0.6463
6395.0000 903 583 0.6456
6400.0000 904 583 0.6449
6405.0000 905 583 0.6442
6412.0000 906 583 0.6435
6417.0000 906 584 0.6446
6418.0000 907 584 0.6439
6420.0000 907 585 0.6450
6426.0000 908 585 0.6443
6433.0000 909 585 0.6436
6438.0000 909 586 0.6447
6440.0000 910 586 0.6440
6445.0000 910 587 0.6451
6448.0000 911 587 0.6443
6453.0000 911 588 0.6454
6455.0000 911 589 0.6465
6456.0000 912 589 0.6458
6461.0000 913 589 0.6451
6467.0000 914 589 0.6444
6469.0000 914 590 0.6455
6476.0000 915 590 0.6448
6483.0000 916 590 0.6441
6489.0000 917 590 0.6434
6492.0000 917 591 0.6445
6494.0000 917 592 0.6456
6498.0000 918 592 0.6449
6506.0000 919 592 0.6442
6507.0000 919 593 0.6453
6511.0000 920 593 0.6446
6520.0000 921 593 0.6439
6526.0000 922 593 0.6432
6533.0000 923 593 0.6425
6535.0000 923 594 0.6436
6538.0000 924 594 0.6429
6545.0000 925 594 0.6422
6551.0000 925 595 0.6432
6551.0000 925 596 0.6443
6554.0000 926 596 0.6436
6561.0000 927 596 0.6429
6562.0000 927 597 0.6440
6565.0000 927 598 0.6451
6568.0000 927 599 0.6462
6569.0000 928 599 0.6455
6574.0000 928 600 0.6466
6577.0000 929 600 0.6459
6583.0000 930 600 0.6452
6590.0000 930 601 0.6462
6591.0000 931 601 0.6455
6597.0000 931 602 0.6466
6600.0000 932 602 0.6459
6605.0000 933 602 0.6452
6613.0000 934 602 0.6445
6615.0000 934 603 0.6456
6621.0000 935 603 0.6449
6627.0000 936 603 0.6442
6627.0000 936 604 0.6453
6633.0000 937 604 0.6446
6638.0000 938 604 0.6439
6643.0000 939 604 0.6432
6648.0000 940 604 0.6426
6657.0000 941 604 0.6419
6662.0000 942 604 0.6412
6668.0000 942 605 0.6423
6669.0000 943 605 0.6416
6676.0000 944 605 0.6409
6685.0000 945 605 0.6402
6692.0000 946 605 0.6395
6692.0000 946 606 0.6406
6699.0000 947 606 0.6399
6706.0000 948 606 0.6392
6707.0000 948 607 0.6403
6711.0000 949 607 0.6396
6717.0000 950 607 0.6389
6722.0000 951 607 0.6383
6730.0000 952 607 0.6376
6734.0000 952 608 0.6387
6736.0000 952 609 0.6397
6736.0000 952 610 0.6408
6739.0000 953 610 0.6401
6742.0000 953 611 0.6411
6743.0000 953 612 0.6422
6745.0000 954 612 0.6415
6753.0000 955 612 0.6408
6754.0000 955 613 0.6419
6757.0000 955 614 0.6429
6759.0000 955 615 0.6440
6762.0000 956 615 0.6433
6764.0000 956 616 0.6444
6767.0000 956 617 0.6454
6770.0000 956 618 0.6464
6771.0000 957 618 0.6458
6773.0000 957 619 0.6468
6780.0000 958 619 0.6461
6786.0000 959 619 0.6455
6795.0000 960 619 0.6448
6802.0000 960 620 0.6458
6804.0000 961 620 0.6452
6806.0000 961 621 0.6462
6809.0000 962 621 0.6455
6809.0000 962 622 0.6466
6813.0000 962 623 0.6476
6815.0000 962 624 0.6486
6816.0000 963 624 0.6480
6823.0000 964 624 0.6473
6830.0000 965 624 0.6466
6830.0000 965 625 0.6477
6837.0000 965 626 0.6487
6838.0000 966 626 0.6480
6844.0000 967 626 0.6474
6846.0000 967 627 0.6484
6850.0000 968 627 0.6477
6852.0000 968 628 0.6488
6858.0000 969 628 0.6481
6864.0000 970 628 0.6474
6871.0000 971 628 0.6468
6875.0000 971 629 0.6478
6875.0000 971 630 0.6488
6878.0000 972 630 0.6481
6879.0000 972 631 0.6492
6885.0000 973 631 0.6485
6890.0000 974 631 0.6478
6890.0000 974 632 0.6489
6896.0000 975 632 0.6482
6901.0000 976 632 0.6475
6909.0000 977 632 0.6469
6917.0000 977 633 0.6479
6918.0000 978 633 0.6472
6920.0000 978 634 0.6483
6927.0000 979 634 0.6476
6929.0000 979 635 0.6486
6934.0000 980 635 0.6480
6941.0000 981 635 0.6473
6948.0000 982 635 0.6466
6957.0000 983 635 0.6460
6964.0000 984 635 0.6453
6972.0000 985 635 0.6447
6977.0000 986 635 0.6440
6982.0000 987 635 0.6434
6988.0000 988 635 0.6427
6996.0000 989 635 0.6421
6998.0000 989 636 0.6431
7005.0000 990 636 0.6424
7011.0000 991 636 0.6418
7012.0000 991 637 0.6428
7020.0000 992 637 0.6421
7027.0000 993 637 0.6415
7034.0000 994 637 0.6408
7034.0000 994 638 0.6419
7035.0000 994 639 0.6429
7041.0000 994 640 0.6439
7042.0000 995 640 0.6432
7048.0000 996 640 0.6426
7053.0000 996 641 0.6436
7055.0000 997 641 0.6429
7055.0000 997 642 0.6439
7056.0000 997 643 0.6449
7058.0000 997 644 0.6459
7060.0000 997 645 0.6469
7062.0000 997 646 0.6479
7064.0000 998 646 0.6473
7071.0000 999 646 0.6466
7076.0000 1000 646 0.6460
7076.0000 1000 647 0.6470
7077.0000 1000 648 0.6480
7082.0000 1001 648 0.6474
7090.0000 1002 648 0.6467
7097.0000 1003 648 0.6461
7102.0000 1004 648 0.6454
7109.0000 1005 648 0.6448
7109.0000 1005 649 0.6458
7114.0000 1005 650 0.6468
7114.0000 1005 651 0.6478
7115.0000 1005 652 0.6488
7118.0000 1006 652 0.6481
7118.0000 1006 653 0.6491
7124.0000 1007 653 0.6485
7128.0000 1007 654 0.6495
7130.0000 1008 654 0.6488
7130.0000 1008 655 0.6498
7139.0000 1009 655 0.6492
7141.0000 1009 656 0.6501
7144.0000 1010 656 0.6495
7145.0000 1010 657 0.6505
7146.0000 1010 658 0.6515
7146.0000 1010 659 0.6525
7153.0000 1011 659 0.6518
7160.0000 1012 659 0.6512
7167.0000 1013 659 0.6505
7176.0000 1014 659 0.6499
7183.0000 1015 659 0.6493
7189.0000 1016 659 0.6486
7190.0000 1016 660 0.6496
7198.0000 1017 660 0.6490
7205.0000 1018 660 0.6483
7205.0000 1018 661 0.6493
7211.0000 1019 661 0.6487
7215.0000 1019 662 0.6497
7217.0000 1020 662 0.6490
7222.0000 1021 662 0.6484
7229.0000 1022 662 0.6477
7237.0000 1023 662 0.6471
7244.0000 1024 662 0.6465
7246.0000 1024 663 0.6475
7249.0000 1024 664 0.6484
7253.0000 1025 664 0.6478
7260.0000 1026 664 0.6472
7260.0000 1026 665 0.6481
7261.0000 1026 666 0.6491
7268.0000 1027 666 0.6485
7270.0000 1027 667 0.6495
7275.0000 1028 667 0.6488
7282.0000 1028 668 0.6498
7284.0000 1029 668 0.6492
7292.0000 1030 668 0.6485
7297.0000 1031 668 0.6479
7298.0000 1031 669 0.6489
7300.0000 1031 670 0.6499
7301.0000 1031 671 0.6508
7305.0000 1032 671 0.6502
7311.0000 1033 671 0.6496
7318.0000 1034 671 0.6489
7327.0000 1035 671 0.6483
7332.0000 1035 672 0.6493
7334.0000 1036 672 0.6486
7341.0000 1037 672 0.6480
7350.0000 1038 672 0.6474
7354.0000 1038 673 0.6484
7359.0000 1039 673 0.6477
7365.0000 1040 673 0.6471
7367.0000 1040 674 0.6481
7373.0000 1041 674 0.6475
7378.0000 1042 674 0.6468
7383.0000 1043 674 0.6462
7392.0000 1044 674 0.6456
7396.0000 1044 675 0.6466
7397.0000 1045 675 0.6459
7404.0000 1046 675 0.6453
7411.0000 1047 675 0.6447
7418.0000 1048 675 0.6441
7424.0000 1049 675 0.6435
7430.0000 1050 675 0.6429
7436.0000 1051 675 0.6422
7441.0000 1052 675 0.6416
7448.0000 1053 675 0.6410
7452.0000 1053 676 0.6420
7452.0000 1053 677 0.6429
7457.0000 1054 677 0.6423
7465.0000 1055 677 0.6417
7465.0000 1055 678 0.6427
7474.0000 1056 678 0.6420
7477.0000 1056 679 0.6430
7479.0000 1056 680 0.6439
7480.0000 1056 681 0.6449
7482.0000 1057 681 0.6443
7484.0000 1057 682 0.6452
7485.0000 1057 683 0.6462
7486.0000 1057 684 0.6471
7487.0000 1058 684 0.6465
7493.0000 1059 684 0.6459
7493.0000 1059 685 0.6468
7502.0000 1060 685 0.6462
7507.0000 1061 685 0.6456
7509.0000 1061 686 0.6466
7513.0000 1062 686 0.6460
7519.0000 1063 686 0.6453
7525.0000 1064 686 0.6447
7533.0000 1064 687 0.6457
7534.0000 1065 687 0.6451
7542.0000 1066 687 0.6445
7550.0000 1067 687 0.6439
7556.0000 1068 687 0.6433
7558.0000 1068 688 0.6442
7562.0000 1069 688 0.6436
7570.0000 1070 688 0.6430
7570.0000 1070 689 0.6439
7572.0000 1070 690 0.6449
7573.0000 1070 691 0.6458
7576.0000 1071 691 0.6452
7585.0000 1072 691 0.6446
7594.0000 1073 691 0.6440
7602.0000 1074 691 0.6434
7603.0000 1074 692 0.6443
7609.0000 1075 692 0.6437
7617.0000 1076 692 0.6431
7622.0000 1076 693 0.6441
7625.0000 1077 693 0.6435
7630.0000 1078 693 0.6429
7633.0000 1078 694 0.6438
7635.0000 1079 694 0.6432
7635.0000 1079 695 0.6441
7644.0000 1080 695 0.6435
7652.0000 1081 695 0.6429
7657.0000 1082 695 0.6423
7658.0000 1082 696 0.6433
7662.0000 1083 696 0.6427
7666.0000 1083 697 0.6436
7667.0000 1084 697 0.6430
7672.0000 1085 697 0.6424
7680.0000 1086 697 0.6418
7688.0000 1087 697 0.6412
7697.0000 1088 697 0.6406
7706.0000 1089 697 0.6400
7713.0000 1090 697 0.6394
7721.0000 1091 697 0.6389
7729.0000 1092 697 0.6383
7738.0000 1093 697 0.6377
7743.0000 1094 697 0.6371
7748.0000 1095 697 0.6365
7753.0000 1096 697 0.6359
7758.0000 1096 698 0.6369
7762.0000 1097 698 0.6363
7770.0000 1098 698 0.6357
7776.0000 1099 698 0.6351
7780.0000 1099 699 0.6360
7784.0000 1099 700 0.6369
7785.0000 1100 700 0.6364
7791.0000 1101 700 0.6358
7796.0000 1102 700 0.6352
7804.0000 1103 700 0.6346
7808.0000 1103 701 0.6355
7811.0000 1104 701 0.6350
7815.0000 1104 702 0.6359
7818.0000 1104 703 0.6368
7820.0000 1105 703 0.6362
7826.0000 1106 703 0.6356
7832.0000 1107 703 0.6350
7833.0000 1107 704 0.6360
7839.0000 1108 704 0.6354
7845.0000 1109 704 0.6348
7854.0000 1110 704 0.6342
7863.0000 1111 704 0.6337
7865.0000 1111 705 0.6346
7869.0000 1111 706 0.6355
7870.0000 1112 706 0.6349
7871.0000 1112 707 0.6358
7877.0000 1113 707 0.6352
7878.0000 1113 708 0.6361
7884.0000 1114 708 0.6355
7886.0000 1114 709 0.6364
7891.0000 1115 709 0.6359
7897.0000 1116 709 0.6353
7902.0000 1117 709 0.6347
7902.0000 1117 710 0.6356
7904.0000 1117 711 0.6365
7908.0000 1117 712 0.6374
7910.0000 1118 712 0.6369
7910.0000 1118 713 0.6377
7918.0000 1119 713 0.6372
7918.0000 1119 714 0.6381
7923.0000 1120 714 0.6375
7928.0000 1121 714 0.6369
7933.0000 1121 715 0.6378
7934.0000 1122 715 0.6373
7939.0000 1123 715 0.6367
7944.0000 1124 715 0.6361
7950.0000 1125 715 0.6356
7950.0000 1125 716 0.6364
7950.0000 1125 717 0.6373
7958.0000 1126 717 0.6368
7966.0000 1127 717 0.6362
7969.0000 1127 718 0.6371
7973.0000 1128 718 0.6365
7978.0000 1128 719 0.6374
7980.0000 1129 719 0.6368
7987.0000 1130 719 0.6363
7996.0000 1131 719 0.6357
7996.0000 1131 720 0.6366
8001.0000 1131 721 0.6375
8005.0000 1132 721 0.6369
8011.0000 1133 721 0.6364
8018.0000 1134 721 0.6358
8019.0000 1134 722 0.6367
8026.0000 1135 722 0.6361
8030.0000 1135 723 0.6370
8033.0000 1135 724 0.6379
8033.0000 1135 725 0.6388
8035.0000 1136 725 0.6382
8036.0000 1136 726 0.6391
8037.0000 1136 727 0.6400
8039.0000 1136 728 0.6408
8040.0000 1137 728 0.6403
8045.0000 1138 728 0.6397
8048.0000 1138 729 0.6406
8050.0000 1138 730 0.6415
8052.0000 1139 730 0.6409
8056.0000 1139 731 0.6418
8057.0000 1140 731 0.6412
8063.0000 1141 731 0.6407
8067.0000 1141 732 0.6415
8069.0000 1142 732 0.6410
8074.0000 1143 732 0.6404
8074.0000 1143 733 0.6413
8079.0000 1144 733 0.6407
8080.0000 1144 734 0.6416
8084.0000 1145 734 0.6410
8092.0000 1146 734 0.6405
8101.0000 1147 734 0.6399
8110.0000 1148 734 0.6394
8117.0000 1149 734 0.6388
8124.0000 1150 734 0.6383
8133.0000 1151 734 0.6377
8138.0000 1152 734 0.6372
8142.0000 1152 735 0.6380
8144.0000 1153 735 0.6375
8153.0000 1154 735 0.6369
8162.0000 1155 735 0.6364
8169.0000 1156 735 0.6358
8178.0000 1157 735 0.6353
8184.0000 1158 735 0.6347
8186.0000 1158 736 0.6356
8188.0000 1158 737 0.6364
8191.0000 1159 737 0.6359
8197.0000 1159 738 0.6368
8199.0000 1160 738 0.6362
8202.0000 1160 739 0.6371
8204.0000 1161 739 0.6365
8212.0000 1162 739 0.6360
8216.0000 1162 740 0.6368
8218.0000 1163 740 0.6363
8223.0000 1164 740 0.6357
8231.0000 1165 740 0.6352
8232.0000 1165 741 0.6361
8236.0000 1165 742 0.6369
8239.0000 1166 742 0.6364
8243.0000 1166 743 0.6372
8247.0000 1167 743 0.6367
8256.0000 1168 743 0.6361
8264.0000 1169 743 0.6356
8264.0000 1169 744 0.6364
8272.0000 1170 744 0.6359
8272.0000 1170 745 0.6368
8279.0000 1171 745 0.6362
8280.0000 1171 746 0.6371
8287.0000 1172 746 0.6365
8287.0000 1172 747 0.6374
8290.0000 1172 748 0.6382
8293.0000 1173 748 0.6377
8302.0000 1174 748 0.6371
8305.0000 1174 749 0.6380
8308.0000 1175 749 0.6374
8317.0000 1176 749 0.6369
8318.0000 1176 750 0.6378
8321.0000 1176 751 0.6386
8322.0000 1176 752 0.6395
8325.0000 1177 752 0.6389
8332.0000 1178 752 0.6384
8340.0000 1179 752 0.6378
8345.0000 1180 752 0.6373
8347.0000 1180 753 0.6381
8352.0000 1180 754 0.6390
8354.0000 1181 754 0.6384
8355.0000 1181 755 0.6393
8359.0000 1182 755 0.6387
8366.0000 1183 755 0.6382
8373.0000 1183 756 0.6391
8374.0000 1184 756 0.6385
8374.0000 1184 757 0.6394
8382.0000 1185 757 0.6388
8383.0000 1185 758 0.6397
8383.0000 1185 759 0.6405
8390.0000 1186 759 0.6400
8394.0000 1186 760 0.6408
8397.0000 1187 760 0.6403
8402.0000 1187 761 0.6411
8403.0000 1188 761 0.6406
8410.0000 1189 761 0.6400
8412.0000 1189 762 0.6409
8416.0000 1190 762 0.6403
8421.0000 1191 762 0.6398
8425.0000 1191 763 0.6406
8426.0000 1192 763 0.6401
8435.0000 1193 763 0.6396
8437.0000 1193 764 0.6404
8441.0000 1194 764 0.6399
8447.0000 1195 764 0.6393
8452.0000 1195 765 0.6402
8455.0000 1196 765 0.6396
8464.0000 1197 765 0.6391
8466.0000 1197 766 0.6399
8472.0000 1198 766 0.6394
8478.0000 1198 767 0.6402
8481.0000 1199 767 0.6397
8482.0000 1199 768 0.6405
8486.0000 1199 769 0.6414
8488.0000 1200 769 0.6408
8497.0000 1201 769 0.6403
8499.0000 1201 770 0.6411
8505.0000 1201 771 0.6420
8506.0000 1202 771 0.6414
8508.0000 1202 772 0.6423
8511.0000 1203 772 0.6417
8514.0000 1203 773 0.6426
8516.0000 1204 773 0.6420
8520.0000 1204 774 0.6429
8524.0000 1205 774 0.6423
8524.0000 1205 775 0.6432
8526.0000 1205 776 0.6440
8530.0000 1206 776 0.6434
8533.0000 1206 777 0.6443
8535.0000 1207 777 0.6437
8544.0000 1208 777 0.6432
8548.0000 1208 778 0.6440
8549.0000 1209 778 0.6435
8556.0000 1210 778 0.6430
8561.0000 1211 778 0.6424
8569.0000 1212 778 0.6419
8578.0000 1213 778 0.6414
8585.0000 1214 778 0.6409
8593.0000 1215 778 0.6403
8599.0000 1216 778 0.6398
8608.0000 1217 778 0.6393
8610.0000 1217 779 0.6401
8613.0000 1217 780 0.6409
8617.0000 1218 780 0.6404
8622.0000 1219 780 0.6399
8631.0000 1220 780 0.6393
8640.0000 1221 780 0.6388
8644.0000 1221 781 0.6396
8647.0000 1222 781 0.6391
8654.0000 1223 781 0.6386
8659.0000 1224 781 0.6381
8663.0000 1224 782 0.6389
8665.0000 1225 782 0.6384
8672.0000 1226 782 0.6378
8677.0000 1226 783 0.6387
8679.0000 1227 783 0.6381
8686.0000 1228 783 0.6376
8693.0000 1229 783 0.6371
8694.0000 1229 784 0.6379
8694.0000 1229 785 0.6387
8701.0000 1230 785 0.6382
8706.0000 1231 785 0.6377
8708.0000 1231 786 0.6385
8712.0000 1232 786 0.6380
8719.0000 1233 786 0.6375
8721.0000 1233 787 0.6383
8724.0000 1234 787 0.6378
8729.0000 1235 787 0.6372
8735.0000 1236 787 0.6367
8743.0000 1237 787 0.6362
8744.0000 1237 788 0.6370
8749.0000 1238 788 0.6365
8754.0000 1238 789 0.6373
8755.0000 1238 790 0.6381
8755.0000 1238 791 0.6389
8757.0000 1239 791 0.6384
8763.0000 1240 791 0.6379
8772.0000 1241 791 0.6374
8776.0000 1241 792 0.6382
8776.0000 1241 793 0.6390
8778.0000 1242 793 0.6385
8778.0000 1242 794 0.6393
8783.0000 1242 795 0.6401
8784.0000 1243 795 0.6396
8784.0000 1243 796 0.6404
8790.0000 1244 796 0.6399
8798.0000 1245 796 0.6394
8804.0000 1246 796 0.6388
8812.0000 1247 796 0.6383
8817.0000 1247 797 0.6391
8820.0000 1248 797 0.6386
8824.0000 1248 798 0.6394
8825.0000 1249 798 0.6389
8832.0000 1250 798 0.6384
8837.0000 1251 798 0.6379
8838.0000 1251 799 0.6387
8846.0000 1252 799 0.6382
8847.0000 1252 800 0.6390
8851.0000 1253 800 0.6385
8852.0000 1253 801 0.6393
8855.0000 1253 802 0.6401
8860.0000 1254 802 0.6396
8865.0000 1255 802 0.6390
8865.0000 1255 803 0.6398
8869.0000 1255 804 0.6406
8870.0000 1256 804 0.6401
8875.0000 1256 805 0.6409
8877.0000 1256 806 0.6417
8878.0000 1257 806 0.6412
8885.0000 1258 806 0.6407
8892.0000 1259 806 0.6402
8900.0000 1260 806 0.6397
8908.0000 1260 807 0.6405
8909.0000 1261 807 0.6400
8914.0000 1261 808 0.6408
8915.0000 1261 809 0.6416
8917.0000 1261 810 0.6423
8918.0000 1262 810 0.6418
8925.0000 1263 810 0.6413
8931.0000 1264 810 0.6408
8939.0000 1265 810 0.6403
8940.0000 1265 811 0.6411
8944.0000 1266 811 0.6406
8944.0000 1266 812 0.6414
8953.0000 1267 812 0.6409
8959.0000 1268 812 0.6404
8967.0000 1269 812 0.6399
8974.0000 1269 813 0.6407
8975.0000 1270 813 0.6402
8981.0000 1271 813 0.6397
8990.0000 1272 813 0.6392
8999.0000 1273 813 0.6386
9000.0000 1273 814 0.6394
9001.0000 1273 815 0.6402
9006.0000 1274 815 0.6397
9008.0000 1274 816 0.6405
9010.0000 1274 817 0.6413
9015.0000 1275 817 0.6408
9021.0000 1276 817 0.6403
9027.0000 1276 818 0.6411
9028.0000 1277 818 0.6406
9036.0000 1278 818 0.6401
9038.0000 1278 819 0.6408
9043.0000 1279 819 0.6403
9052.0000 1280 819 0.6398
9054.0000 1280 820 0.6406
9054.0000 1280 821 0.6414
9060.0000 1281 821 0.6409
9066.0000 1282 821 0.6404
9070.0000 1282 822 0.6412
9072.0000 1282 823 0.6420
9074.0000 1283 823 0.6415
9078.0000 1283 824 0.6422
9081.0000 1284 824 0.6417
9086.0000 1285 824 0.6412
9091.0000 1285 825 0.6420
9093.0000 1286 825 0.6415
9093.0000 1286 826 0.6423
9100.0000 1287 826 0.6418
9101.0000 1287 827 0.6426
9103.0000 1287 828 0.6434
9107.0000 1288 828 0.6429
9114.0000 1289 828 0.6424
9115.0000 1289 829 0.6431
9117.0000 1289 830 0.6439
9119.0000 1290 830 0.6434
9119.0000 1290 831 0.6442
9123.0000 1290 832 0.6450
9127.0000 1291 832 0.6445
9134.0000 1292 832 0.6440
9140.0000 1293 832 0.6435
9147.0000 1294 832 0.6430
9153.0000 1295 832 0.6425
9158.0000 1296 832 0.6420
9166.0000 1296 833 0.6427
9167.0000 1297 833 0.6423
9176.0000 1298 833 0.6418
9178.0000 1298 834 0.6425
9184.0000 1298 835 0.6433
9185.0000 1299 835 0.6428
9191.0000 1300 835 0.6423
9195.0000 1300 836 0.6431
9200.0000 1301 836 0.6426
9206.0000 1301 837 0.6434
9208.0000 1302 837 0.6429
9208.0000 1302 838 0.6436
9216.0000 1303 838 0.6431
9223.0000 1304 838 0.6426
9226.0000 1304 839 0.6434
9229.0000 1305 839 0.6429
9238.0000 1306 839 0.6424
9244.0000 1306 840 0.6432
9245.0000 1307 840 0.6427
9247.0000 1307 841 0.6435
9253.0000 1308 841 0.6430
9260.0000 1309 841 0.6425
9262.0000 1309 842 0.6432
9268.0000 1310 842 0.6427
9268.0000 1310 843 0.6435
9270.0000 1310 844 0.6443
9275.0000 1311 844 0.6438
9283.0000 1312 844 0.6433
9288.0000 1312 845 0.6441
9289.0000 1313 845 0.6436
9295.0000 1314 845 0.6431
9300.0000 1315 845 0.6426
9307.0000 1316 845 0.6421
9316.0000 1317 845 0.6416
9324.0000 1318 845 0.6411
9326.0000 1318 846 0.6419
9330.0000 1319 846 0.6414
9333.0000 1319 847 0.6422
9338.0000 1320 847 0.6417
9347.0000 1321 847 0.6412
9355.0000 1322 847 0.6407
9362.0000 1323 847 0.6402
9362.0000 1323 848 0.6410
9363.0000 1323 849 0.6417
9369.0000 1324 849 0.6412
9373.0000 1324 850 0.6420
9375.0000 1324 851 0.6427
9378.0000 1325 851 0.6423
9384.0000 1326 851 0.6418
9390.0000 1327 851 0.6413
9397.0000 1328 851 0.6408
9397.0000 1328 852 0.6416
9405.0000 1329 852 0.6411
9411.0000 1329 853 0.6418
9412.0000 1330 853 0.6414
9418.0000 1331 853 0.6409
9423.0000 1331 854 0.6416
9424.0000 1332 854 0.6411
9426.0000 1332 855 0.6419
9430.0000 1333 855 0.6414
9438.0000 1334 855 0.6409
9443.0000 1335 855 0.6404
9449.0000 1336 855 0.6400
9458.0000 1337 855 0.6395
9463.0000 1337 856 0.6402
9465.0000 1338 856 0.6398
9473.0000 1339 856 0.6393
9478.0000 1340 856 0.6388
9487.0000 1341 856 0.6383
9493.0000 1342 856 0.6379
9501.0000 1342 857 0.6386
9502.0000 1343 857 0.6381
9505.0000 1343 858 0.6389
9507.0000 1344 858 0.6384
9514.0000 1345 858 0.6379
9514.0000 1345 859 0.6387
9518.0000 1345 860 0.6394
9519.0000 1346 860 0.6389
9528.0000 1347 860 0.6385
9534.0000 1348 860 0.6380
9539.0000 1349 860 0.6375
9547.0000 1350 860 0.6370
9552.0000 1350 861 0.6378
9554.0000 1351 861 0.6373
9563.0000 1352 861 0.6368
9563.0000 1352 862 0.6376
9572.0000 1353 862 0.6371
9577.0000 1354 862 0.6366
9585.0000 1355 862 0.6362
9593.0000 1356 862 0.6357
9602.0000 1357 862 0.6352
9607.0000 1358 862 0.6348
9616.0000 1359 862 0.6343
9616.0000 1359 863 0.6350
9618.0000 1359 864 0.6358
9625.0000 1360 864 0.6353
9632.0000 1361 864 0.6348
9641.0000 1362 864 0.6344
9648.0000 1363 864 0.6339
9650.0000 1363 865 0.6346
9657.0000 1364 865 0.6342
9665.0000 1364 866 0.6349
9666.0000 1365 866 0.6344
9671.0000 1366 866 0.6340
9673.0000 1366 867 0.6347
9677.0000 1367 867 0.6342
9686.0000 1368 867 0.6338
9689.0000 1368 868 0.6345
9694.0000 1369 868 0.6340
9694.0000 1369 869 0.6348
9702.0000 1370 869 0.6343
9702.0000 1370 870 0.6350
9705.0000 1370 871 0.6358
9709.0000 1371 871 0.6353
9717.0000 1372 871 0.6348
9722.0000 1372 872 0.6356
9726.0000 1373 872 0.6351
9732.0000 1374 872 0.6346
9733.0000 1374 873 0.6354
9740.0000 1375 873 0.6349
9740.0000 1375 874 0.6356
9749.0000 1376 874 0.6352
9756.0000 1377 874 0.6347
9757.0000 1377 875 0.6354
9762.0000 1378 875 0.6350
9768.0000 1379 875 0.6345
9775.0000 1380 875 0.6341
9776.0000 1380 876 0.6348
9781.0000 1381 876 0.6343
9787.0000 1382 876 0.6339
9790.0000 1382 877 0.6346
9792.0000 1382 878 0.6353
9794.0000 1382 879 0.6360
9795.0000 1382 880 0.6368
9796.0000 1383 880 0.6363
9804.0000 1384 880 0.6358
9812.0000 1385 880 0.6354
9818.0000 1385 881 0.6361
9821.0000 1386 881 0.6356
9825.0000 1386 882 0.6364
9825.0000 1386 883 0.6371
9830.0000 1387 883 0.6366
9838.0000 1388 883 0.6362
9843.0000 1389 883 0.6357
9845.0000 1389 884 0.6364
9848.0000 1389 885 0.6371
9849.0000 1390 885 0.6367
9852.0000 1390 886 0.6374
9856.0000 1390 887 0.6381
9856.0000 1390 888 0.6388
9857.0000 1391 888 0.6384
9864.0000 1392 888 0.6379
9867.0000 1392 889 0.6386
9869.0000 1392 890 0.6394
9871.0000 1393 890 0.6389
9877.0000 1394 890 0.6385
9878.0000 1394 891 0.6392
9882.0000 1395 891 0.6387
9890.0000 1396 891 0.6383
9890.0000 1396 892 0.6390
9899.0000 1397 892 0.6385
9902.0000 1397 893 0.6392
9908.0000 1398 893 0.6388
9908.0000 1398 894 0.6395
9913.0000 1399 894 0.6390
9921.0000 1400 894 0.6386
9928.0000 1401 894 0.6381
9935.0000 1402 894 0.6377
9942.0000 1403 894 0.6372
9949.0000 1404 894 0.6368
9957.0000 1405 894 0.6363
9958.0000 1405 895 0.6370
9964.0000 1406 895 0.6366
9966.0000 1406 896 0.6373
9970.0000 1407 896 0.6368
9974.0000 1407 897 0.6375
9976.0000 1407 898 0.6382
9978.0000 1408 898 0.6378
9981.0000 1408 899 0.6385
9984.0000 1409 899 0.6380
9986.0000 1409 900 0.6388
9991.0000 1410 900 0.6383
9998.0000 1411 900 0.6378
