# time  created  delivered  delivered/created
7.0000 1 0 0.0000
16.0000 2 0 0.0000
21.0000 3 0 0.0000
29.0000 4 0 0.0000
37.0000 5 0 0.0000
44.0000 6 0 0.0000
50.0000 7 0 0.0000
58.0000 8 0 0.0000
66.0000 9 0 0.0000
71.0000 10 0 0.0000
79.0000 11 0 0.0000
85.0000 12 0 0.0000
87.0000 12 1 0.0833
91.0000 13 1 0.0769
97.0000 14 1 0.0714
105.0000 15 1 0.0667
112.0000 16 1 0.0625
121.0000 17 1 0.0588
128.0000 18 1 0.0556
134.0000 19 1 0.0526
141.0000 20 1 0.0500
149.0000 21 1 0.0476
155.0000 22 1 0.0455
157.0000 22 2 0.0909
163.0000 23 2 0.0870
168.0000 24 2 0.0833
171.0000 24 3 0.1250
177.0000 25 3 0.1200
182.0000 26 3 0.1154
184.0000 26 4 0.1538
188.0000 27 4 0.1481
193.0000 28 4 0.1429
199.0000 29 4 0.1379
201.0000 29 5 0.1724
204.0000 30 5 0.1667
213.0000 31 5 0.1613
219.0000 32 5 0.1563
228.0000 33 5 0.1515
232.0000 33 6 0.1818
235.0000 34 6 0.1765
244.0000 35 6 0.1714
250.0000 35 7 0.2000
251.0000 36 7 0.1944
259.0000 37 7 0.1892
268.0000 38 7 0.1842
276.0000 39 7 0.1795
283.0000 39 8 0.2051
284.0000 40 8 0.2000
285.0000 40 9 0.2250
293.0000 41 9 0.2195
300.0000 42 9 0.2143
305.0000 43 9 0.2093
305.0000 43 10 0.2326
310.0000 44 10 0.2273
315.0000 45 10 0.2222
323.0000 46 10 0.2174
323.0000 46 11 0.2391
330.0000 47 11 0.2340
336.0000 48 11 0.2292
343.0000 49 11 0.2245
352.0000 50 11 0.2200
357.0000 51 11 0.2157
359.0000 51 12 0.2353
365.0000 52 12 0.2308
371.0000 53 12 0.2264
376.0000 53 13 0.2453
378.0000 54 13 0.2407
386.0000 55 13 0.2364
392.0000 56 13 0.2321
399.0000 57 13 0.2281
406.0000 58 13 0.2241
408.0000 58 14 0.2414
415.0000 59 14 0.2373
420.0000 60 14 0.2333
421.0000 60 15 0.2500
427.0000 61 15 0.2459
431.0000 61 16 0.2623
435.0000 62 16 0.2581
441.0000 63 16 0.2540
449.0000 64 16 0.2500
454.0000 65 16 0.2462
461.0000 65 17 0.2615
462.0000 66 17 0.2576
470.0000 67 17 0.2537
471.0000 67 18 0.2687
478.0000 68 18 0.2647
487.0000 69 18 0.2609
493.0000 70 18 0.2571
498.0000 71 18 0.2535
502.0000 71 19 0.2676
507.0000 72 19 0.2639
512.0000 73 19 0.2603
519.0000 74 19 0.2568
521.0000 74 20 0.2703
523.0000 74 21 0.2838
524.0000 75 21 0.2800
525.0000 75 22 0.2933
531.0000 75 23 0.3067
533.0000 76 23 0.3026
539.0000 77 23 0.2987
548.0000 78 23 0.2949
555.0000 79 23 0.2911
563.0000 80 23 0.2875
569.0000 80 24 0.3000
572.0000 81 24 0.2963
573.0000 81 25 0.3086
581.0000 82 25 0.3049
590.0000 83 25 0.3012
599.0000 84 25 0.2976
604.0000 84 26 0.3095
606.0000 85 26 0.3059
609.0000 85 27 0.3176
615.0000 86 27 0.3140
620.0000 86 28 0.3256
621.0000 87 28 0.3218
627.0000 88 28 0.3182
636.0000 89 28 0.3146
643.0000 90 28 0.3111
650.0000 91 28 0.3077
655.0000 91 29 0.3187
659.0000 92 29 0.3152
667.0000 92 30 0.3261
668.0000 93 30 0.3226
669.0000 93 31 0.3333
676.0000 94 31 0.3298
677.0000 94 32 0.3404
681.0000 95 32 0.3368
689.0000 96 32 0.3333
693.0000 96 33 0.3438
694.0000 97 33 0.3402
695.0000 97 34 0.3505
701.0000 98 34 0.3469
703.0000 98 35 0.3571
706.0000 99 35 0.3535
707.0000 99 36 0.3636
709.0000 99 37 0.3737
710.0000 99 38 0.3838
711.0000 99 39 0.3939
712.0000 99 40 0.4040
713.0000 99 41 0.4141
713.0000 99 42 0.4242
714.0000 100 42 0.4200
717.0000 100 43 0.4300
718.0000 100 44 0.4400
718.0000 100 45 0.4500
720.0000 100 46 0.4600
721.0000 101 46 0.4554
723.0000 101 47 0.4653
729.0000 102 47 0.4608
734.0000 103 47 0.4563
734.0000 103 48 0.4660
734.0000 103 49 0.4757
741.0000 104 49 0.4712
748.0000 105 49 0.4667
751.0000 105 50 0.4762
753.0000 106 50 0.4717
761.0000 107 50 0.4673
762.0000 107 51 0.4766
769.0000 108 51 0.4722
774.0000 109 51 0.4679
781.0000 110 51 0.4636
789.0000 111 51 0.4595
794.0000 112 51 0.4554
797.0000 112 52 0.4643
799.0000 112 53 0.4732
800.0000 113 53 0.4690
801.0000 113 54 0.4779
807.0000 114 54 0.4737
815.0000 115 54 0.4696
819.0000 115 55 0.4783
821.0000 116 55 0.4741
822.0000 116 56 0.4828
826.0000 117 56 0.4786
831.0000 117 57 0.4872
834.0000 118 57 0.4831
839.0000 119 57 0.4790
839.0000 119 58 0.4874
848.0000 120 58 0.4833
848.0000 120 59 0.4917
849.0000 120 60 0.5000
854.0000 121 60 0.4959
863.0000 122 60 0.4918
871.0000 123 60 0.4878
875.0000 123 61 0.4959
877.0000 124 61 0.4919
883.0000 125 61 0.4880
890.0000 126 61 0.4841
894.0000 126 62 0.4921
895.0000 126 63 0.5000
896.0000 127 63 0.4961
902.0000 127 64 0.5039
903.0000 128 64 0.5000
908.0000 129 64 0.4961
914.0000 130 64 0.4923
918.0000 130 65 0.5000
921.0000 131 65 0.4962
929.0000 132 65 0.4924
934.0000 133 65 0.4887
941.0000 134 65 0.4851
948.0000 135 65 0.4815
950.0000 135 66 0.4889
955.0000 136 66 0.4853
956.0000 136 67 0.4926
956.0000 136 68 0.5000
962.0000 137 68 0.4964
964.0000 137 69 0.5036
968.0000 138 69 0.5000
969.0000 138 70 0.5072
974.0000 139 70 0.5036
979.0000 140 70 0.5000
982.0000 140 71 0.5071
988.0000 141 71 0.5035
993.0000 142 71 0.5000
998.0000 143 71 0.4965
1003.0000 144 71 0.4931
1012.0000 145 71 0.4897
1012.0000 145 72 0.4966
1012.0000 145 73 0.5034
1013.0000 145 74 0.5103
1019.0000 146 74 0.5068
1025.0000 147 74 0.5034
1026.0000 147 75 0.5102
1032.0000 148 75 0.5068
1040.0000 149 75 0.5034
1041.0000 149 76 0.5101
1042.0000 149 77 0.5168
1047.0000 150 77 0.5133
1050.0000 150 78 0.5200
1056.0000 151 78 0.5166
1065.0000 152 78 0.5132
1065.0000 152 79 0.5197
1074.0000 153 79 0.5163
1074.0000 153 80 0.5229
1081.0000 154 80 0.5195
1089.0000 154 81 0.5260
1090.0000 155 81 0.5226
1094.0000 155 82 0.5290
1096.0000 156 82 0.5256
1101.0000 157 82 0.5223
1108.0000 158 82 0.5190
1111.0000 158 83 0.5253
1114.0000 158 84 0.5316
1116.0000 159 84 0.5283
1116.0000 159 85 0.5346
1121.0000 159 86 0.5409
1123.0000 160 86 0.5375
1129.0000 161 86 0.5342
1136.0000 162 86 0.5309
1143.0000 163 86 0.5276
1148.0000 163 87 0.5337
1152.0000 164 87 0.5305
1158.0000 164 88 0.5366
1161.0000 165 88 0.5333
1164.0000 165 89 0.5394
1170.0000 166 89 0.5361
1177.0000 167 89 0.5329
1179.0000 167 90 0.5389
1181.0000 167 91 0.5449
1182.0000 168 91 0.5417
1188.0000 168 92 0.5476
1189.0000 169 92 0.5444
1195.0000 170 92 0.5412
1200.0000 171 92 0.5380
1202.0000 171 93 0.5439
1206.0000 172 93 0.5407
1215.0000 173 93 0.5376
1223.0000 174 93 0.5345
1228.0000 175 93 0.5314
1233.0000 176 93 0.5284
1234.0000 176 94 0.5341
1238.0000 176 95 0.5398
1242.0000 177 95 0.5367
1242.0000 177 96 0.5424
1247.0000 178 96 0.5393
1247.0000 178 97 0.5449
1253.0000 179 97 0.5419
1260.0000 179 98 0.5475
1262.0000 180 98 0.5444
1265.0000 180 99 0.5500
1267.0000 181 99 0.5470
1267.0000 181 100 0.5525
1271.0000 181 101 0.5580
1273.0000 182 101 0.5549
1274.0000 182 102 0.5604
1281.0000 183 102 0.5574
1288.0000 184 102 0.5543
1293.0000 184 103 0.5598
1294.0000 185 103 0.5568
1297.0000 185 104 0.5622
1300.0000 186 104 0.5591
1302.0000 186 105 0.5645
1306.0000 186 106 0.5699
1307.0000 187 106 0.5668
1313.0000 188 106 0.5638
1313.0000 188 107 0.5691
1314.0000 188 108 0.5745
1319.0000 189 108 0.5714
1327.0000 190 108 0.5684
1331.0000 190 109 0.5737
1336.0000 191 109 0.5707
1344.0000 192 109 0.5677
1349.0000 193 109 0.5648
1357.0000 193 110 0.5699
1358.0000 194 110 0.5670
1363.0000 194 111 0.5722
1364.0000 194 112 0.5773
1366.0000 195 112 0.5744
1372.0000 196 112 0.5714
1377.0000 197 112 0.5685
1381.0000 197 113 0.5736
1383.0000 198 113 0.5707
1389.0000 199 113 0.5678
1394.0000 200 113 0.5650
1403.0000 201 113 0.5622
1411.0000 202 113 0.5594
1419.0000 202 114 0.5644
1420.0000 203 114 0.5616
1428.0000 204 114 0.5588
1436.0000 204 115 0.5637
1437.0000 205 115 0.5610
1446.0000 206 115 0.5583
1447.0000 206 116 0.5631
1455.0000 207 116 0.5604
1462.0000 207 117 0.5652
1464.0000 208 117 0.5625
1465.0000 208 118 0.5673
1469.0000 209 118 0.5646
1470.0000 209 119 0.5694
1476.0000 210 119 0.5667
1479.0000 210 120 0.5714
1485.0000 211 120 0.5687
1486.0000 211 121 0.5735
1491.0000 211 122 0.5782
1492.0000 212 122 0.5755
1497.0000 212 123 0.5802
1499.0000 213 123 0.5775
1502.0000 213 124 0.5822
1506.0000 214 124 0.5794
1515.0000 215 124 0.5767
1522.0000 216 124 0.5741
1531.0000 217 124 0.5714
1537.0000 218 124 0.5688
1545.0000 219 124 0.5662
1553.0000 220 124 0.5636
1553.0000 220 125 0.5682
1560.0000 221 125 0.5656
1568.0000 222 125 0.5631
1575.0000 223 125 0.5605
1578.0000 223 126 0.5650
1580.0000 224 126 0.5625
1586.0000 225 126 0.5600
1588.0000 225 127 0.5644
1593.0000 226 127 0.5619
1593.0000 226 128 0.5664
1599.0000 227 128 0.5639
1606.0000 228 128 0.5614
1606.0000 228 129 0.5658
1614.0000 229 129 0.5633
1617.0000 229 130 0.5677
1622.0000 230 130 0.5652
1627.0000 230 131 0.5696
1628.0000 231 131 0.5671
1634.0000 232 131 0.5647
1639.0000 232 132 0.5690
1642.0000 233 132 0.5665
1643.0000 233 133 0.5708
1650.0000 233 134 0.5751
1651.0000 234 134 0.5726
1656.0000 235 134 0.5702
1663.0000 235 135 0.5745
1664.0000 236 135 0.5720
1664.0000 236 136 0.5763
1670.0000 237 136 0.5738
1675.0000 238 136 0.5714
1681.0000 239 136 0.5690
1685.0000 239 137 0.5732
1688.0000 240 137 0.5708
1697.0000 241 137 0.5685
1698.0000 241 138 0.5726
1706.0000 242 138 0.5702
1711.0000 243 138 0.5679
1716.0000 244 138 0.5656
1725.0000 245 138 0.5633
1730.0000 246 138 0.5610
1737.0000 247 138 0.5587
1744.0000 248 138 0.5565
1748.0000 248 139 0.5605
1749.0000 249 139 0.5582
1758.0000 250 139 0.5560
1764.0000 251 139 0.5538
1767.0000 251 140 0.5578
1771.0000 252 140 0.5556
1779.0000 252 141 0.5595
1780.0000 253 141 0.5573
1787.0000 254 141 0.5551
1795.0000 255 141 0.5529
1803.0000 256 141 0.5508
1810.0000 257 141 0.5486
1817.0000 258 141 0.5465
1826.0000 259 141 0.5444
1835.0000 260 141 0.5423
1837.0000 260 142 0.5462
1838.0000 260 143 0.5500
1844.0000 261 143 0.5479
1850.0000 262 143 0.5458
1859.0000 263 143 0.5437
1866.0000 264 143 0.5417
1870.0000 264 144 0.5455
1871.0000 264 145 0.5492
1871.0000 264 146 0.5530
1875.0000 265 146 0.5509
1882.0000 266 146 0.5489
1886.0000 266 147 0.5526
1887.0000 266 148 0.5564
1890.0000 267 148 0.5543
1896.0000 268 148 0.5522
1902.0000 269 148 0.5502
1905.0000 269 149 0.5539
1910.0000 270 149 0.5519
1919.0000 271 149 0.5498
1926.0000 272 149 0.5478
1928.0000 272 150 0.5515
1932.0000 273 150 0.5495
1939.0000 274 150 0.5474
1946.0000 275 150 0.5455
1949.0000 275 151 0.5491
1951.0000 275 152 0.5527
1952.0000 276 152 0.5507
1958.0000 277 152 0.5487
1966.0000 278 152 0.5468
1971.0000 279 152 0.5448
1976.0000 280 152 0.5429
1979.0000 280 153 0.5464
1984.0000 281 153 0.5445
1990.0000 282 153 0.5426
1999.0000 283 153 0.5406
2004.0000 284 153 0.5387
2010.0000 285 153 0.5368
2011.0000 285 154 0.5404
2018.0000 286 154 0.5385
2021.0000 286 155 0.5420
2021.0000 286 156 0.5455
2024.0000 287 156 0.5436
2031.0000 288 156 0.5417
2039.0000 289 156 0.5398
2045.0000 290 156 0.5379
2052.0000 290 157 0.5414
2052.0000 290 158 0.5448
2053.0000 291 158 0.5430
2057.0000 291 159 0.5464
2059.0000 292 159 0.5445
2063.0000 292 160 0.5479
2066.0000 293 160 0.5461
2074.0000 294 160 0.5442
2083.0000 295 160 0.5424
2084.0000 295 161 0.5458
2089.0000 296 161 0.5439
2098.0000 297 161 0.5421
2101.0000 297 162 0.5455
2107.0000 298 162 0.5436
2107.0000 298 163 0.5470
2111.0000 298 164 0.5503
2114.0000 299 164 0.5485
2117.0000 299 165 0.5518
2117.0000 299 166 0.5552
2118.0000 299 167 0.5585
2119.0000 300 167 0.5567
2122.0000 300 168 0.5600
2127.0000 301 168 0.5581
2135.0000 302 168 0.5563
2140.0000 302 169 0.5596
2144.0000 303 169 0.5578
2149.0000 304 169 0.5559
2151.0000 304 170 0.5592
2156.0000 305 170 0.5574
2164.0000 306 170 0.5556
2170.0000 307 170 0.5537
2177.0000 308 170 0.5519
2181.0000 308 171 0.5552
2181.0000 308 172 0.5584
2184.0000 309 172 0.5566
2187.0000 309 173 0.5599
2192.0000 310 173 0.5581
2193.0000 310 174 0.5613
2198.0000 311 174 0.5595
2203.0000 312 174 0.5577
2210.0000 313 174 0.5559
2214.0000 313 175 0.5591
2217.0000 314 175 0.5573
2223.0000 315 175 0.5556
2228.0000 316 175 0.5538
2237.0000 317 175 0.5521
2237.0000 317 176 0.5552
2245.0000 318 176 0.5535
2251.0000 318 177 0.5566
2253.0000 319 177 0.5549
2259.0000 320 177 0.5531
2265.0000 321 177 0.5514
2273.0000 322 177 0.5497
2277.0000 322 178 0.5528
2278.0000 323 178 0.5511
2285.0000 324 178 0.5494
2286.0000 324 179 0.5525
2292.0000 325 179 0.5508
2301.0000 326 179 0.5491
2307.0000 327 179 0.5474
2316.0000 328 179 0.5457
2323.0000 329 179 0.5441
2327.0000 329 180 0.5471
2329.0000 330 180 0.5455
2334.0000 331 180 0.5438
2338.0000 331 181 0.5468
2342.0000 332 181 0.5452
2349.0000 332 182 0.5482
2350.0000 333 182 0.5465
2357.0000 334 182 0.5449
2360.0000 334 183 0.5479
2361.0000 334 184 0.5509
2363.0000 335 184 0.5493
2365.0000 335 185 0.5522
2372.0000 336 185 0.5506
2376.0000 336 186 0.5536
2378.0000 337 186 0.5519
2387.0000 338 186 0.5503
2391.0000 338 187 0.5533
2392.0000 339 187 0.5516
2401.0000 340 187 0.5500
2402.0000 340 188 0.5529
2404.0000 340 189 0.5559
2409.0000 341 189 0.5543
2417.0000 342 189 0.5526
2417.0000 342 190 0.5556
2422.0000 343 190 0.5539
2423.0000 343 191 0.5569
2424.0000 343 192 0.5598
2431.0000 344 192 0.5581
2434.0000 344 193 0.5610
2436.0000 344 194 0.5640
2436.0000 344 195 0.5669
2439.0000 345 195 0.5652
2445.0000 346 195 0.5636
2449.0000 346 196 0.5665
2449.0000 346 197 0.5694
2451.0000 347 197 0.5677
2460.0000 348 197 0.5661
2467.0000 349 197 0.5645
2475.0000 350 197 0.5629
2479.0000 350 198 0.5657
2481.0000 351 198 0.5641
2481.0000 351 199 0.5670
2488.0000 352 199 0.5653
2497.0000 353 199 0.5637
2505.0000 354 199 0.5621
2510.0000 355 199 0.5606
2516.0000 356 199 0.5590
2525.0000 357 199 0.5574
2528.0000 357 200 0.5602
2529.0000 357 201 0.5630
2534.0000 358 201 0.5615
2540.0000 359 201 0.5599
2547.0000 360 201 0.5583
2552.0000 361 201 0.5568
2560.0000 362 201 0.5552
2567.0000 362 202 0.5580
2568.0000 363 202 0.5565
2573.0000 364 202 0.5549
2579.0000 365 202 0.5534
2585.0000 366 202 0.5519
2592.0000 367 202 0.5504
2598.0000 368 202 0.5489
2599.0000 368 203 0.5516
2603.0000 369 203 0.5501
2608.0000 370 203 0.5486
2614.0000 371 203 0.5472
2620.0000 372 203 0.5457
2623.0000 372 204 0.5484
2626.0000 373 204 0.5469
2631.0000 374 204 0.5455
2638.0000 374 205 0.5481
2639.0000 375 205 0.5467
2644.0000 376 205 0.5452
2652.0000 377 205 0.5438
2657.0000 378 205 0.5423
2659.0000 378 206 0.5450
2665.0000 379 206 0.5435
2673.0000 380 206 0.5421
2681.0000 381 206 0.5407
2685.0000 381 207 0.5433
2690.0000 382 207 0.5419
2699.0000 383 207 0.5405
2705.0000 383 208 0.5431
2708.0000 384 208 0.5417
2714.0000 385 208 0.5403
2722.0000 386 208 0.5389
2729.0000 387 208 0.5375
2734.0000 388 208 0.5361
2735.0000 388 209 0.5387
2743.0000 389 209 0.5373
2748.0000 390 209 0.5359
2757.0000 391 209 0.5345
2764.0000 392 209 0.5332
2770.0000 393 209 0.5318
2777.0000 394 209 0.5305
2783.0000 394 210 0.5330
2785.0000 395 210 0.5316
2790.0000 396 210 0.5303
2797.0000 397 210 0.5290
2805.0000 398 210 0.5276
2806.0000 398 211 0.5302
2813.0000 399 211 0.5288
2819.0000 399 212 0.5313
2821.0000 400 212 0.5300
2829.0000 401 212 0.5287
2834.0000 402 212 0.5274
2842.0000 403 212 0.5261
2843.0000 403 213 0.5285
2847.0000 404 213 0.5272
2852.0000 405 213 0.5259
2854.0000 405 214 0.5284
2856.0000 405 215 0.5309
2857.0000 406 215 0.5296
2863.0000 407 215 0.5283
2872.0000 408 215 0.5270
2881.0000 409 215 0.5257
2887.0000 410 215 0.5244
2896.0000 411 215 0.5231
2904.0000 412 215 0.5218
2905.0000 412 216 0.5243
2911.0000 413 216 0.5230
2916.0000 414 216 0.5217
2921.0000 414 217 0.5242
2922.0000 415 217 0.5229
2927.0000 416 217 0.5216
2929.0000 416 218 0.5240
2929.0000 416 219 0.5264
2932.0000 416 220 0.5288
2936.0000 417 220 0.5276
2942.0000 418 220 0.5263
2951.0000 419 220 0.5251
2956.0000 420 220 0.5238
2961.0000 421 220 0.5226
2961.0000 421 221 0.5249
2970.0000 422 221 0.5237
2975.0000 423 221 0.5225
2977.0000 423 222 0.5248
2984.0000 424 222 0.5236
2986.0000 424 223 0.5259
2991.0000 425 223 0.5247
2996.0000 425 224 0.5271
3000.0000 426 224 0.5258
3008.0000 427 224 0.5246
3008.0000 427 225 0.5269
3011.0000 427 226 0.5293
3017.0000 428 226 0.5280
3017.0000 428 227 0.5304
3025.0000 429 227 0.5291
3034.0000 430 227 0.5279
3035.0000 430 228 0.5302
3040.0000 431 228 0.5290
3042.0000 431 229 0.5313
3046.0000 432 229 0.5301
3051.0000 433 229 0.5289
3060.0000 434 229 0.5276
3062.0000 434 230 0.5300
3065.0000 434 231 0.5323
3066.0000 434 232 0.5346
3067.0000 435 232 0.5333
3073.0000 436 232 0.5321
3077.0000 436 233 0.5344
3080.0000 437 233 0.5332
3080.0000 437 234 0.5355
3082.0000 437 235 0.5378
3084.0000 437 236 0.5400
3085.0000 438 236 0.5388
3091.0000 439 236 0.5376
3097.0000 440 236 0.5364
3104.0000 440 237 0.5386
3106.0000 441 237 0.5374
3114.0000 442 237 0.5362
3123.0000 443 237 0.5350
3131.0000 444 237 0.5338
3132.0000 444 238 0.5360
3138.0000 445 238 0.5348
3144.0000 446 238 0.5336
3151.0000 447 238 0.5324
3159.0000 448 238 0.5313
3166.0000 449 238 0.5301
3175.0000 450 238 0.5289
3184.0000 451 238 0.5277
3189.0000 452 238 0.5265
3197.0000 453 238 0.5254
3204.0000 454 238 0.5242
3208.0000 454 239 0.5264
3211.0000 455 239 0.5253
3218.0000 456 239 0.5241
3227.0000 457 239 0.5230
3236.0000 458 239 0.5218
3237.0000 458 240 0.5240
3242.0000 459 240 0.5229
3247.0000 459 241 0.5251
3251.0000 460 241 0.5239
3258.0000 461 241 0.5228
3264.0000 461 242 0.5249
3266.0000 462 242 0.5238
3271.0000 462 243 0.5260
3273.0000 462 244 0.5281
3274.0000 463 244 0.5270
3279.0000 463 245 0.5292
3282.0000 464 245 0.5280
3286.0000 464 246 0.5302
3291.0000 465 246 0.5290
3298.0000 466 246 0.5279
3303.0000 467 246 0.5268
3309.0000 468 246 0.5256
3318.0000 469 246 0.5245
3324.0000 470 246 0.5234
3324.0000 470 247 0.5255
3328.0000 470 248 0.5277
3330.0000 471 248 0.5265
3334.0000 471 249 0.5287
3338.0000 472 249 0.5275
3344.0000 473 249 0.5264
3351.0000 474 249 0.5253
3356.0000 475 249 0.5242
3362.0000 476 249 0.5231
3370.0000 476 250 0.5252
3371.0000 477 250 0.5241
3380.0000 478 250 0.5230
3388.0000 479 250 0.5219
3394.0000 479 251 0.5240
3395.0000 480 251 0.5229
3401.0000 480 252 0.5250
3403.0000 481 252 0.5239
3407.0000 481 253 0.5260
3409.0000 482 253 0.5249
3417.0000 483 253 0.5238
3424.0000 484 253 0.5227
3430.0000 485 253 0.5216
3439.0000 486 253 0.5206
3445.0000 486 254 0.5226
3446.0000 487 254 0.5216
3453.0000 488 254 0.5205
3460.0000 489 254 0.5194
3465.0000 489 255 0.5215
3467.0000 490 255 0.5204
3472.0000 491 255 0.5193
3477.0000 492 255 0.5183
3484.0000 493 255 0.5172
3491.0000 493 256 0.5193
3492.0000 494 256 0.5182
3500.0000 495 256 0.5172
3506.0000 496 256 0.5161
3512.0000 497 256 0.5151
3519.0000 498 256 0.5141
3522.0000 498 257 0.5161
3525.0000 499 257 0.5150
3531.0000 500 257 0.5140
3537.0000 501 257 0.5130
3546.0000 502 257 0.5120
3548.0000 502 258 0.5139
3555.0000 503 258 0.5129
3561.0000 504 258 0.5119
3570.0000 505 258 0.5109
3578.0000 506 258 0.5099
3586.0000 507 258 0.5089
3593.0000 508 258 0.5079
3599.0000 509 258 0.5069
3602.0000 509 259 0.5088
3608.0000 510 259 0.5078
3613.0000 511 259 0.5068
3620.0000 512 259 0.5059
3625.0000 513 259 0.5049
3630.0000 514 259 0.5039
3635.0000 515 259 0.5029
3643.0000 516 259 0.5019
3644.0000 516 260 0.5039
3652.0000 517 260 0.5029
3660.0000 518 260 0.5019
3666.0000 519 260 0.5010
3669.0000 519 261 0.5029
3671.0000 520 261 0.5019
3679.0000 521 261 0.5010
3684.0000 522 261 0.5000
3689.0000 522 262 0.5019
3691.0000 523 262 0.5010
3697.0000 524 262 0.5000
3702.0000 525 262 0.4990
3708.0000 526 262 0.4981
3713.0000 526 263 0.5000
3717.0000 527 263 0.4991
3725.0000 528 263 0.4981
3728.0000 528 264 0.5000
3730.0000 529 264 0.4991
3730.0000 529 265 0.5009
3738.0000 529 266 0.5028
3739.0000 530 266 0.5019
3742.0000 530 267 0.5038
3742.0000 530 268 0.5057
3747.0000 531 268 0.5047
3750.0000 531 269 0.5066
3756.0000 532 269 0.5056
3763.0000 532 270 0.5075
3764.0000 533 270 0.5066
3772.0000 534 270 0.5056
3773.0000 534 271 0.5075
3780.0000 535 271 0.5065
3787.0000 536 271 0.5056
3793.0000 536 272 0.5075
3796.0000 537 272 0.5065
3805.0000 538 272 0.5056
3812.0000 539 272 0.5046
3817.0000 540 272 0.5037
3820.0000 540 273 0.5056
3826.0000 541 273 0.5046
3826.0000 541 274 0.5065
3833.0000 542 274 0.5055
3838.0000 543 274 0.5046
3845.0000 544 274 0.5037
3852.0000 545 274 0.5028
3853.0000 545 275 0.5046
3858.0000 546 275 0.5037
3860.0000 546 276 0.5055
3862.0000 546 277 0.5073
3862.0000 546 278 0.5092
3863.0000 547 278 0.5082
3872.0000 548 278 0.5073
3880.0000 549 278 0.5064
3888.0000 550 278 0.5055
3889.0000 550 279 0.5073
3890.0000 550 280 0.5091
3897.0000 551 280 0.5082
3903.0000 552 280 0.5072
3909.0000 553 280 0.5063
3915.0000 554 280 0.5054
3918.0000 554 281 0.5072
3922.0000 555 281 0.5063
3927.0000 556 281 0.5054
3928.0000 556 282 0.5072
3934.0000 557 282 0.5063
3942.0000 558 282 0.5054
3947.0000 559 282 0.5045
3954.0000 560 282 0.5036
3963.0000 561 282 0.5027
3965.0000 561 283 0.5045
3965.0000 561 284 0.5062
3970.0000 562 284 0.5053
3975.0000 562 285 0.5071
3977.0000 562 286 0.5089
3978.0000 563 286 0.5080
3985.0000 564 286 0.5071
3990.0000 565 286 0.5062
3997.0000 566 286 0.5053
4000.0000 566 287 0.5071
4002.0000 567 287 0.5062
4002.0000 567 288 0.5079
4002.0000 567 289 0.5097
4011.0000 568 289 0.5088
4013.0000 568 290 0.5106
4017.0000 569 290 0.5097
4023.0000 570 290 0.5088
4030.0000 571 290 0.5079
4038.0000 572 290 0.5070
4046.0000 573 290 0.5061
4052.0000 574 290 0.5052
4061.0000 575 290 0.5043
4067.0000 576 290 0.5035
4076.0000 577 290 0.5026
4076.0000 577 291 0.5043
4083.0000 578 291 0.5035
4091.0000 579 291 0.5026
4096.0000 580 291 0.5017
4105.0000 581 291 0.5009
4107.0000 581 292 0.5026
4110.0000 581 293 0.5043
4113.0000 582 293 0.5034
4122.0000 583 293 0.5026
4127.0000 584 293 0.5017
4135.0000 585 293 0.5009
4143.0000 586 293 0.5000
4148.0000 586 294 0.5017
4152.0000 587 294 0.5009
4157.0000 588 294 0.5000
4166.0000 589 294 0.4992
4168.0000 589 295 0.5008
4170.0000 589 296 0.5025
4171.0000 589 297 0.5042
4172.0000 589 298 0.5059
4174.0000 590 298 0.5051
4181.0000 591 298 0.5042
4186.0000 592 298 0.5034
4192.0000 593 298 0.5025
4193.0000 593 299 0.5042
4201.0000 594 299 0.5034
4208.0000 595 299 0.5025
4216.0000 596 299 0.5017
4220.0000 596 300 0.5034
4223.0000 597 300 0.5025
4224.0000 597 301 0.5042
4229.0000 598 301 0.5033
4235.0000 599 301 0.5025
4241.0000 600 301 0.5017
4241.0000 600 302 0.5033
4250.0000 601 302 0.5025
4255.0000 602 302 0.5017
4259.0000 602 303 0.5033
4264.0000 603 303 0.5025
4272.0000 604 303 0.5017
4275.0000 604 304 0.5033
4277.0000 605 304 0.5025
4286.0000 606 304 0.5017
4291.0000 607 304 0.5008
4296.0000 608 304 0.5000
4302.0000 609 304 0.4992
4309.0000 610 304 0.4984
4315.0000 611 304 0.4975
4320.0000 612 304 0.4967
4329.0000 613 304 0.4959
4333.0000 613 305 0.4976
4335.0000 614 305 0.4967
4339.0000 614 306 0.4984
4343.0000 615 306 0.4976
4351.0000 616 306 0.4968
4356.0000 617 306 0.4959
4361.0000 618 306 0.4951
4364.0000 618 307 0.4968
4368.0000 619 307 0.4960
4373.0000 619 308 0.4976
4375.0000 620 308 0.4968
4378.0000 620 309 0.4984
4381.0000 621 309 0.4976
4390.0000 622 309 0.4968
4392.0000 622 310 0.4984
4393.0000 622 311 0.5000
4396.0000 623 311 0.4992
4403.0000 623 312 0.5008
4404.0000 624 312 0.5000
4413.0000 625 312 0.4992
4417.0000 625 313 0.5008
4419.0000 625 314 0.5024
4420.0000 625 315 0.5040
4421.0000 626 315 0.5032
4422.0000 626 316 0.5048
4426.0000 627 316 0.5040
4426.0000 627 317 0.5056
4430.0000 627 318 0.5072
4431.0000 628 318 0.5064
4432.0000 628 319 0.5080
4432.0000 628 320 0.5096
4437.0000 629 320 0.5087
4438.0000 629 321 0.5103
4446.0000 630 321 0.5095
4452.0000 631 321 0.5087
4458.0000 632 321 0.5079
4465.0000 633 321 0.5071
4471.0000 634 321 0.5063
4476.0000 635 321 0.5055
4482.0000 636 321 0.5047
4487.0000 637 321 0.5039
4487.0000 637 322 0.5055
4494.0000 638 322 0.5047
4503.0000 639 322 0.5039
4504.0000 639 323 0.5055
4511.0000 640 323 0.5047
4517.0000 641 323 0.5039
4525.0000 642 323 0.5031
4530.0000 643 323 0.5023
4534.0000 643 324 0.5039
4536.0000 644 324 0.5031
4545.0000 645 324 0.5023
4553.0000 646 324 0.5015
4554.0000 646 325 0.5031
4555.0000 646 326 0.5046
4555.0000 646 327 0.5062
4558.0000 647 327 0.5054
4567.0000 648 327 0.5046
4574.0000 649 327 0.5039
4582.0000 650 327 0.5031
4588.0000 651 327 0.5023
4593.0000 651 328 0.5038
4594.0000 652 328 0.5031
4599.0000 653 328 0.5023
4607.0000 654 328 0.5015
4612.0000 655 328 0.5008
4621.0000 656 328 0.5000
4626.0000 656 329 0.5015
4627.0000 657 329 0.5008
4634.0000 658 329 0.5000
4637.0000 658 330 0.5015
4642.0000 659 330 0.5008
4647.0000 659 331 0.5023
4651.0000 660 331 0.5015
4651.0000 660 332 0.5030
4657.0000 661 332 0.5023
4663.0000 662 332 0.5015
4663.0000 662 333 0.5030
4665.0000 662 334 0.5045
4669.0000 663 334 0.5038
4678.0000 664 334 0.5030
4684.0000 665 334 0.5023
4684.0000 665 335 0.5038
4684.0000 665 336 0.5053
4686.0000 665 337 0.5068
4691.0000 666 337 0.5060
4691.0000 666 338 0.5075
4697.0000 667 338 0.5067
4706.0000 668 338 0.5060
4711.0000 668 339 0.5075
4712.0000 669 339 0.5067
4712.0000 669 340 0.5082
4716.0000 669 341 0.5097
4720.0000 670 341 0.5090
4728.0000 671 341 0.5082
4737.0000 672 341 0.5074
4744.0000 673 341 0.5067
4752.0000 674 341 0.5059
4754.0000 674 342 0.5074
4757.0000 675 342 0.5067
4760.0000 675 343 0.5081
4760.0000 675 344 0.5096
4765.0000 675 345 0.5111
4766.0000 676 345 0.5104
4772.0000 677 345 0.5096
4781.0000 678 345 0.5088
4786.0000 679 345 0.5081
4792.0000 680 345 0.5074
4799.0000 681 345 0.5066
4804.0000 682 345 0.5059
4809.0000 683 345 0.5051
4815.0000 684 345 0.5044
4822.0000 685 345 0.5036
4823.0000 685 346 0.5051
4824.0000 685 347 0.5066
4831.0000 686 347 0.5058
4839.0000 687 347 0.5051
4845.0000 688 347 0.5044
4854.0000 689 347 0.5036
4862.0000 690 347 0.5029
4865.0000 690 348 0.5043
4867.0000 691 348 0.5036
4869.0000 691 349 0.5051
4873.0000 691 350 0.5065
4874.0000 692 350 0.5058
4881.0000 693 350 0.5051
4887.0000 693 351 0.5065
4888.0000 693 352 0.5079
4890.0000 694 352 0.5072
4896.0000 695 352 0.5065
4902.0000 696 352 0.5057
4908.0000 697 352 0.5050
4916.0000 697 353 0.5065
4917.0000 698 353 0.5057
4923.0000 699 353 0.5050
4928.0000 700 353 0.5043
4937.0000 701 353 0.5036
4945.0000 702 353 0.5028
4950.0000 703 353 0.5021
4954.0000 703 354 0.5036
4959.0000 704 354 0.5028
4964.0000 705 354 0.5021
4967.0000 705 355 0.5035
4970.0000 706 355 0.5028
4978.0000 707 355 0.5021
4983.0000 708 355 0.5014
4988.0000 709 355 0.5007
4997.0000 710 355 0.5000
5004.0000 711 355 0.4993
5013.0000 712 355 0.4986
5017.0000 712 356 0.5000
5019.0000 713 356 0.4993
5028.0000 714 356 0.4986
5030.0000 714 357 0.5000
5036.0000 715 357 0.4993
5044.0000 716 357 0.4986
5044.0000 716 358 0.5000
5049.0000 716 359 0.5014
5053.0000 717 359 0.5007
5053.0000 717 360 0.5021
5053.0000 717 361 0.5035
5056.0000 717 362 0.5049
5057.0000 717 363 0.5063
5058.0000 718 363 0.5056
5058.0000 718 364 0.5070
5067.0000 719 364 0.5063
5073.0000 720 364 0.5056
5081.0000 721 364 0.5049
5086.0000 722 364 0.5042
5093.0000 723 364 0.5035
5099.0000 724 364 0.5028
5099.0000 724 365 0.5041
5108.0000 725 365 0.5034
5116.0000 726 365 0.5028
5124.0000 727 365 0.5021
5133.0000 728 365 0.5014
5133.0000 728 366 0.5027
5142.0000 729 366 0.5021
5147.0000 730 366 0.5014
5155.0000 731 366 0.5007
5161.0000 732 366 0.5000
5163.0000 732 367 0.5014
5166.0000 733 367 0.5007
5175.0000 734 367 0.5000
5180.0000 735 367 0.4993
5186.0000 736 367 0.4986
5192.0000 736 368 0.5000
5195.0000 737 368 0.4993
5202.0000 738 368 0.4986
5207.0000 738 369 0.5000
5209.0000 739 369 0.4993
5212.0000 739 370 0.5007
5218.0000 740 370 0.5000
5224.0000 741 370 0.4993
5231.0000 741 371 0.5007
5232.0000 742 371 0.5000
5239.0000 743 371 0.4993
5242.0000 743 372 0.5007
5244.0000 744 372 0.5000
5250.0000 745 372 0.4993
5256.0000 746 372 0.4987
5259.0000 746 373 0.5000
5264.0000 747 373 0.4993
5273.0000 748 373 0.4987
5282.0000 749 373 0.4980
5283.0000 749 374 0.4993
5285.0000 749 375 0.5007
5290.0000 750 375 0.5000
5294.0000 750 376 0.5013
5298.0000 751 376 0.5007
5305.0000 752 376 0.5000
5306.0000 752 377 0.5013
5312.0000 753 377 0.5007
5320.0000 754 377 0.5000
5326.0000 754 378 0.5013
5328.0000 755 378 0.5007
5335.0000 756 378 0.5000
5344.0000 757 378 0.4993
5352.0000 758 378 0.4987
5357.0000 758 379 0.5000
5359.0000 759 379 0.4993
5361.0000 759 380 0.5007
5366.0000 760 380 0.5000
5372.0000 761 380 0.4993
5377.0000 761 381 0.5007
5379.0000 762 381 0.5000
5384.0000 763 381 0.4993
5389.0000 764 381 0.4987
5389.0000 764 382 0.5000
5394.0000 764 383 0.5013
5395.0000 765 383 0.5007
5402.0000 766 383 0.5000
5411.0000 767 383 0.4993
5416.0000 767 384 0.5007
5417.0000 768 384 0.5000
5423.0000 769 384 0.4993
5429.0000 770 384 0.4987
5438.0000 771 384 0.4981
5444.0000 772 384 0.4974
5452.0000 773 384 0.4968
5457.0000 774 384 0.4961
5458.0000 774 385 0.4974
5466.0000 775 385 0.4968
5472.0000 776 385 0.4961
5480.0000 777 385 0.4955
5489.0000 778 385 0.4949
5497.0000 779 385 0.4942
5504.0000 780 385 0.4936
5511.0000 781 385 0.4930
5518.0000 782 385 0.4923
5523.0000 783 385 0.4917
5530.0000 784 385 0.4911
5537.0000 785 385 0.4904
5543.0000 785 386 0.4917
5546.0000 786 386 0.4911
5555.0000 787 386 0.4905
5564.0000 788 386 0.4898
5573.0000 789 386 0.4892
5581.0000 790 386 0.4886
5590.0000 791 386 0.4880
5595.0000 792 386 0.4874
5598.0000 792 387 0.4886
5603.0000 793 387 0.4880
5610.0000 794 387 0.4874
5618.0000 795 387 0.4868
5624.0000 796 387 0.4862
5625.0000 796 388 0.4874
5633.0000 797 388 0.4868
5634.0000 797 389 0.4881
5636.0000 797 390 0.4893
5638.0000 798 390 0.4887
5646.0000 799 390 0.4881
5654.0000 800 390 0.4875
5654.0000 800 391 0.4888
5663.0000 801 391 0.4881
5668.0000 802 391 0.4875
5677.0000 803 391 0.4869
5677.0000 803 392 0.4882
5685.0000 804 392 0.4876
5694.0000 805 392 0.4870
5700.0000 806 392 0.4864
5706.0000 807 392 0.4857
5715.0000 808 392 0.4851
5717.0000 808 393 0.4864
5720.0000 809 393 0.4858
5728.0000 810 393 0.4852
5735.0000 811 393 0.4846
5742.0000 812 393 0.4840
5748.0000 813 393 0.4834
5754.0000 814 393 0.4828
5759.0000 815 393 0.4822
5766.0000 816 393 0.4816
5767.0000 816 394 0.4828
5772.0000 817 394 0.4823
5780.0000 818 394 0.4817
5787.0000 819 394 0.4811
5792.0000 820 394 0.4805
5799.0000 821 394 0.4799
5806.0000 821 395 0.4811
5808.0000 822 395 0.4805
5816.0000 823 395 0.4800
5825.0000 824 395 0.4794
5826.0000 824 396 0.4806
5833.0000 825 396 0.4800
5839.0000 826 396 0.4794
5844.0000 827 396 0.4788
5849.0000 827 397 0.4800
5852.0000 828 397 0.4795
5854.0000 828 398 0.4807
5860.0000 829 398 0.4801
5862.0000 829 399 0.4813
5867.0000 830 399 0.4807
5876.0000 831 399 0.4801
5884.0000 832 399 0.4796
5892.0000 833 399 0.4790
5901.0000 834 399 0.4784
5910.0000 835 399 0.4778
5919.0000 836 399 0.4773
5924.0000 837 399 0.4767
5929.0000 837 400 0.4779
5931.0000 837 401 0.4791
5932.0000 838 401 0.4785
5939.0000 839 401 0.4779
5939.0000 839 402 0.4791
5946.0000 840 402 0.4786
5951.0000 841 402 0.4780
5954.0000 841 403 0.4792
5954.0000 841 404 0.4804
5959.0000 842 404 0.4798
5968.0000 843 404 0.4792
5972.0000 843 405 0.4804
5974.0000 844 405 0.4799
5982.0000 845 405 0.4793
5989.0000 846 405 0.4787
5995.0000 847 405 0.4782
6000.0000 848 405 0.4776
6001.0000 848 406 0.4788
6003.0000 848 407 0.4800
6007.0000 848 408 0.4811
6008.0000 849 408 0.4806
6009.0000 849 409 0.4817
6015.0000 850 409 0.4812
6023.0000 851 409 0.4806
6030.0000 852 409 0.4800
6030.0000 852 410 0.4812
6033.0000 852 411 0.4824
6035.0000 853 411 0.4818
6041.0000 854 411 0.4813
6047.0000 855 411 0.4807
6054.0000 856 411 0.4801
6061.0000 857 411 0.4796
6068.0000 858 411 0.4790
6074.0000 858 412 0.4802
6077.0000 859 412 0.4796
6085.0000 860 412 0.4791
6094.0000 861 412 0.4785
6094.0000 861 413 0.4797
6095.0000 861 414 0.4808
6101.0000 861 415 0.4820
6103.0000 862 415 0.4814
6110.0000 863 415 0.4809
6116.0000 864 415 0.4803
6123.0000 865 415 0.4798
6129.0000 866 415 0.4792
6137.0000 867 415 0.4787
6146.0000 868 415 0.4781
6155.0000 869 415 0.4776
6156.0000 869 416 0.4787
6161.0000 870 416 0.4782
6169.0000 871 416 0.4776
6175.0000 872 416 0.4771
6176.0000 872 417 0.4782
6183.0000 873 417 0.4777
6186.0000 873 418 0.4788
6190.0000 874 418 0.4783
6199.0000 875 418 0.4777
6205.0000 876 418 0.4772
6211.0000 877 418 0.4766
6212.0000 877 419 0.4778
6216.0000 878 419 0.4772
6217.0000 878 420 0.4784
6219.0000 878 421 0.4795
6221.0000 879 421 0.4790
6228.0000 880 421 0.4784
6233.0000 881 421 0.4779
6236.0000 881 422 0.4790
6242.0000 882 422 0.4785
6248.0000 882 423 0.4796
6251.0000 883 423 0.4790
6251.0000 883 424 0.4802
6257.0000 884 424 0.4796
6262.0000 885 424 0.4791
6269.0000 886 424 0.4786
6269.0000 886 425 0.4797
6276.0000 887 425 0.4791
6284.0000 888 425 0.4786
6289.0000 889 425 0.4781
6297.0000 890 425 0.4775
6306.0000 891 425 0.4770
6314.0000 892 425 0.4765
6319.0000 892 426 0.4776
6319.0000 892 427 0.4787
6323.0000 893 427 0.4782
6328.0000 894 427 0.4776
6332.0000 894 428 0.4787
6334.0000 895 428 0.4782
6340.0000 896 428 0.4777
6349.0000 897 428 0.4771
6357.0000 897 429 0.4783
6358.0000 898 429 0.4777
6361.0000 898 430 0.4788
6366.0000 899 430 0.4783
6373.0000 900 430 0.4778
6378.0000 901 430 0.4772
6385.0000 901 431 0.4784
6386.0000 902 431 0.4778
6387.0000 902 432 0.4789
6391.0000 902 433 0.4800
6395.0000 903 433 0.4795
6400.0000 904 433 0.4790
6403.0000 904 434 0.4801
6405.0000 905 434 0.4796
6409.0000 905 435 0.4807
6412.0000 906 435 0.4801
6417.0000 906 436 0.4812
6418.0000 907 436 0.4807
6426.0000 908 436 0.4802
6433.0000 909 436 0.4796
6440.0000 910 436 0.4791
6448.0000 911 436 0.4786
6456.0000 912 436 0.4781
6461.0000 913 436 0.4775
6462.0000 913 437 0.4786
6467.0000 914 437 0.4781
6470.0000 914 438 0.4792
6476.0000 915 438 0.4787
6483.0000 916 438 0.4782
6489.0000 917 438 0.4776
6494.0000 917 439 0.4787
6498.0000 918 439 0.4782
6506.0000 919 439 0.4777
6511.0000 920 439 0.4772
6514.0000 920 440 0.4783
6515.0000 920 441 0.4793
6520.0000 921 441 0.4788
6526.0000 922 441 0.4783
6533.0000 923 441 0.4778
6538.0000 924 441 0.4773
6545.0000 925 441 0.4768
6548.0000 925 442 0.4778
6554.0000 926 442 0.4773
6561.0000 927 442 0.4768
6569.0000 928 442 0.4763
6577.0000 929 442 0.4758
6583.0000 930 442 0.4753
6591.0000 931 442 0.4748
6599.0000 931 443 0.4758
6600.0000 932 443 0.4753
6601.0000 932 444 0.4764
6605.0000 933 444 0.4759
6605.0000 933 445 0.4770
6605.0000 933 446 0.4780
6613.0000 934 446 0.4775
6616.0000 934 447 0.4786
6621.0000 935 447 0.4781
6627.0000 936 447 0.4776
6628.0000 936 448 0.4786
6633.0000 937 448 0.4781
6638.0000 938 448 0.4776
6639.0000 938 449 0.4787
6643.0000 939 449 0.4782
6648.0000 940 449 0.4777
6656.0000 940 450 0.4787
6657.0000 941 450 0.4782
6662.0000 942 450 0.4777
6669.0000 943 450 0.4772
6676.0000 944 450 0.4767
6685.0000 945 450 0.4762
6692.0000 946 450 0.4757
6699.0000 947 450 0.4752
6706.0000 948 450 0.4747
6711.0000 949 450 0.4742
6716.0000 949 451 0.4752
6717.0000 950 451 0.4747
6717.0000 950 452 0.4758
6722.0000 951 452 0.4753
6730.0000 952 452 0.4748
6730.0000 952 453 0.4758
6736.0000 952 454 0.4769
6739.0000 953 454 0.4764
6743.0000 953 455 0.4774
6745.0000 954 455 0.4769
6753.0000 955 455 0.4764
6758.0000 955 456 0.4775
6762.0000 956 456 0.4770
6771.0000 957 456 0.4765
6774.0000 957 457 0.4775
6776.0000 957 458 0.4786
6777.0000 957 459 0.4796
6780.0000 958 459 0.4791
6781.0000 958 460 0.4802
6786.0000 959 460 0.4797
6792.0000 959 461 0.4807
6795.0000 960 461 0.4802
6795.0000 960 462 0.4813
6797.0000 960 463 0.4823
6802.0000 960 464 0.4833
6804.0000 961 464 0.4828
6809.0000 962 464 0.4823
6816.0000 963 464 0.4818
6823.0000 964 464 0.4813
6830.0000 965 464 0.4808
6838.0000 966 464 0.4803
6844.0000 967 464 0.4798
6850.0000 968 464 0.4793
6858.0000 969 464 0.4788
6864.0000 970 464 0.4784
6871.0000 971 464 0.4779
6878.0000 972 464 0.4774
6885.0000 973 464 0.4769
6890.0000 974 464 0.4764
6894.0000 974 465 0.4774
6896.0000 975 465 0.4769
6901.0000 976 465 0.4764
6903.0000 976 466 0.4775
6904.0000 976 467 0.4785
6906.0000 976 468 0.4795
6909.0000 977 468 0.4790
6918.0000 978 468 0.4785
6927.0000 979 468 0.4780
6929.0000 979 469 0.4791
6932.0000 979 470 0.4801
6934.0000 980 470 0.4796
6941.0000 981 470 0.4791
6948.0000 982 470 0.4786
6955.0000 982 471 0.4796
6957.0000 983 471 0.4791
6964.0000 984 471 0.4787
6972.0000 985 471 0.4782
6977.0000 986 471 0.4777
6982.0000 987 471 0.4772
6988.0000 988 471 0.4767
6996.0000 989 471 0.4762
7005.0000 990 471 0.4758
7011.0000 991 471 0.4753
7020.0000 992 471 0.4748
7027.0000 993 471 0.4743
7034.0000 994 471 0.4738
7038.0000 994 472 0.4748
7042.0000 995 472 0.4744
7048.0000 996 472 0.4739
7049.0000 996 473 0.4749
7055.0000 997 473 0.4744
7062.0000 997 474 0.4754
7063.0000 997 475 0.4764
7064.0000 998 475 0.4760
7071.0000 999 475 0.4755
7076.0000 1000 475 0.4750
7082.0000 1001 475 0.4745
7082.0000 1001 476 0.4755
7090.0000 1002 476 0.4750
7097.0000 1003 476 0.4746
7102.0000 1004 476 0.4741
7109.0000 1005 476 0.4736
7116.0000 1005 477 0.4746
7116.0000 1005 478 0.4756
7118.0000 1006 478 0.4751
7124.0000 1007 478 0.4747
7130.0000 1008 478 0.4742
7135.0000 1008 479 0.4752
7136.0000 1008 480 0.4762
7137.0000 1008 481 0.4772
7139.0000 1009 481 0.4767
7143.0000 1009 482 0.4777
7144.0000 1010 482 0.4772
7153.0000 1011 482 0.4768
7159.0000 1011 483 0.4777
7159.0000 1011 484 0.4787
7160.0000 1012 484 0.4783
7167.0000 1013 484 0.4778
7173.0000 1013 485 0.4788
7176.0000 1014 485 0.4783
7183.0000 1015 485 0.4778
7189.0000 1016 485 0.4774
7189.0000 1016 486 0.4783
7198.0000 1017 486 0.4779
7202.0000 1017 487 0.4789
7205.0000 1018 487 0.4784
7205.0000 1018 488 0.4794
7211.0000 1019 488 0.4789
7217.0000 1020 488 0.4784
7222.0000 1021 488 0.4780
7229.0000 1022 488 0.4775
7237.0000 1023 488 0.4770
7244.0000 1024 488 0.4766
7253.0000 1025 488 0.4761
7259.0000 1025 489 0.4771
7260.0000 1026 489 0.4766
7266.0000 1026 490 0.4776
7268.0000 1027 490 0.4771
7275.0000 1028 490 0.4767
7284.0000 1029 490 0.4762
7291.0000 1029 491 0.4772
7292.0000 1030 491 0.4767
7297.0000 1031 491 0.4762
7305.0000 1032 491 0.4758
7311.0000 1033 491 0.4753
7318.0000 1034 491 0.4749
7327.0000 1035 491 0.4744
7329.0000 1035 492 0.4754
7332.0000 1035 493 0.4763
7334.0000 1036 493 0.4759
7341.0000 1037 493 0.4754
7350.0000 1038 493 0.4750
7354.0000 1038 494 0.4759
7356.0000 1038 495 0.4769
7359.0000 1039 495 0.4764
7365.0000 1040 495 0.4760
7368.0000 1040 496 0.4769
7370.0000 1040 497 0.4779
7373.0000 1041 497 0.4774
7378.0000 1042 497 0.4770
7383.0000 1043 497 0.4765
7384.0000 1043 498 0.4775
7392.0000 1044 498 0.4770
7397.0000 1045 498 0.4766
7404.0000 1046 498 0.4761
7411.0000 1047 498 0.4756
7418.0000 1048 498 0.4752
7424.0000 1049 498 0.4747
7428.0000 1049 499 0.4757
7430.0000 1050 499 0.4752
7435.0000 1050 500 0.4762
7436.0000 1051 500 0.4757
7441.0000 1052 500 0.4753
7448.0000 1053 500 0.4748
7456.0000 1053 501 0.4758
7457.0000 1054 501 0.4753
7465.0000 1055 501 0.4749
7468.0000 1055 502 0.4758
7474.0000 1056 502 0.4754
7479.0000 1056 503 0.4763
7482.0000 1057 503 0.4759
7486.0000 1057 504 0.4768
7487.0000 1058 504 0.4764
7490.0000 1058 505 0.4773
7491.0000 1058 506 0.4783
7493.0000 1059 506 0.4778
7502.0000 1060 506 0.4774
7507.0000 1061 506 0.4769
7513.0000 1062 506 0.4765
7517.0000 1062 507 0.4774
7519.0000 1063 507 0.4770
7525.0000 1064 507 0.4765
7534.0000 1065 507 0.4761
7542.0000 1066 507 0.4756
7550.0000 1067 507 0.4752
7556.0000 1068 507 0.4747
7559.0000 1068 508 0.4757
7562.0000 1069 508 0.4752
7570.0000 1070 508 0.4748
7573.0000 1070 509 0.4757
7575.0000 1070 510 0.4766
7576.0000 1071 510 0.4762
7585.0000 1072 510 0.4757
7589.0000 1072 511 0.4767
7594.0000 1073 511 0.4762
7602.0000 1074 511 0.4758
7609.0000 1075 511 0.4753
7614.0000 1075 512 0.4763
7617.0000 1076 512 0.4758
7625.0000 1077 512 0.4754
7630.0000 1078 512 0.4750
7633.0000 1078 513 0.4759
7635.0000 1079 513 0.4754
7642.0000 1079 514 0.4764
7644.0000 1080 514 0.4759
7652.0000 1081 514 0.4755
7657.0000 1082 514 0.4750
7662.0000 1083 514 0.4746
7667.0000 1084 514 0.4742
7667.0000 1084 515 0.4751
7672.0000 1085 515 0.4747
7672.0000 1085 516 0.4756
7680.0000 1086 516 0.4751
7688.0000 1087 516 0.4747
7697.0000 1088 516 0.4743
7706.0000 1089 516 0.4738
7713.0000 1090 516 0.4734
7721.0000 1091 516 0.4730
7725.0000 1091 517 0.4739
7729.0000 1092 517 0.4734
7738.0000 1093 517 0.4730
7742.0000 1093 518 0.4739
7743.0000 1094 518 0.4735
7748.0000 1095 518 0.4731
7753.0000 1096 518 0.4726
7756.0000 1096 519 0.4735
7762.0000 1097 519 0.4731
7763.0000 1097 520 0.4740
7765.0000 1097 521 0.4749
7770.0000 1098 521 0.4745
7776.0000 1099 521 0.4741
7785.0000 1100 521 0.4736
7785.0000 1100 522 0.4745
7788.0000 1100 523 0.4755
7791.0000 1101 523 0.4750
7796.0000 1102 523 0.4746
7804.0000 1103 523 0.4742
7811.0000 1104 523 0.4737
7815.0000 1104 524 0.4746
7817.0000 1104 525 0.4755
7820.0000 1105 525 0.4751
7826.0000 1106 525 0.4747
7832.0000 1107 525 0.4743
7839.0000 1108 525 0.4738
7845.0000 1109 525 0.4734
7854.0000 1110 525 0.4730
7863.0000 1111 525 0.4725
7870.0000 1112 525 0.4721
7877.0000 1113 525 0.4717
7884.0000 1114 525 0.4713
7889.0000 1114 526 0.4722
7891.0000 1115 526 0.4717
7894.0000 1115 527 0.4726
7897.0000 1116 527 0.4722
7902.0000 1117 527 0.4718
7910.0000 1118 527 0.4714
7918.0000 1119 527 0.4710
7923.0000 1120 527 0.4705
7928.0000 1121 527 0.4701
7931.0000 1121 528 0.4710
7934.0000 1122 528 0.4706
7939.0000 1123 528 0.4702
7944.0000 1124 528 0.4698
7950.0000 1125 528 0.4693
7956.0000 1125 529 0.4702
7958.0000 1126 529 0.4698
7966.0000 1127 529 0.4694
7968.0000 1127 530 0.4703
7973.0000 1128 530 0.4699
7974.0000 1128 531 0.4707
7974.0000 1128 532 0.4716
7980.0000 1129 532 0.4712
7980.0000 1129 533 0.4721
7982.0000 1129 534 0.4730
7987.0000 1130 534 0.4726
7996.0000 1131 534 0.4721
8005.0000 1132 534 0.4717
8005.0000 1132 535 0.4726
8011.0000 1133 535 0.4722
8018.0000 1134 535 0.4718
8026.0000 1135 535 0.4714
8035.0000 1136 535 0.4710
8036.0000 1136 536 0.4718
8038.0000 1136 537 0.4727
8040.0000 1137 537 0.4723
8045.0000 1138 537 0.4719
8050.0000 1138 538 0.4728
8052.0000 1139 538 0.4723
8057.0000 1140 538 0.4719
8063.0000 1141 538 0.4715
8068.0000 1141 539 0.4724
8069.0000 1142 539 0.4720
8074.0000 1143 539 0.4716
8079.0000 1144 539 0.4712
8084.0000 1145 539 0.4707
8092.0000 1146 539 0.4703
8092.0000 1146 540 0.4712
8092.0000 1146 541 0.4721
8101.0000 1147 541 0.4717
8102.0000 1147 542 0.4725
8110.0000 1148 542 0.4721
8117.0000 1149 542 0.4717
8117.0000 1149 543 0.4726
8124.0000 1150 543 0.4722
8133.0000 1151 543 0.4718
8138.0000 1152 543 0.4714
8144.0000 1153 543 0.4709
8153.0000 1154 543 0.4705
8162.0000 1155 543 0.4701
8167.0000 1155 544 0.4710
8169.0000 1156 544 0.4706
8169.0000 1156 545 0.4715
8178.0000 1157 545 0.4710
8184.0000 1158 545 0.4706
8191.0000 1159 545 0.4702
8195.0000 1159 546 0.4711
8199.0000 1160 546 0.4707
8202.0000 1160 547 0.4716
8204.0000 1161 547 0.4711
8212.0000 1162 547 0.4707
8216.0000 1162 548 0.4716
8218.0000 1163 548 0.4712
8223.0000 1164 548 0.4708
8231.0000 1165 548 0.4704
8234.0000 1165 549 0.4712
8239.0000 1166 549 0.4708
8247.0000 1167 549 0.4704
8256.0000 1168 549 0.4700
8264.0000 1169 549 0.4696
8272.0000 1170 549 0.4692
8279.0000 1171 549 0.4688
8279.0000 1171 550 0.4697
8287.0000 1172 550 0.4693
8291.0000 1172 551 0.4701
8293.0000 1173 551 0.4697
8302.0000 1174 551 0.4693
8308.0000 1175 551 0.4689
8315.0000 1175 552 0.4698
8317.0000 1176 552 0.4694
8318.0000 1176 553 0.4702
8321.0000 1176 554 0.4711
8325.0000 1177 554 0.4707
8332.0000 1178 554 0.4703
8340.0000 1179 554 0.4699
8345.0000 1180 554 0.4695
8347.0000 1180 555 0.4703
8349.0000 1180 556 0.4712
8354.0000 1181 556 0.4708
8359.0000 1182 556 0.4704
8361.0000 1182 557 0.4712
8366.0000 1183 557 0.4708
8374.0000 1184 557 0.4704
8382.0000 1185 557 0.4700
8390.0000 1186 557 0.4696
8396.0000 1186 558 0.4705
8397.0000 1187 558 0.4701
8398.0000 1187 559 0.4709
8403.0000 1188 559 0.4705
8408.0000 1188 560 0.4714
8410.0000 1189 560 0.4710
8412.0000 1189 561 0.4718
8416.0000 1190 561 0.4714
8416.0000 1190 562 0.4723
8418.0000 1190 563 0.4731
8421.0000 1191 563 0.4727
8426.0000 1192 563 0.4723
8435.0000 1193 563 0.4719
8441.0000 1194 563 0.4715
8447.0000 1195 563 0.4711
8452.0000 1195 564 0.4720
8454.0000 1195 565 0.4728
8455.0000 1196 565 0.4724
8456.0000 1196 566 0.4732
8462.0000 1196 567 0.4741
8464.0000 1197 567 0.4737
8464.0000 1197 568 0.4745
8467.0000 1197 569 0.4754
8472.0000 1198 569 0.4750
8481.0000 1199 569 0.4746
8488.0000 1200 569 0.4742
8497.0000 1201 569 0.4738
8506.0000 1202 569 0.4734
8509.0000 1202 570 0.4742
8511.0000 1203 570 0.4738
8511.0000 1203 571 0.4746
8516.0000 1204 571 0.4743
8524.0000 1205 571 0.4739
8530.0000 1206 571 0.4735
8532.0000 1206 572 0.4743
8535.0000 1207 572 0.4739
8540.0000 1207 573 0.4747
8544.0000 1208 573 0.4743
8549.0000 1209 573 0.4739
8556.0000 1210 573 0.4736
8561.0000 1211 573 0.4732
8569.0000 1212 573 0.4728
8578.0000 1213 573 0.4724
8583.0000 1213 574 0.4732
8585.0000 1214 574 0.4728
8593.0000 1215 574 0.4724
8599.0000 1216 574 0.4720
8608.0000 1217 574 0.4717
8617.0000 1218 574 0.4713
8622.0000 1219 574 0.4709
8631.0000 1220 574 0.4705
8640.0000 1221 574 0.4701
8643.0000 1221 575 0.4709
8647.0000 1222 575 0.4705
8654.0000 1223 575 0.4702
8659.0000 1224 575 0.4698
8663.0000 1224 576 0.4706
8665.0000 1225 576 0.4702
8672.0000 1226 576 0.4698
8679.0000 1227 576 0.4694
8686.0000 1228 576 0.4691
8693.0000 1229 576 0.4687
8701.0000 1230 576 0.4683
8706.0000 1231 576 0.4679
8706.0000 1231 577 0.4687
8709.0000 1231 578 0.4695
8712.0000 1232 578 0.4692
8719.0000 1233 578 0.4688
8723.0000 1233 579 0.4696
8724.0000 1234 579 0.4692
8729.0000 1235 579 0.4688
8735.0000 1236 579 0.4684
8736.0000 1236 580 0.4693
8743.0000 1237 580 0.4689
8745.0000 1237 581 0.4697
8749.0000 1238 581 0.4693
8757.0000 1239 581 0.4689
8763.0000 1240 581 0.4685
8772.0000 1241 581 0.4682
8773.0000 1241 582 0.4690
8776.0000 1241 583 0.4698
8776.0000 1241 584 0.4706
8778.0000 1242 584 0.4702
8778.0000 1242 585 0.4710
8783.0000 1242 586 0.4718
8784.0000 1243 586 0.4714
8790.0000 1244 586 0.4711
8790.0000 1244 587 0.4719
8798.0000 1245 587 0.4715
8804.0000 1246 587 0.4711
8812.0000 1247 587 0.4707
8820.0000 1248 587 0.4704
8825.0000 1249 587 0.4700
8826.0000 1249 588 0.4708
8832.0000 1250 588 0.4704
8835.0000 1250 589 0.4712
8837.0000 1251 589 0.4708
8846.0000 1252 589 0.4704
8847.0000 1252 590 0.4712
8851.0000 1253 590 0.4709
8860.0000 1254 590 0.4705
8865.0000 1255 590 0.4701
8870.0000 1256 590 0.4697
8875.0000 1256 591 0.4705
8878.0000 1257 591 0.4702
8878.0000 1257 592 0.4710
8885.0000 1258 592 0.4706
8892.0000 1259 592 0.4702
8900.0000 1260 592 0.4698
8909.0000 1261 592 0.4695
8918.0000 1262 592 0.4691
8925.0000 1263 592 0.4687
8931.0000 1264 592 0.4684
8939.0000 1265 592 0.4680
8940.0000 1265 593 0.4688
8944.0000 1266 593 0.4684
8945.0000 1266 594 0.4692
8953.0000 1267 594 0.4688
8959.0000 1268 594 0.4685
8959.0000 1268 595 0.4692
8961.0000 1268 596 0.4700
8963.0000 1268 597 0.4708
8967.0000 1269 597 0.4704
8975.0000 1270 597 0.4701
8981.0000 1271 597 0.4697
8989.0000 1271 598 0.4705
8989.0000 1271 599 0.4713
8989.0000 1271 600 0.4721
8990.0000 1272 600 0.4717
8995.0000 1272 601 0.4725
8997.0000 1272 602 0.4733
8999.0000 1273 602 0.4729
9001.0000 1273 603 0.4737
9003.0000 1273 604 0.4745
9006.0000 1274 604 0.4741
9013.0000 1274 605 0.4749
9015.0000 1275 605 0.4745
9021.0000 1276 605 0.4741
9028.0000 1277 605 0.4738
9036.0000 1278 605 0.4734
9043.0000 1279 605 0.4730
9052.0000 1280 605 0.4727
9060.0000 1281 605 0.4723
9066.0000 1282 605 0.4719
9074.0000 1283 605 0.4716
9078.0000 1283 606 0.4723
9081.0000 1284 606 0.4720
9086.0000 1285 606 0.4716
9089.0000 1285 607 0.4724
9092.0000 1285 608 0.4732
9093.0000 1286 608 0.4728
9100.0000 1287 608 0.4724
9101.0000 1287 609 0.4732
9107.0000 1288 609 0.4728
9114.0000 1289 609 0.4725
9119.0000 1290 609 0.4721
9127.0000 1291 609 0.4717
9134.0000 1292 609 0.4714
9140.0000 1293 609 0.4710
9141.0000 1293 610 0.4718
9147.0000 1294 610 0.4714
9153.0000 1295 610 0.4710
9155.0000 1295 611 0.4718
9158.0000 1296 611 0.4715
9167.0000 1297 611 0.4711
9176.0000 1298 611 0.4707
9180.0000 1298 612 0.4715
9185.0000 1299 612 0.4711
9191.0000 1300 612 0.4708
9193.0000 1300 613 0.4715
9200.0000 1301 613 0.4712
9208.0000 1302 613 0.4708
9216.0000 1303 613 0.4705
9223.0000 1304 613 0.4701
9229.0000 1305 613 0.4697
9238.0000 1306 613 0.4694
9245.0000 1307 613 0.4690
9248.0000 1307 614 0.4698
9253.0000 1308 614 0.4694
9260.0000 1309 614 0.4691
9268.0000 1310 614 0.4687
9268.0000 1310 615 0.4695
9270.0000 1310 616 0.4702
9275.0000 1311 616 0.4699
9278.0000 1311 617 0.4706
9283.0000 1312 617 0.4703
9289.0000 1313 617 0.4699
9295.0000 1314 617 0.4696
9300.0000 1315 617 0.4692
9307.0000 1316 617 0.4688
9312.0000 1316 618 0.4696
9314.0000 1316 619 0.4704
9316.0000 1317 619 0.4700
9324.0000 1318 619 0.4697
9329.0000 1318 620 0.4704
9330.0000 1319 620 0.4701
9338.0000 1320 620 0.4697
9347.0000 1321 620 0.4693
9352.0000 1321 621 0.4701
9355.0000 1322 621 0.4697
9356.0000 1322 622 0.4705
9362.0000 1323 622 0.4701
9369.0000 1324 622 0.4698
9372.0000 1324 623 0.4705
9377.0000 1324 624 0.4713
9378.0000 1325 624 0.4709
9384.0000 1326 624 0.4706
9390.0000 1327 624 0.4702
9397.0000 1328 624 0.4699
9405.0000 1329 624 0.4695
9405.0000 1329 625 0.4703
9412.0000 1330 625 0.4699
9412.0000 1330 626 0.4707
9413.0000 1330 627 0.4714
9418.0000 1331 627 0.4711
9424.0000 1332 627 0.4707
9430.0000 1333 627 0.4704
9438.0000 1334 627 0.4700
9443.0000 1335 627 0.4697
9447.0000 1335 628 0.4704
9449.0000 1336 628 0.4701
9458.0000 1337 628 0.4697
9465.0000 1338 628 0.4694
9473.0000 1339 628 0.4690
9474.0000 1339 629 0.4698
9478.0000 1340 629 0.4694
9487.0000 1341 629 0.4691
9493.0000 1342 629 0.4687
9493.0000 1342 630 0.4694
9502.0000 1343 630 0.4691
9507.0000 1344 630 0.4688
9510.0000 1344 631 0.4695
9514.0000 1345 631 0.4691
9519.0000 1346 631 0.4688
9528.0000 1347 631 0.4684
9530.0000 1347 632 0.4692
9534.0000 1348 632 0.4688
9539.0000 1349 632 0.4685
9547.0000 1350 632 0.4681
9554.0000 1351 632 0.4678
9563.0000 1352 632 0.4675
9572.0000 1353 632 0.4671
9573.0000 1353 633 0.4678
9577.0000 1354 633 0.4675
9579.0000 1354 634 0.4682
9581.0000 1354 635 0.4690
9582.0000 1354 636 0.4697
9585.0000 1355 636 0.4694
9593.0000 1356 636 0.4690
9602.0000 1357 636 0.4687
9607.0000 1358 636 0.4683
9609.0000 1358 637 0.4691
9616.0000 1359 637 0.4687
9625.0000 1360 637 0.4684
9632.0000 1361 637 0.4680
9641.0000 1362 637 0.4677
9644.0000 1362 638 0.4684
9648.0000 1363 638 0.4681
9657.0000 1364 638 0.4677
9666.0000 1365 638 0.4674
9671.0000 1366 638 0.4671
9677.0000 1367 638 0.4667
9683.0000 1367 639 0.4674
9686.0000 1368 639 0.4671
9694.0000 1369 639 0.4668
9699.0000 1369 640 0.4675
9702.0000 1370 640 0.4672
9709.0000 1371 640 0.4668
9717.0000 1372 640 0.4665
9717.0000 1372 641 0.4672
9726.0000 1373 641 0.4669
9732.0000 1374 641 0.4665
9740.0000 1375 641 0.4662
9747.0000 1375 642 0.4669
9749.0000 1376 642 0.4666
9753.0000 1376 643 0.4673
9756.0000 1377 643 0.4670
9762.0000 1378 643 0.4666
9768.0000 1379 643 0.4663
9775.0000 1380 643 0.4659
9776.0000 1380 644 0.4667
9781.0000 1381 644 0.4663
9787.0000 1382 644 0.4660
9795.0000 1382 645 0.4667
9796.0000 1383 645 0.4664
9797.0000 1383 646 0.4671
9804.0000 1384 646 0.4668
9812.0000 1385 646 0.4664
9821.0000 1386 646 0.4661
9830.0000 1387 646 0.4658
9838.0000 1388 646 0.4654
9843.0000 1389 646 0.4651
9849.0000 1390 646 0.4647
9854.0000 1390 647 0.4655
9857.0000 1391 647 0.4651
9864.0000 1392 647 0.4648
9871.0000 1393 647 0.4645
9877.0000 1394 647 0.4641
9882.0000 1395 647 0.4638
9890.0000 1396 647 0.4635
9898.0000 1396 648 0.4642
9899.0000 1397 648 0.4639
9902.0000 1397 649 0.4646
9908.0000 1398 649 0.4642
9909.0000 1398 650 0.4649
9912.0000 1398 651 0.4657
9913.0000 1399 651 0.4653
9921.0000 1400 651 0.4650
9928.0000 1401 651 0.4647
9935.0000 1402 651 0.4643
9942.0000 1403 651 0.4640
9949.0000 1404 651 0.4637
9956.0000 1404 652 0.4644
9957.0000 1405 652 0.4641
9964.0000 1406 652 0.4637
9970.0000 1407 652 0.4634
9978.0000 1408 652 0.4631
9984.0000 1409 652 0.4627
9985.0000 1409 653 0.4634
9987.0000 1409 654 0.4642
9989.0000 1409 655 0.4649
9991.0000 1410 655 0.4645
9998.0000 1411 655 0.4642
