# Scenario da2_prophet2
# distance at msg send, delivery time, hop count, MSG_ID
43.5523 2.0000 1 M12
101.7647 85.0000 4 M6
140.0809 72.0000 4 M13
230.8805 16.0000 1 M22
1.9657 2.0000 1 M26
101.4562 24.0000 6 M25
211.3722 61.0000 3 M31
282.8726 39.0000 3 M35
186.2468 192.0000 4 M16
171.6993 102.0000 5 M43
66.7195 5.0000 2 M60
281.4473 16.0000 3 M62
272.7154 438.0000 2 M3
316.0716 343.0000 2 M17
70.0031 23.0000 2 M65
293.7744 232.0000 3 M40
231.2829 179.0000 4 M50
350.0309 78.0000 5 M66
150.6845 127.0000 4 M59
29.8161 3.0000 1 M80
53.4334 12.0000 2 M82
216.6734 470.0000 5 M19
350.0777 415.0000 3 M28
280.7793 94.0000 4 M79
127.6976 569.0000 2 M14
474.7254 340.0000 3 M47
561.6234 188.0000 2 M69
572.9417 338.0000 4 M49
510.3749 193.0000 5 M70
216.8735 431.0000 5 M37
555.9671 388.0000 6 M44
493.7789 691.0000 5 M1
369.3343 558.0000 5 M20
203.3015 341.0000 6 M55
261.4848 135.0000 3 M84
194.9640 382.0000 2 M53
376.7660 369.0000 3 M57
356.9096 251.0000 2 M74
311.9276 66.0000 2 M99
397.3981 731.0000 2 M7
351.0246 634.0000 7 M23
284.9636 499.0000 3 M42
209.7115 409.0000 3 M56
199.6743 198.0000 3 M85
166.0134 196.0000 3 M86
327.4486 344.0000 4 M67
594.4050 751.0000 8 M10
193.9447 78.0000 4 M105
273.8319 605.0000 3 M34
129.7199 53.0000 2 M111
512.2855 305.0000 1 M77
299.8346 665.0000 3 M27
311.3657 518.0000 2 M51
198.8988 148.0000 4 M103
180.3140 873.0000 3 M4
104.2110 55.0000 1 M122
206.9917 449.0000 4 M68
246.9571 175.0000 1 M108
273.0906 36.0000 2 M129
214.0168 724.0000 4 M33
168.1586 287.0000 2 M94
72.3044 320.0000 4 M90
342.9391 480.0000 2 M71
28.6580 4.0000 1 M140
320.0449 148.0000 2 M121
255.5067 42.0000 2 M137
458.5401 263.0000 4 M104
394.6089 709.0000 3 M45
249.3785 873.0000 4 M24
485.4688 144.0000 4 M128
117.3508 390.0000 3 M92
261.8291 527.0000 1 M76
274.1445 977.0000 1 M15
420.1918 71.0000 3 M145
416.4302 406.0000 4 M95
637.0811 899.0000 5 M29
275.0950 598.0000 4 M73
92.8143 42.0000 2 M153
112.3025 478.0000 3 M91
335.0038 121.0000 2 M151
417.8256 509.0000 1 M93
321.8478 416.0000 3 M109
222.0418 205.0000 4 M141
307.7532 603.0000 6 M83
170.2097 251.0000 4 M138
178.6095 416.0000 2 M114
69.7966 677.0000 2 M78
214.8935 384.0000 2 M120
422.5827 523.0000 6 M100
381.3233 317.0000 2 M131
635.8351 833.0000 4 M58
371.7244 297.0000 3 M135
246.5276 147.0000 2 M158
195.0723 86.0000 2 M166
575.2835 740.0000 4 M75
365.1460 577.0000 2 M96
287.6223 265.0000 3 M144
55.1960 4.0000 1 M181
273.1986 97.0000 2 M169
509.8821 360.0000 4 M134
438.4279 1250.0000 8 M9
776.0012 1114.0000 7 M30
269.4994 225.0000 2 M156
316.0090 140.0000 1 M173
257.0202 1284.0000 4 M11
195.2689 612.0000 4 M106
360.2795 485.0000 3 M125
193.1722 346.0000 4 M147
279.9711 333.0000 3 M149
394.5811 1082.0000 6 M41
3.9244 3.0000 1 M197
509.9637 566.0000 5 M115
255.6132 189.0000 2 M170
98.9767 158.0000 2 M175
196.0625 94.0000 2 M187
684.6804 713.0000 3 M97
235.0056 31.0000 1 M199
246.9467 160.0000 2 M180
568.9222 554.0000 3 M124
585.1632 611.0000 4 M116
578.0732 1189.0000 3 M36
179.3543 292.0000 2 M164
9.5979 2.0000 1 M206
215.6022 1075.0000 6 M54
395.8026 1306.0000 3 M21
112.6866 98.0000 3 M195
39.7313 289.0000 3 M167
200.5747 248.0000 5 M176
128.9700 444.0000 4 M150
126.5953 249.0000 3 M178
170.7809 316.0000 4 M168
321.4900 18.0000 1 M211
373.8700 1450.0000 4 M8
42.8959 3.0000 1 M214
461.9632 1501.0000 3 M2
85.5728 800.0000 4 M101
162.4350 120.0000 2 M202
179.6725 103.0000 1 M205
149.0709 932.0000 6 M88
126.6407 37.0000 1 M217
147.8204 459.0000 3 M161
241.5481 135.0000 1 M207
298.2924 309.0000 4 M183
79.1977 234.0000 4 M194
209.9788 29.0000 1 M223
151.4537 57.0000 1 M221
35.9934 21.0000 1 M229
60.4977 60.0000 2 M224
92.2838 581.0000 1 M152
312.0307 51.0000 1 M227
135.2666 195.0000 3 M208
743.5056 1458.0000 6 M32
192.0962 170.0000 4 M215
136.7353 386.0000 4 M186
530.8091 1081.0000 6 M87
422.2762 479.0000 3 M174
137.6972 334.0000 3 M196
348.0030 388.0000 2 M189
147.2537 309.0000 3 M201
290.0850 554.0000 2 M165
48.7124 641.0000 3 M154
37.4106 3.0000 1 M245
330.5456 1607.0000 2 M18
326.2359 1296.0000 2 M63
396.3420 446.0000 2 M188
126.1038 512.0000 4 M184
129.6593 264.0000 1 M219
295.8361 199.0000 1 M235
150.6350 534.0000 4 M191
144.8050 452.0000 5 M203
87.7969 21.0000 1 M264
135.6526 205.0000 2 M242
2.1561 2.0000 1 M270
218.9576 337.0000 3 M226
395.5088 42.0000 2 M267
361.5241 352.0000 2 M225
192.0220 225.0000 2 M248
164.7091 102.0000 1 M271
499.6542 995.0000 6 M148
151.7384 176.0000 2 M263
331.9889 1106.0000 7 M133
92.7174 116.0000 3 M272
506.8388 1791.0000 4 M38
223.8528 233.0000 1 M260
283.6215 868.0000 6 M172
596.4131 1805.0000 8 M39
154.1504 433.0000 2 M234
422.8052 278.0000 3 M258
188.9471 294.0000 3 M256
128.7948 126.0000 3 M279
37.8651 3.0000 1 M297
169.5282 36.0000 2 M293
82.7264 333.0000 4 M252
27.4184 7.0000 1 M299
292.4572 241.0000 1 M266
190.3352 150.0000 1 M280
167.8294 124.0000 2 M285
104.1354 85.0000 1 M291
172.8893 113.0000 1 M288
20.2086 2.0000 1 M304
135.8306 199.0000 2 M278
86.3479 103.0000 1 M295
330.9389 383.0000 1 M257
239.4039 88.0000 1 M298
12.2093 31.0000 1 M310
187.2402 14.0000 1 M315
100.7318 75.0000 2 M309
331.8331 566.0000 2 M246
379.7517 265.0000 2 M296
148.4171 93.0000 3 M321
237.0125 690.0000 2 M239
90.2456 30.0000 1 M332
181.0672 915.0000 4 M210
123.9494 235.0000 2 M307
181.6574 51.0000 1 M336
24.7596 2.0000 1 M343
121.9373 284.0000 3 M306
101.5886 128.0000 2 M329
243.3031 52.0000 1 M341
106.3251 77.0000 2 M339
240.0692 513.0000 3 M290
121.9408 259.0000 3 M326
164.1627 308.0000 3 M319
282.6215 258.0000 2 M327
256.7623 623.0000 5 M276
203.4206 316.0000 2 M322
243.6818 158.0000 2 M345
335.1917 204.0000 2 M340
142.4611 157.0000 1 M351
26.8722 3.0000 1 M378
48.9108 231.0000 3 M347
528.2434 93.0000 1 M367
108.9845 178.0000 2 M356
553.7387 47.0000 2 M384
176.0887 781.0000 4 M283
184.6254 636.0000 4 M305
465.8508 48.0000 1 M395
347.6454 183.0000 1 M380
20.1107 6.0000 1 M405
134.8751 396.0000 1 M355
83.9309 28.0000 2 M409
249.0536 203.0000 3 M386
313.0394 389.0000 2 M359
321.7212 482.0000 2 M353
336.5710 234.0000 2 M392
435.9212 502.0000 2 M354
102.5351 64.0000 2 M419
117.3952 64.0000 1 M421
48.6902 32.0000 1 M427
339.7756 219.0000 2 M403
159.6167 291.0000 3 M396
257.1871 269.0000 1 M400
114.2506 45.0000 1 M432
80.5918 309.0000 3 M398
138.9148 36.0000 1 M437
299.1517 1455.0000 7 M238
327.2208 462.0000 2 M381
185.7187 281.0000 2 M407
87.4842 539.0000 2 M373
115.8488 146.0000 1 M430
52.9224 27.0000 1 M451
176.7583 63.0000 2 M450
253.3608 1037.0000 2 M313
142.0945 104.0000 1 M448
105.4446 18.0000 1 M460
237.9373 221.0000 3 M433
136.9701 283.0000 3 M425
266.4541 260.0000 1 M428
187.1372 148.0000 2 M444
268.0735 105.0000 1 M454
168.3445 138.0000 1 M459
148.4740 115.0000 1 M466
360.6227 496.0000 1 M415
78.2525 196.0000 2 M464
245.0394 266.0000 1 M456
199.9706 384.0000 2 M442
362.2156 204.0000 3 M470
28.4476 2.0000 1 M502
117.9726 221.0000 1 M472
233.1418 19.0000 1 M508
192.9305 98.0000 2 M499
118.7439 118.0000 2 M497
305.3142 359.0000 3 M468
34.9556 3.0000 1 M519
262.2064 171.0000 1 M495
307.5729 102.0000 1 M505
212.2484 362.0000 1 M471
38.1360 2.0000 1 M524
186.7383 208.0000 2 M494
127.6615 294.0000 1 M483
145.0233 87.0000 1 M513
228.1493 129.0000 1 M507
336.9504 174.0000 2 M504
81.4215 29.0000 1 M526
176.5429 125.0000 1 M511
436.2520 616.0000 2 M443
75.3204 423.0000 1 M469
269.5995 17.0000 1 M528
310.3083 259.0000 1 M493
296.0809 152.0000 1 M509
223.4248 139.0000 2 M515
338.9872 126.0000 2 M517
124.4770 541.0000 4 M465
162.4637 381.0000 1 M491
312.2211 332.0000 4 M500
43.0941 3.0000 1 M548
130.3681 868.0000 5 M429
22.8350 34.0000 1 M549
138.3943 108.0000 2 M540
5.6812 7.0000 1 M560
189.8816 691.0000 2 M463
224.9970 178.0000 1 M536
160.1644 253.0000 1 M527
153.6666 206.0000 2 M534
95.7033 58.0000 2 M557
177.1662 59.0000 1 M558
279.0668 633.0000 3 M481
182.7756 241.0000 2 M538
127.3940 72.0000 1 M563
278.1473 440.0000 3 M516
144.0465 46.0000 1 M572
7.5619 35.0000 1 M574
170.7099 439.0000 2 M518
250.3767 269.0000 3 M546
57.2635 21.0000 2 M583
108.3427 139.0000 1 M571
233.4059 246.0000 2 M556
180.9291 273.0000 2 M552
140.4366 533.0000 2 M522
97.7896 722.0000 1 M496
46.1714 226.0000 2 M568
95.4708 12.0000 1 M598
328.1636 347.0000 1 M553
140.9947 126.0000 2 M589
225.8215 201.0000 2 M582
6.1709 78.0000 2 M601
388.2383 107.0000 1 M597
91.2010 58.0000 1 M605
242.6711 100.0000 1 M600
200.4004 33.0000 1 M611
151.8540 89.0000 1 M609
18.5036 16.0000 1 M621
76.8223 57.0000 2 M616
40.9595 4.0000 1 M625
138.9845 52.0000 2 M620
178.2499 208.0000 1 M599
11.1552 3.0000 1 M630
47.1158 31.0000 2 M628
124.4279 1017.0000 1 M488
66.8819 15.0000 2 M640
129.4162 389.0000 1 M586
171.0963 63.0000 1 M634
280.9715 116.0000 1 M629
164.9284 117.0000 2 M632
8.6381 96.0000 2 M637
254.6866 447.0000 3 M594
77.2652 53.0000 1 M656
241.1200 583.0000 2 M580
160.7807 637.0000 3 M576
30.3846 333.0000 5 M622
105.3065 160.0000 3 M648
228.4574 449.0000 2 M607
284.4460 282.0000 1 M635
406.8058 65.0000 2 M672
200.1778 256.0000 2 M650
95.5487 181.0000 1 M665
328.6009 246.0000 2 M658
52.5961 26.0000 1 M690
29.0714 326.0000 2 M657
234.8901 378.0000 3 M654
215.9490 229.0000 1 M675
209.8232 76.0000 1 M703
40.4185 2.0000 1 M714
535.7480 99.0000 1 M701
54.9377 338.0000 2 M668
346.1935 252.0000 2 M680
31.5946 2.0000 1 M718
202.0739 367.0000 2 M667
226.8191 242.0000 2 M685
223.8610 208.0000 2 M694
246.6964 167.0000 3 M702
95.4813 302.0000 4 M684
54.5000 47.0000 3 M722
401.1958 414.0000 2 M670
221.3733 348.0000 3 M682
268.8621 109.0000 1 M716
223.2442 899.0000 3 M602
189.3528 402.0000 1 M681
198.5542 216.0000 1 M710
288.8440 180.0000 2 M717
57.2591 31.0000 2 M738
90.6403 156.0000 1 M726
398.4243 96.0000 1 M736
334.5133 339.0000 1 M704
206.5472 191.0000 2 M730
152.4520 96.0000 1 M744
221.0071 373.0000 4 M707
205.0832 365.0000 1 M712
236.3279 374.0000 2 M713
131.3319 729.0000 3 M676
69.0628 48.0000 2 M774
272.8193 1252.0000 6 M610
29.3985 4.0000 1 M790
36.1542 217.0000 3 M761
232.7678 177.0000 2 M770
238.3605 54.0000 2 M789
150.3497 180.0000 3 M776
79.4480 75.0000 1 M792
152.1243 74.0000 2 M798
98.3050 65.0000 1 M804
96.7908 272.0000 2 M787
395.9066 331.0000 2 M780
242.8424 273.0000 3 M788
41.7037 3.0000 1 M828
186.2043 165.0000 1 M806
407.4654 888.0000 3 M711
29.0441 47.0000 1 M829
105.1386 58.0000 2 M833
194.9588 365.0000 3 M791
192.5715 481.0000 2 M781
54.0962 76.0000 1 M844
239.2935 1149.0000 3 M696
7.9632 10.0000 1 M859
118.4242 177.0000 2 M839
113.8629 103.0000 1 M851
247.5081 208.0000 2 M836
183.4754 299.0000 1 M825
31.0668 191.0000 2 M841
271.0839 112.0000 2 M852
233.9439 71.0000 1 M860
465.6859 482.0000 4 M811
230.3629 176.0000 2 M857
188.2289 225.0000 1 M855
112.7733 117.0000 1 M880
118.3425 246.0000 3 M862
175.8662 204.0000 1 M868
513.4354 78.0000 3 M891
74.8856 201.0000 2 M874
119.1203 268.0000 1 M872
139.8694 160.0000 2 M890
447.8947 232.0000 2 M882
119.5773 14.0000 1 M916
153.6730 241.0000 2 M887
48.7302 6.0000 1 M923
405.3885 281.0000 2 M885
89.2730 16.0000 2 M925
249.9508 57.0000 1 M920
15.5997 10.0000 1 M934
134.7100 44.0000 1 M930
228.6505 129.0000 1 M919
219.6083 884.0000 4 M822
181.1457 482.0000 3 M877
283.0421 686.0000 3 M849
121.8231 416.0000 3 M888
121.6585 128.0000 2 M929
103.6671 331.0000 1 M905
166.1705 221.0000 2 M922
140.6159 126.0000 1 M939
267.4947 116.0000 1 M942
182.3725 362.0000 1 M907
48.2170 30.0000 1 M956
132.1637 125.0000 1 M946
64.0791 745.0000 2 M864
77.1801 144.0000 1 M952
159.7456 168.0000 2 M953
177.7418 502.0000 1 M906
396.0934 488.0000 2 M909
108.1323 142.0000 2 M959
282.6242 692.0000 2 M884
425.1814 219.0000 2 M957
243.2125 121.0000 1 M979
20.7780 65.0000 1 M989
180.1815 43.0000 1 M992
118.7549 52.0000 2 M993
223.9778 703.0000 3 M902
213.2350 211.0000 3 M976
117.9992 257.0000 3 M969
154.9251 165.0000 1 M983
267.2773 664.0000 3 M913
374.9915 81.0000 3 M997
244.8332 105.0000 2 M994
249.7394 1530.0000 6 M796
58.1760 93.0000 1 M1009
86.4774 243.0000 2 M990
263.0647 76.0000 1 M1016
355.6413 550.0000 4 M951
273.1444 1224.0000 5 M858
18.7320 31.0000 1 M1027
499.7788 518.0000 3 M966
124.9025 545.0000 1 M963
136.2429 513.0000 1 M968
136.9260 414.0000 3 M984
53.2167 40.0000 1 M1038
18.2290 30.0000 1 M1040
485.5205 82.0000 2 M1043
184.6226 127.0000 1 M1039
192.7922 117.0000 1 M1048
75.7830 339.0000 6 M1017
17.1601 3.0000 1 M1068
65.3454 284.0000 1 M1030
148.8558 21.0000 1 M1073
67.6626 164.0000 2 M1056
185.2101 142.0000 2 M1064
242.6740 305.0000 2 M1041
103.3643 20.0000 1 M1093
49.0966 4.0000 2 M1099
240.4069 227.0000 1 M1070
110.9418 373.0000 1 M1052
151.1982 473.0000 1 M1045
317.3102 550.0000 2 M1036
167.7331 274.0000 2 M1080
54.7377 63.0000 1 M1116
99.0620 19.0000 1 M1124
232.2521 654.0000 2 M1037
213.0553 133.0000 1 M1114
364.1330 794.0000 2 M1023
297.5906 384.0000 2 M1089
152.1342 873.0000 3 M1020
105.3005 95.0000 2 M1135
402.4867 477.0000 2 M1084
142.6087 107.0000 2 M1137
158.4286 156.0000 1 M1133
74.5483 275.0000 2 M1121
251.2608 185.0000 1 M1134
331.3859 135.0000 2 M1147
449.5011 180.0000 2 M1145
345.3275 767.0000 6 M1060
155.0260 155.0000 1 M1152
341.4586 357.0000 2 M1125
189.7478 197.0000 1 M1149
60.5617 140.0000 1 M1157
260.8076 496.0000 3 M1106
309.0886 280.0000 1 M1142
63.5453 10.0000 2 M1180
232.4859 308.0000 1 M1143
104.8094 274.0000 2 M1148
333.7326 34.0000 1 M1184
266.8603 171.0000 1 M1166
29.3921 3.0000 1 M1193
81.4547 44.0000 2 M1189
43.1057 3.0000 1 M1197
28.9775 3.0000 1 M1202
159.0267 948.0000 2 M1071
82.3979 296.0000 1 M1165
102.6519 236.0000 1 M1173
259.3175 117.0000 1 M1192
244.3396 290.0000 3 M1171
242.2792 152.0000 2 M1196
360.0304 237.0000 1 M1185
106.4747 470.0000 3 M1154
63.0553 7.0000 2 M1221
267.2076 297.0000 2 M1183
103.2871 685.0000 3 M1132
267.7438 252.0000 1 M1198
405.9334 572.0000 2 M1155
170.0481 56.0000 1 M1229
204.8772 251.0000 1 M1203
164.7136 57.0000 1 M1233
81.3183 40.0000 1 M1237
240.6035 194.0000 2 M1216
194.9968 151.0000 1 M1222
224.9324 228.0000 2 M1217
197.7591 190.0000 1 M1225
157.9124 98.0000 2 M1242
168.2886 203.0000 2 M1232
435.3753 670.0000 3 M1167
172.9952 313.0000 4 M1219
201.0882 115.0000 1 M1249
513.1653 693.0000 2 M1169
136.9176 397.0000 2 M1213
198.2347 85.0000 1 M1259
132.4323 625.0000 3 M1182
92.3300 207.0000 1 M1246
73.2678 13.0000 2 M1275
84.2422 129.0000 2 M1260
33.3925 2.0000 1 M1280
498.0505 392.0000 2 M1228
199.0739 85.0000 1 M1273
417.4820 203.0000 2 M1258
314.6610 176.0000 1 M1263
356.3418 3878.0000 10 M748
78.3198 67.0000 2 M1288
86.2206 78.0000 1 M1289
580.0815 187.0000 2 M1276
164.9264 40.0000 2 M1298
262.7787 624.0000 3 M1215
93.4614 65.0000 2 M1295
165.0465 101.0000 1 M1297
158.9043 219.0000 1 M1281
179.0882 181.0000 1 M1293
193.8753 237.0000 3 M1285
122.3418 326.0000 2 M1278
308.6083 152.0000 2 M1304
318.5021 930.0000 3 M1195
99.6821 235.0000 2 M1294
89.6323 190.0000 1 M1301
462.6623 109.0000 1 M1313
69.8577 69.0000 1 M1321
207.8989 161.0000 2 M1316
121.7763 105.0000 1 M1329
61.6151 650.0000 3 M1255
98.9333 456.0000 1 M1283
114.1756 146.0000 1 M1351
343.8930 75.0000 2 M1362
142.7600 333.0000 2 M1328
183.4630 171.0000 1 M1354
304.9049 906.0000 4 M1253
47.4343 100.0000 2 M1368
361.0520 27.0000 1 M1379
210.6565 953.0000 5 M1254
435.9433 324.0000 1 M1345
13.8469 2.0000 1 M1389
240.3841 463.0000 1 M1327
274.5329 310.0000 2 M1352
110.7880 73.0000 1 M1384
507.5078 332.0000 1 M1350
76.2285 45.0000 2 M1388
245.8245 640.0000 2 M1310
212.6973 302.0000 1 M1359
480.3199 173.0000 1 M1385
232.7752 -1.0000 -1 M81
491.9995 -1.0000 -1 M89
352.4277 -1.0000 -1 M98
483.6477 -1.0000 -1 M810
257.0220 -1.0000 -1 M815
529.1293 -1.0000 -1 M814
483.6176 -1.0000 -1 M813
498.1121 -1.0000 -1 M812
389.3185 -1.0000 -1 M819
320.7592 -1.0000 -1 M818
358.8857 -1.0000 -1 M817
380.9012 -1.0000 -1 M816
297.0237 -1.0000 -1 M800
314.5413 -1.0000 -1 M803
373.6221 -1.0000 -1 M802
408.3213 -1.0000 -1 M801
358.5659 -1.0000 -1 M808
233.1599 -1.0000 -1 M807
345.5605 -1.0000 -1 M805
312.8075 -1.0000 -1 M809
601.5156 -1.0000 -1 M832
254.9885 -1.0000 -1 M831
472.0293 -1.0000 -1 M830
151.4286 -1.0000 -1 M837
222.1296 -1.0000 -1 M835
492.9171 -1.0000 -1 M834
255.5059 -1.0000 -1 M838
391.3491 -1.0000 -1 M1305
253.1032 -1.0000 -1 M1306
300.1963 -1.0000 -1 M1307
252.3838 -1.0000 -1 M1308
305.9664 -1.0000 -1 M1302
495.0958 -1.0000 -1 M1303
383.4701 -1.0000 -1 M821
317.8922 -1.0000 -1 M820
211.2596 -1.0000 -1 M826
134.0423 -1.0000 -1 M1309
315.3700 -1.0000 -1 M824
236.1485 -1.0000 -1 M823
172.0450 -1.0000 -1 M827
141.4914 -1.0000 -1 M1300
365.2775 -1.0000 -1 M850
311.6986 -1.0000 -1 M613
405.6775 -1.0000 -1 M612
275.3331 -1.0000 -1 M854
342.5176 -1.0000 -1 M853
169.8953 -1.0000 -1 M617
201.5455 -1.0000 -1 M615
232.4432 -1.0000 -1 M614
320.6247 -1.0000 -1 M856
251.8027 -1.0000 -1 M619
230.7905 -1.0000 -1 M618
135.8702 -1.0000 -1 M840
241.7649 -1.0000 -1 M843
130.9901 -1.0000 -1 M842
508.9224 -1.0000 -1 M606
471.3119 -1.0000 -1 M848
620.4327 -1.0000 -1 M847
187.6606 -1.0000 -1 M604
440.8163 -1.0000 -1 M846
188.8497 -1.0000 -1 M603
279.8569 -1.0000 -1 M845
574.7751 -1.0000 -1 M608
200.8124 -1.0000 -1 M1338
264.8235 -1.0000 -1 M1339
437.1496 -1.0000 -1 M631
391.0785 -1.0000 -1 M873
144.8021 -1.0000 -1 M1334
303.9934 -1.0000 -1 M1335
351.9907 -1.0000 -1 M871
266.2786 -1.0000 -1 M1336
694.4249 -1.0000 -1 M870
172.3572 -1.0000 -1 M1337
385.0708 -1.0000 -1 M5
404.7633 -1.0000 -1 M876
213.6636 -1.0000 -1 M633
661.5350 -1.0000 -1 M875
211.6445 -1.0000 -1 M639
570.1547 -1.0000 -1 M638
113.0175 -1.0000 -1 M879
283.1780 -1.0000 -1 M636
343.0374 -1.0000 -1 M878
449.6116 -1.0000 -1 M1330
210.5412 -1.0000 -1 M1331
281.8205 -1.0000 -1 M1332
107.1298 -1.0000 -1 M1333
280.9643 -1.0000 -1 M1107
454.8343 -1.0000 -1 M1349
254.6932 -1.0000 -1 M1108
290.8674 -1.0000 -1 M1109
363.9995 -1.0000 -1 M1103
106.6587 -1.0000 -1 M861
426.9270 -1.0000 -1 M1104
169.7989 -1.0000 -1 M1346
175.8495 -1.0000 -1 M1105
602.1066 -1.0000 -1 M1347
459.0998 -1.0000 -1 M1348
141.2001 -1.0000 -1 M624
174.8419 -1.0000 -1 M866
49.0654 -1.0000 -1 M623
325.8559 -1.0000 -1 M865
140.2481 -1.0000 -1 M863
627.2312 -1.0000 -1 M627
385.9509 -1.0000 -1 M869
256.9163 -1.0000 -1 M626
315.0542 -1.0000 -1 M867
601.9053 -1.0000 -1 M1341
262.8595 -1.0000 -1 M1100
189.3098 -1.0000 -1 M1342
490.9812 -1.0000 -1 M1101
202.3513 -1.0000 -1 M1343
482.4652 -1.0000 -1 M1102
121.0862 -1.0000 -1 M1344
322.3228 -1.0000 -1 M1340
354.3943 -1.0000 -1 M1317
92.0081 -1.0000 -1 M1318
122.9315 -1.0000 -1 M1319
312.2968 -1.0000 -1 M411
547.5436 -1.0000 -1 M653
264.1052 -1.0000 -1 M895
220.7951 -1.0000 -1 M1312
420.2607 -1.0000 -1 M410
135.8786 -1.0000 -1 M652
436.1148 -1.0000 -1 M894
471.3559 -1.0000 -1 M651
251.1039 -1.0000 -1 M893
290.7175 -1.0000 -1 M1314
406.3315 -1.0000 -1 M892
453.1998 -1.0000 -1 M1315
251.0718 -1.0000 -1 M899
214.2054 -1.0000 -1 M414
189.9390 -1.0000 -1 M898
592.5254 -1.0000 -1 M413
281.1495 -1.0000 -1 M655
323.0127 -1.0000 -1 M897
470.0885 -1.0000 -1 M412
381.9125 -1.0000 -1 M896
280.1715 -1.0000 -1 M418
288.2194 -1.0000 -1 M417
537.7502 -1.0000 -1 M659
261.0684 -1.0000 -1 M416
309.0586 -1.0000 -1 M1311
304.4009 -1.0000 -1 M642
496.6156 -1.0000 -1 M1323
19.6672 -1.0000 -1 M641
454.6364 -1.0000 -1 M883
218.1569 -1.0000 -1 M1324
262.3246 -1.0000 -1 M1325
201.3590 -1.0000 -1 M881
197.9248 -1.0000 -1 M1326
496.8517 -1.0000 -1 M404
587.6857 -1.0000 -1 M646
472.3420 -1.0000 -1 M645
124.2189 -1.0000 -1 M402
284.0207 -1.0000 -1 M644
390.2864 -1.0000 -1 M886
301.7866 -1.0000 -1 M401
323.2351 -1.0000 -1 M643
240.5468 -1.0000 -1 M408
536.2398 -1.0000 -1 M649
164.2994 -1.0000 -1 M406
354.1620 -1.0000 -1 M647
279.4433 -1.0000 -1 M889
624.0969 -1.0000 -1 M1320
87.4347 -1.0000 -1 M1322
601.2115 -1.0000 -1 M671
634.7681 -1.0000 -1 M1136
243.5358 -1.0000 -1 M1378
227.9822 -1.0000 -1 M674
388.3326 -1.0000 -1 M431
472.5253 -1.0000 -1 M673
499.8624 -1.0000 -1 M1138
272.8632 -1.0000 -1 M1139
244.9252 -1.0000 -1 M679
339.8710 -1.0000 -1 M436
381.3949 -1.0000 -1 M678
261.8083 -1.0000 -1 M435
481.9408 -1.0000 -1 M677
141.4904 -1.0000 -1 M434
373.8695 -1.0000 -1 M439
332.1316 -1.0000 -1 M438
428.4759 -1.0000 -1 M1374
188.0451 -1.0000 -1 M1375
358.3134 -1.0000 -1 M1376
238.4908 -1.0000 -1 M1377
416.0641 -1.0000 -1 M1370
453.0678 -1.0000 -1 M1371
100.5800 -1.0000 -1 M1130
221.6582 -1.0000 -1 M1372
351.0735 -1.0000 -1 M1131
463.1764 -1.0000 -1 M1373
373.9812 -1.0000 -1 M660
349.1627 -1.0000 -1 M422
297.9905 -1.0000 -1 M664
415.5005 -1.0000 -1 M663
533.2857 -1.0000 -1 M420
108.9530 -1.0000 -1 M662
252.7090 -1.0000 -1 M661
453.1480 -1.0000 -1 M426
230.4960 -1.0000 -1 M424
323.9612 -1.0000 -1 M666
245.1939 -1.0000 -1 M423
526.7796 -1.0000 -1 M669
416.0726 -1.0000 -1 M1380
471.6230 -1.0000 -1 M1144
47.5635 -1.0000 -1 M1386
230.6409 -1.0000 -1 M1387
468.8229 -1.0000 -1 M1146
318.7037 -1.0000 -1 M1381
614.7648 -1.0000 -1 M1140
545.8331 -1.0000 -1 M1382
408.9630 -1.0000 -1 M1141
243.6783 -1.0000 -1 M1383
307.8486 -1.0000 -1 M693
459.7662 -1.0000 -1 M1118
260.4371 -1.0000 -1 M692
354.2681 -1.0000 -1 M1119
204.0650 -1.0000 -1 M691
258.2918 -1.0000 -1 M213
482.0649 -1.0000 -1 M455
122.8880 -1.0000 -1 M697
379.0252 -1.0000 -1 M1356
282.9454 -1.0000 -1 M212
271.9275 -1.0000 -1 M1115
153.0210 -1.0000 -1 M1357
421.1074 -1.0000 -1 M453
387.9797 -1.0000 -1 M695
472.4339 -1.0000 -1 M1358
463.2790 -1.0000 -1 M452
441.8731 -1.0000 -1 M1117
341.2380 -1.0000 -1 M216
458.1899 -1.0000 -1 M458
221.5580 -1.0000 -1 M457
319.9693 -1.0000 -1 M699
226.6238 -1.0000 -1 M698
382.4605 -1.0000 -1 M218
252.7336 -1.0000 -1 M1110
507.5526 -1.0000 -1 M1111
530.9224 -1.0000 -1 M1353
631.0704 -1.0000 -1 M1112
278.8539 -1.0000 -1 M1113
190.7145 -1.0000 -1 M1355
504.4052 -1.0000 -1 M440
438.1356 -1.0000 -1 M1129
441.8949 -1.0000 -1 M686
194.8973 -1.0000 -1 M1367
471.1122 -1.0000 -1 M1126
473.1839 -1.0000 -1 M200
165.3185 -1.0000 -1 M1127
190.9209 -1.0000 -1 M1369
147.7812 -1.0000 -1 M441
651.7694 -1.0000 -1 M683
586.9291 -1.0000 -1 M1128
206.7963 -1.0000 -1 M447
506.5390 -1.0000 -1 M689
237.7552 -1.0000 -1 M204
286.6325 -1.0000 -1 M446
553.0323 -1.0000 -1 M688
341.7213 -1.0000 -1 M445
661.1940 -1.0000 -1 M687
608.3410 -1.0000 -1 M209
332.0407 -1.0000 -1 M449
258.3154 -1.0000 -1 M1363
424.3214 -1.0000 -1 M1122
729.7232 -1.0000 -1 M1364
502.4775 -1.0000 -1 M1123
480.5495 -1.0000 -1 M1365
270.9032 -1.0000 -1 M1366
478.7895 -1.0000 -1 M1360
162.7353 -1.0000 -1 M1361
213.0601 -1.0000 -1 M1120
350.5400 -1.0000 -1 M231
464.3092 -1.0000 -1 M473
230.7751 -1.0000 -1 M230
199.8174 -1.0000 -1 M477
510.8375 -1.0000 -1 M476
257.8995 -1.0000 -1 M233
509.0445 -1.0000 -1 M475
236.3065 -1.0000 -1 M232
393.4238 -1.0000 -1 M474
314.1992 -1.0000 -1 M237
121.6400 -1.0000 -1 M479
268.9529 -1.0000 -1 M236
555.6367 -1.0000 -1 M478
523.4316 -1.0000 -1 M1170
198.4207 -1.0000 -1 M1176
129.0769 -1.0000 -1 M1177
515.7420 -1.0000 -1 M1178
64.0133 -1.0000 -1 M1179
320.7224 -1.0000 -1 M480
341.1913 -1.0000 -1 M1172
355.3458 -1.0000 -1 M1174
143.8676 -1.0000 -1 M1175
254.1855 -1.0000 -1 M220
358.4019 -1.0000 -1 M462
277.5857 -1.0000 -1 M461
429.4361 -1.0000 -1 M222
437.7446 -1.0000 -1 M228
271.0902 -1.0000 -1 M467
188.9813 -1.0000 -1 M1181
449.8724 -1.0000 -1 M1187
262.0903 -1.0000 -1 M1188
340.8840 -1.0000 -1 M1186
234.8494 -1.0000 -1 M253
161.8460 -1.0000 -1 M251
144.5178 -1.0000 -1 M250
164.1909 -1.0000 -1 M492
299.5846 -1.0000 -1 M1158
460.7292 -1.0000 -1 M498
569.9697 -1.0000 -1 M1159
268.7096 -1.0000 -1 M255
494.3300 -1.0000 -1 M254
389.2364 -1.0000 -1 M259
253.0325 -1.0000 -1 M1390
660.7706 -1.0000 -1 M1391
91.8188 -1.0000 -1 M1396
227.3204 -1.0000 -1 M1397
171.4410 -1.0000 -1 M1156
282.2006 -1.0000 -1 M1398
153.6952 -1.0000 -1 M1399
246.4967 -1.0000 -1 M1150
519.1862 -1.0000 -1 M1392
193.7037 -1.0000 -1 M1151
359.1487 -1.0000 -1 M1393
248.1331 -1.0000 -1 M1394
411.7181 -1.0000 -1 M1153
174.3359 -1.0000 -1 M1395
301.8879 -1.0000 -1 M484
234.0720 -1.0000 -1 M241
462.2585 -1.0000 -1 M240
249.0451 -1.0000 -1 M482
140.2190 -1.0000 -1 M487
441.2925 -1.0000 -1 M244
93.2283 -1.0000 -1 M486
421.4104 -1.0000 -1 M243
79.7117 -1.0000 -1 M485
369.7131 -1.0000 -1 M249
424.6174 -1.0000 -1 M247
309.1469 -1.0000 -1 M489
368.4888 -1.0000 -1 M1160
209.8094 -1.0000 -1 M1168
167.0146 -1.0000 -1 M1161
282.1814 -1.0000 -1 M490
530.2004 -1.0000 -1 M1162
142.9765 -1.0000 -1 M1163
222.4484 -1.0000 -1 M1164
199.0788 -1.0000 -1 M275
407.1160 -1.0000 -1 M274
230.5910 -1.0000 -1 M273
299.0605 -1.0000 -1 M277
567.3815 -1.0000 -1 M282
74.9126 -1.0000 -1 M281
363.0449 -1.0000 -1 M262
427.3024 -1.0000 -1 M261
483.6969 -1.0000 -1 M268
308.7074 -1.0000 -1 M265
318.1451 -1.0000 -1 M269
596.4101 -1.0000 -1 M294
243.0961 -1.0000 -1 M1190
241.9790 -1.0000 -1 M1191
289.9318 -1.0000 -1 M1199
215.7825 -1.0000 -1 M1194
230.4907 -1.0000 -1 M286
423.7903 -1.0000 -1 M284
679.3517 -1.0000 -1 M289
266.2510 -1.0000 -1 M287
475.7541 -1.0000 -1 M292
280.9976 -1.0000 -1 M910
3.1735 -1.0000 -1 M914
243.0635 -1.0000 -1 M912
492.2876 -1.0000 -1 M911
334.6429 -1.0000 -1 M918
556.7914 -1.0000 -1 M917
349.1592 -1.0000 -1 M915
143.5024 -1.0000 -1 M903
109.0271 -1.0000 -1 M901
203.9641 -1.0000 -1 M900
194.9051 -1.0000 -1 M904
390.6980 -1.0000 -1 M908
369.0006 -1.0000 -1 M932
222.3993 -1.0000 -1 M931
463.5797 -1.0000 -1 M936
163.6875 -1.0000 -1 M935
226.5602 -1.0000 -1 M933
349.9604 -1.0000 -1 M938
82.2102 -1.0000 -1 M937
469.3493 -1.0000 -1 M921
417.9088 -1.0000 -1 M924
391.2945 -1.0000 -1 M928
328.4200 -1.0000 -1 M927
468.0976 -1.0000 -1 M926
508.5262 -1.0000 -1 M950
219.5945 -1.0000 -1 M1411
355.7960 -1.0000 -1 M954
171.8966 -1.0000 -1 M958
307.3066 -1.0000 -1 M715
313.2896 -1.0000 -1 M955
530.4743 -1.0000 -1 M719
297.1274 -1.0000 -1 M1410
256.6386 -1.0000 -1 M943
490.3090 -1.0000 -1 M700
293.6003 -1.0000 -1 M941
262.8873 -1.0000 -1 M940
90.2699 -1.0000 -1 M705
74.7212 -1.0000 -1 M947
212.3390 -1.0000 -1 M945
204.3350 -1.0000 -1 M944
372.8212 -1.0000 -1 M709
626.0358 -1.0000 -1 M708
527.5954 -1.0000 -1 M949
350.4399 -1.0000 -1 M706
207.2681 -1.0000 -1 M948
204.7021 -1.0000 -1 M972
217.2299 -1.0000 -1 M971
315.0746 -1.0000 -1 M970
456.3549 -1.0000 -1 M734
499.7411 -1.0000 -1 M733
327.6850 -1.0000 -1 M975
432.6769 -1.0000 -1 M732
176.1293 -1.0000 -1 M974
165.6196 -1.0000 -1 M731
154.1751 -1.0000 -1 M973
171.0868 -1.0000 -1 M737
534.0482 -1.0000 -1 M978
344.0412 -1.0000 -1 M735
312.2583 -1.0000 -1 M977
87.4640 -1.0000 -1 M739
75.8174 -1.0000 -1 M1404
433.8691 -1.0000 -1 M1405
437.6661 -1.0000 -1 M1406
311.2649 -1.0000 -1 M1407
247.7060 -1.0000 -1 M961
187.7499 -1.0000 -1 M1400
190.1179 -1.0000 -1 M960
386.3395 -1.0000 -1 M1401
134.1936 -1.0000 -1 M1402
321.3431 -1.0000 -1 M1403
3.6589 -1.0000 -1 M723
173.5490 -1.0000 -1 M965
514.4262 -1.0000 -1 M964
264.2730 -1.0000 -1 M721
264.0652 -1.0000 -1 M720
198.7914 -1.0000 -1 M962
324.5334 -1.0000 -1 M727
140.0365 -1.0000 -1 M1408
136.6883 -1.0000 -1 M1409
335.8998 -1.0000 -1 M725
249.2053 -1.0000 -1 M967
353.7639 -1.0000 -1 M724
451.1525 -1.0000 -1 M729
269.3730 -1.0000 -1 M728
453.4053 -1.0000 -1 M1218
364.7473 -1.0000 -1 M510
237.3571 -1.0000 -1 M752
170.8345 -1.0000 -1 M751
463.3903 -1.0000 -1 M1214
464.8012 -1.0000 -1 M750
77.7430 -1.0000 -1 M991
303.1556 -1.0000 -1 M514
442.1385 -1.0000 -1 M756
146.6699 -1.0000 -1 M998
166.5754 -1.0000 -1 M755
339.6527 -1.0000 -1 M512
325.9623 -1.0000 -1 M754
417.1519 -1.0000 -1 M996
289.2983 -1.0000 -1 M753
298.3648 -1.0000 -1 M995
509.7400 -1.0000 -1 M759
462.0679 -1.0000 -1 M758
461.8831 -1.0000 -1 M757
249.4456 -1.0000 -1 M999
177.9108 -1.0000 -1 M1210
313.8434 -1.0000 -1 M1211
196.5698 -1.0000 -1 M1212
42.4754 -1.0000 -1 M741
391.4439 -1.0000 -1 M1224
216.6796 -1.0000 -1 M740
478.9294 -1.0000 -1 M982
277.0791 -1.0000 -1 M981
458.3083 -1.0000 -1 M1226
264.7481 -1.0000 -1 M980
379.9207 -1.0000 -1 M1227
119.0779 -1.0000 -1 M503
333.9770 -1.0000 -1 M745
441.2919 -1.0000 -1 M987
321.7522 -1.0000 -1 M986
323.0596 -1.0000 -1 M501
357.1731 -1.0000 -1 M743
355.4611 -1.0000 -1 M985
348.9971 -1.0000 -1 M742
306.3029 -1.0000 -1 M749
597.4541 -1.0000 -1 M506
303.0190 -1.0000 -1 M747
533.3691 -1.0000 -1 M746
474.4062 -1.0000 -1 M988
297.2243 -1.0000 -1 M1220
489.2904 -1.0000 -1 M1223
179.1166 -1.0000 -1 M532
426.1062 -1.0000 -1 M531
189.7882 -1.0000 -1 M773
591.1547 -1.0000 -1 M530
450.9462 -1.0000 -1 M772
280.0583 -1.0000 -1 M771
127.1329 -1.0000 -1 M778
437.0770 -1.0000 -1 M535
224.5765 -1.0000 -1 M777
493.1083 -1.0000 -1 M533
405.4429 -1.0000 -1 M775
127.6685 -1.0000 -1 M539
94.7104 -1.0000 -1 M537
361.5007 -1.0000 -1 M779
497.0130 -1.0000 -1 M1206
350.0351 -1.0000 -1 M1207
180.8726 -1.0000 -1 M1208
148.1640 -1.0000 -1 M1209
322.1513 -1.0000 -1 M521
483.5302 -1.0000 -1 M763
343.2771 -1.0000 -1 M520
340.5520 -1.0000 -1 M762
206.8777 -1.0000 -1 M1204
436.5538 -1.0000 -1 M760
288.5093 -1.0000 -1 M1205
618.9224 -1.0000 -1 M525
396.8492 -1.0000 -1 M767
92.3607 -1.0000 -1 M766
108.5725 -1.0000 -1 M523
204.7828 -1.0000 -1 M765
345.7744 -1.0000 -1 M764
400.8740 -1.0000 -1 M529
70.1085 -1.0000 -1 M769
345.8096 -1.0000 -1 M768
460.2700 -1.0000 -1 M1200
168.9399 -1.0000 -1 M1201
257.7769 -1.0000 -1 M550
295.7307 -1.0000 -1 M1019
145.8223 -1.0000 -1 M312
377.4905 -1.0000 -1 M554
277.3974 -1.0000 -1 M1015
225.8110 -1.0000 -1 M1257
383.3188 -1.0000 -1 M311
264.0737 -1.0000 -1 M795
293.6470 -1.0000 -1 M794
224.0792 -1.0000 -1 M551
367.0496 -1.0000 -1 M793
466.9977 -1.0000 -1 M1018
162.7357 -1.0000 -1 M316
224.0176 -1.0000 -1 M799
487.3387 -1.0000 -1 M314
246.4233 -1.0000 -1 M555
648.1345 -1.0000 -1 M797
311.7350 -1.0000 -1 M318
435.5198 -1.0000 -1 M317
409.3741 -1.0000 -1 M559
169.5232 -1.0000 -1 M1011
402.5334 -1.0000 -1 M1012
625.2461 -1.0000 -1 M1013
567.4979 -1.0000 -1 M1014
433.2708 -1.0000 -1 M1256
315.8846 -1.0000 -1 M1250
477.8187 -1.0000 -1 M1251
78.5082 -1.0000 -1 M1010
438.1848 -1.0000 -1 M1252
164.4362 -1.0000 -1 M301
211.0267 -1.0000 -1 M543
387.6602 -1.0000 -1 M785
119.8778 -1.0000 -1 M1026
280.2482 -1.0000 -1 M1268
262.3844 -1.0000 -1 M300
214.9865 -1.0000 -1 M542
125.3226 -1.0000 -1 M784
366.5071 -1.0000 -1 M1269
354.7387 -1.0000 -1 M541
380.1801 -1.0000 -1 M783
378.6355 -1.0000 -1 M1028
60.6581 -1.0000 -1 M782
284.0725 -1.0000 -1 M1029
223.7257 -1.0000 -1 M547
368.1782 -1.0000 -1 M303
212.0133 -1.0000 -1 M545
76.4414 -1.0000 -1 M302
225.9448 -1.0000 -1 M544
452.8481 -1.0000 -1 M786
216.8303 -1.0000 -1 M308
250.2727 -1.0000 -1 M1022
238.3283 -1.0000 -1 M1264
375.6063 -1.0000 -1 M1265
223.4068 -1.0000 -1 M1024
472.6843 -1.0000 -1 M1266
636.7619 -1.0000 -1 M1025
313.8808 -1.0000 -1 M1267
45.8064 -1.0000 -1 M1261
275.1072 -1.0000 -1 M1262
138.5484 -1.0000 -1 M1021
291.1384 -1.0000 -1 M330
311.8829 -1.0000 -1 M1239
557.6655 -1.0000 -1 M570
622.8564 -1.0000 -1 M334
315.0456 -1.0000 -1 M1235
484.3064 -1.0000 -1 M333
349.5078 -1.0000 -1 M575
383.8511 -1.0000 -1 M1236
253.0574 -1.0000 -1 M331
142.3534 -1.0000 -1 M573
324.6829 -1.0000 -1 M1238
336.3385 -1.0000 -1 M338
282.7448 -1.0000 -1 M337
248.6972 -1.0000 -1 M579
468.8481 -1.0000 -1 M578
207.1597 -1.0000 -1 M335
381.2956 -1.0000 -1 M577
541.3020 -1.0000 -1 M1231
261.5533 -1.0000 -1 M1234
427.6582 -1.0000 -1 M1230
500.4689 -1.0000 -1 M561
179.1213 -1.0000 -1 M1008
359.1592 -1.0000 -1 M323
292.9252 -1.0000 -1 M565
463.7317 -1.0000 -1 M1004
288.6878 -1.0000 -1 M564
103.9429 -1.0000 -1 M1005
474.0176 -1.0000 -1 M1247
167.7048 -1.0000 -1 M1006
113.6550 -1.0000 -1 M1248
310.3769 -1.0000 -1 M320
525.2584 -1.0000 -1 M562
216.4277 -1.0000 -1 M1007
493.5193 -1.0000 -1 M569
91.7791 -1.0000 -1 M325
645.8679 -1.0000 -1 M567
339.7604 -1.0000 -1 M324
564.3445 -1.0000 -1 M566
339.3497 -1.0000 -1 M328
404.0951 -1.0000 -1 M1000
403.4959 -1.0000 -1 M1001
468.2701 -1.0000 -1 M1243
315.6510 -1.0000 -1 M1002
176.5346 -1.0000 -1 M1244
209.2923 -1.0000 -1 M1003
556.5610 -1.0000 -1 M1245
99.6954 -1.0000 -1 M1240
312.4246 -1.0000 -1 M1241
575.5858 -1.0000 -1 M110
219.2350 -1.0000 -1 M352
396.7670 -1.0000 -1 M593
203.7565 -1.0000 -1 M350
438.7970 -1.0000 -1 M592
304.2768 -1.0000 -1 M591
210.1491 -1.0000 -1 M1059
349.9655 -1.0000 -1 M113
171.6533 -1.0000 -1 M112
275.2556 -1.0000 -1 M596
608.8942 -1.0000 -1 M595
624.0035 -1.0000 -1 M118
515.5404 -1.0000 -1 M117
108.1658 -1.0000 -1 M358
424.3254 -1.0000 -1 M357
619.3891 -1.0000 -1 M119
203.8212 -1.0000 -1 M1290
309.5707 -1.0000 -1 M1291
52.0330 -1.0000 -1 M1050
520.9897 -1.0000 -1 M1292
386.8774 -1.0000 -1 M1055
361.3664 -1.0000 -1 M1057
438.9377 -1.0000 -1 M1299
93.5614 -1.0000 -1 M1058
141.8094 -1.0000 -1 M1051
388.2409 -1.0000 -1 M1053
151.3297 -1.0000 -1 M1054
511.6868 -1.0000 -1 M1296
375.6575 -1.0000 -1 M581
180.1846 -1.0000 -1 M587
422.9027 -1.0000 -1 M102
407.4572 -1.0000 -1 M344
246.4352 -1.0000 -1 M585
501.9098 -1.0000 -1 M342
218.9161 -1.0000 -1 M584
332.4136 -1.0000 -1 M107
294.3819 -1.0000 -1 M349
600.7115 -1.0000 -1 M348
148.1220 -1.0000 -1 M346
344.3293 -1.0000 -1 M588
354.3142 -1.0000 -1 M1061
364.7651 -1.0000 -1 M1066
108.8758 -1.0000 -1 M1067
623.9674 -1.0000 -1 M1069
236.6880 -1.0000 -1 M590
381.1767 -1.0000 -1 M1062
284.1574 -1.0000 -1 M1063
335.3013 -1.0000 -1 M1065
458.3702 -1.0000 -1 M132
288.0639 -1.0000 -1 M374
475.1114 -1.0000 -1 M130
540.2498 -1.0000 -1 M372
245.3368 -1.0000 -1 M371
500.3945 -1.0000 -1 M136
169.8427 -1.0000 -1 M1279
183.5285 -1.0000 -1 M377
198.3956 -1.0000 -1 M376
331.3325 -1.0000 -1 M375
701.2235 -1.0000 -1 M139
319.6686 -1.0000 -1 M379
185.6133 -1.0000 -1 M1270
397.2958 -1.0000 -1 M1033
356.9312 -1.0000 -1 M1034
321.0205 -1.0000 -1 M1035
423.5701 -1.0000 -1 M1277
539.2555 -1.0000 -1 M1271
310.0781 -1.0000 -1 M1272
244.5544 -1.0000 -1 M1031
386.5348 -1.0000 -1 M1032
499.1351 -1.0000 -1 M1274
150.7620 -1.0000 -1 M363
439.3412 -1.0000 -1 M362
438.8222 -1.0000 -1 M361
178.9182 -1.0000 -1 M360
218.7871 -1.0000 -1 M366
292.1586 -1.0000 -1 M1049
224.8466 -1.0000 -1 M123
390.0578 -1.0000 -1 M365
149.4749 -1.0000 -1 M364
525.0232 -1.0000 -1 M127
264.0557 -1.0000 -1 M369
826.6780 -1.0000 -1 M126
450.0211 -1.0000 -1 M368
388.2179 -1.0000 -1 M1044
159.9772 -1.0000 -1 M1286
251.9535 -1.0000 -1 M1287
166.4442 -1.0000 -1 M1046
227.6175 -1.0000 -1 M1047
248.7333 -1.0000 -1 M370
427.6431 -1.0000 -1 M1282
444.5012 -1.0000 -1 M1042
333.1541 -1.0000 -1 M1284
464.9966 -1.0000 -1 M394
320.4844 -1.0000 -1 M393
559.4297 -1.0000 -1 M157
510.6208 -1.0000 -1 M399
99.5089 -1.0000 -1 M155
408.2424 -1.0000 -1 M397
639.5202 -1.0000 -1 M159
386.2097 -1.0000 -1 M1091
253.4391 -1.0000 -1 M1092
366.8655 -1.0000 -1 M1094
281.7627 -1.0000 -1 M1090
426.7936 -1.0000 -1 M1095
431.3547 -1.0000 -1 M160
153.0122 -1.0000 -1 M1096
178.2299 -1.0000 -1 M1097
287.9396 -1.0000 -1 M1098
464.1420 -1.0000 -1 M143
219.3694 -1.0000 -1 M385
517.7362 -1.0000 -1 M142
376.2594 -1.0000 -1 M383
306.1743 -1.0000 -1 M382
453.7882 -1.0000 -1 M389
424.4744 -1.0000 -1 M146
187.5680 -1.0000 -1 M388
366.4191 -1.0000 -1 M387
268.9199 -1.0000 -1 M391
186.0415 -1.0000 -1 M390
594.9135 -1.0000 -1 M179
284.7728 -1.0000 -1 M177
222.2136 -1.0000 -1 M1072
252.7496 -1.0000 -1 M1077
191.5544 -1.0000 -1 M1078
226.7311 -1.0000 -1 M1079
553.4427 -1.0000 -1 M182
180.6343 -1.0000 -1 M1074
266.2168 -1.0000 -1 M1075
229.3186 -1.0000 -1 M1076
264.6469 -1.0000 -1 M163
344.3459 -1.0000 -1 M162
163.8541 -1.0000 -1 M1081
419.5985 -1.0000 -1 M1082
136.4384 -1.0000 -1 M1083
338.0167 -1.0000 -1 M1088
300.7653 -1.0000 -1 M171
263.5589 -1.0000 -1 M1085
497.3669 -1.0000 -1 M1086
354.5517 -1.0000 -1 M1087
325.8655 -1.0000 -1 M198
396.9540 -1.0000 -1 M46
140.9055 -1.0000 -1 M48
580.2084 -1.0000 -1 M185
576.8309 -1.0000 -1 M52
294.2799 -1.0000 -1 M190
316.4389 -1.0000 -1 M193
147.4979 -1.0000 -1 M192
754.5075 -1.0000 -1 M61
628.8108 -1.0000 -1 M64
450.3447 -1.0000 -1 M72
