# time  created  delivered  delivered/created
7.0000 1 0 0.0000
16.0000 2 0 0.0000
21.0000 3 0 0.0000
29.0000 4 0 0.0000
37.0000 5 0 0.0000
44.0000 6 0 0.0000
50.0000 7 0 0.0000
58.0000 8 0 0.0000
66.0000 9 0 0.0000
71.0000 10 0 0.0000
79.0000 11 0 0.0000
85.0000 12 0 0.0000
87.0000 12 1 0.0833
91.0000 13 1 0.0769
97.0000 14 1 0.0714
105.0000 15 1 0.0667
112.0000 16 1 0.0625
121.0000 17 1 0.0588
128.0000 18 1 0.0556
134.0000 19 1 0.0526
141.0000 20 1 0.0500
149.0000 21 1 0.0476
155.0000 22 1 0.0455
157.0000 22 2 0.0909
163.0000 23 2 0.0870
168.0000 24 2 0.0833
171.0000 24 3 0.1250
177.0000 25 3 0.1200
182.0000 26 3 0.1154
184.0000 26 4 0.1538
188.0000 27 4 0.1481
193.0000 28 4 0.1429
195.0000 28 5 0.1786
199.0000 29 5 0.1724
204.0000 30 5 0.1667
213.0000 31 5 0.1613
219.0000 32 5 0.1563
228.0000 33 5 0.1515
232.0000 33 6 0.1818
235.0000 34 6 0.1765
244.0000 35 6 0.1714
251.0000 36 6 0.1667
252.0000 36 7 0.1944
259.0000 37 7 0.1892
268.0000 38 7 0.1842
276.0000 39 7 0.1795
283.0000 39 8 0.2051
284.0000 40 8 0.2000
285.0000 40 9 0.2250
293.0000 41 9 0.2195
300.0000 42 9 0.2143
304.0000 42 10 0.2381
305.0000 43 10 0.2326
310.0000 44 10 0.2273
315.0000 45 10 0.2222
323.0000 46 10 0.2174
323.0000 46 11 0.2391
330.0000 47 11 0.2340
336.0000 48 11 0.2292
343.0000 49 11 0.2245
352.0000 50 11 0.2200
353.0000 50 12 0.2400
357.0000 51 12 0.2353
365.0000 52 12 0.2308
371.0000 53 12 0.2264
376.0000 53 13 0.2453
378.0000 54 13 0.2407
386.0000 55 13 0.2364
392.0000 56 13 0.2321
399.0000 57 13 0.2281
406.0000 58 13 0.2241
407.0000 58 14 0.2414
409.0000 58 15 0.2586
415.0000 59 15 0.2542
420.0000 60 15 0.2500
427.0000 61 15 0.2459
435.0000 62 15 0.2419
438.0000 62 16 0.2581
441.0000 63 16 0.2540
449.0000 64 16 0.2500
449.0000 64 17 0.2656
454.0000 65 17 0.2615
462.0000 66 17 0.2576
463.0000 66 18 0.2727
470.0000 67 18 0.2687
478.0000 68 18 0.2647
487.0000 69 18 0.2609
493.0000 70 18 0.2571
498.0000 71 18 0.2535
507.0000 72 18 0.2500
512.0000 73 18 0.2466
512.0000 73 19 0.2603
516.0000 73 20 0.2740
519.0000 74 20 0.2703
523.0000 74 21 0.2838
524.0000 75 21 0.2800
525.0000 75 22 0.2933
531.0000 75 23 0.3067
533.0000 76 23 0.3026
539.0000 77 23 0.2987
539.0000 77 24 0.3117
548.0000 78 24 0.3077
555.0000 79 24 0.3038
563.0000 80 24 0.3000
568.0000 80 25 0.3125
572.0000 81 25 0.3086
581.0000 82 25 0.3049
587.0000 82 26 0.3171
590.0000 83 26 0.3133
599.0000 84 26 0.3095
606.0000 85 26 0.3059
615.0000 86 26 0.3023
620.0000 86 27 0.3140
621.0000 87 27 0.3103
627.0000 88 27 0.3068
636.0000 89 27 0.3034
643.0000 90 27 0.3000
650.0000 91 27 0.2967
655.0000 91 28 0.3077
659.0000 92 28 0.3043
667.0000 92 29 0.3152
668.0000 93 29 0.3118
669.0000 93 30 0.3226
669.0000 93 31 0.3333
672.0000 93 32 0.3441
675.0000 93 33 0.3548
676.0000 94 33 0.3511
679.0000 94 34 0.3617
681.0000 95 34 0.3579
681.0000 95 35 0.3684
686.0000 95 36 0.3789
687.0000 95 37 0.3895
689.0000 96 37 0.3854
691.0000 96 38 0.3958
693.0000 96 39 0.4063
694.0000 97 39 0.4021
695.0000 97 40 0.4124
700.0000 97 41 0.4227
700.0000 97 42 0.4330
701.0000 98 42 0.4286
703.0000 98 43 0.4388
706.0000 99 43 0.4343
707.0000 99 44 0.4444
709.0000 99 45 0.4545
713.0000 99 46 0.4646
713.0000 99 47 0.4747
714.0000 100 47 0.4700
715.0000 100 48 0.4800
716.0000 100 49 0.4900
721.0000 101 49 0.4851
729.0000 102 49 0.4804
734.0000 103 49 0.4757
734.0000 103 50 0.4854
736.0000 103 51 0.4951
741.0000 104 51 0.4904
748.0000 105 51 0.4857
751.0000 105 52 0.4952
753.0000 106 52 0.4906
761.0000 107 52 0.4860
769.0000 108 52 0.4815
769.0000 108 53 0.4907
774.0000 109 53 0.4862
774.0000 109 54 0.4954
781.0000 110 54 0.4909
789.0000 111 54 0.4865
794.0000 112 54 0.4821
794.0000 112 55 0.4911
795.0000 112 56 0.5000
797.0000 112 57 0.5089
799.0000 112 58 0.5179
800.0000 113 58 0.5133
801.0000 113 59 0.5221
807.0000 114 59 0.5175
811.0000 114 60 0.5263
813.0000 114 61 0.5351
815.0000 115 61 0.5304
820.0000 115 62 0.5391
821.0000 116 62 0.5345
822.0000 116 63 0.5431
822.0000 116 64 0.5517
823.0000 116 65 0.5603
826.0000 117 65 0.5556
834.0000 118 65 0.5508
839.0000 119 65 0.5462
839.0000 119 66 0.5546
839.0000 119 67 0.5630
848.0000 120 67 0.5583
850.0000 120 68 0.5667
854.0000 121 68 0.5620
863.0000 122 68 0.5574
869.0000 122 69 0.5656
871.0000 123 69 0.5610
875.0000 123 70 0.5691
877.0000 124 70 0.5645
881.0000 124 71 0.5726
883.0000 125 71 0.5680
890.0000 126 71 0.5635
896.0000 127 71 0.5591
896.0000 127 72 0.5669
902.0000 127 73 0.5748
903.0000 128 73 0.5703
908.0000 129 73 0.5659
908.0000 129 74 0.5736
912.0000 129 75 0.5814
914.0000 130 75 0.5769
914.0000 130 76 0.5846
918.0000 130 77 0.5923
921.0000 131 77 0.5878
922.0000 131 78 0.5954
929.0000 132 78 0.5909
934.0000 133 78 0.5865
941.0000 134 78 0.5821
942.0000 134 79 0.5896
944.0000 134 80 0.5970
944.0000 134 81 0.6045
948.0000 135 81 0.6000
949.0000 135 82 0.6074
955.0000 136 82 0.6029
962.0000 137 82 0.5985
963.0000 137 83 0.6058
968.0000 138 83 0.6014
974.0000 139 83 0.5971
979.0000 140 83 0.5929
988.0000 141 83 0.5887
988.0000 141 84 0.5957
993.0000 142 84 0.5915
994.0000 142 85 0.5986
998.0000 143 85 0.5944
1003.0000 144 85 0.5903
1004.0000 144 86 0.5972
1009.0000 144 87 0.6042
1012.0000 145 87 0.6000
1019.0000 146 87 0.5959
1024.0000 146 88 0.6027
1025.0000 147 88 0.5986
1025.0000 147 89 0.6054
1027.0000 147 90 0.6122
1032.0000 148 90 0.6081
1040.0000 149 90 0.6040
1040.0000 149 91 0.6107
1046.0000 149 92 0.6174
1047.0000 150 92 0.6133
1056.0000 151 92 0.6093
1060.0000 151 93 0.6159
1065.0000 152 93 0.6118
1071.0000 152 94 0.6184
1074.0000 153 94 0.6144
1081.0000 154 94 0.6104
1081.0000 154 95 0.6169
1081.0000 154 96 0.6234
1083.0000 154 97 0.6299
1087.0000 154 98 0.6364
1090.0000 155 98 0.6323
1091.0000 155 99 0.6387
1094.0000 155 100 0.6452
1096.0000 156 100 0.6410
1101.0000 157 100 0.6369
1105.0000 157 101 0.6433
1108.0000 158 101 0.6392
1116.0000 159 101 0.6352
1116.0000 159 102 0.6415
1123.0000 160 102 0.6375
1128.0000 160 103 0.6438
1129.0000 161 103 0.6398
1136.0000 162 103 0.6358
1143.0000 163 103 0.6319
1147.0000 163 104 0.6380
1152.0000 164 104 0.6341
1161.0000 165 104 0.6303
1170.0000 166 104 0.6265
1171.0000 166 105 0.6325
1176.0000 166 106 0.6386
1177.0000 167 106 0.6347
1179.0000 167 107 0.6407
1182.0000 168 107 0.6369
1187.0000 168 108 0.6429
1188.0000 168 109 0.6488
1189.0000 169 109 0.6450
1189.0000 169 110 0.6509
1190.0000 169 111 0.6568
1192.0000 169 112 0.6627
1192.0000 169 113 0.6686
1193.0000 169 114 0.6746
1194.0000 169 115 0.6805
1195.0000 170 115 0.6765
1200.0000 171 115 0.6725
1206.0000 172 115 0.6686
1211.0000 172 116 0.6744
1213.0000 172 117 0.6802
1214.0000 172 118 0.6860
1215.0000 173 118 0.6821
1219.0000 173 119 0.6879
1223.0000 174 119 0.6839
1228.0000 175 119 0.6800
1231.0000 175 120 0.6857
1232.0000 175 121 0.6914
1233.0000 176 121 0.6875
1242.0000 177 121 0.6836
1243.0000 177 122 0.6893
1247.0000 178 122 0.6854
1249.0000 178 123 0.6910
1253.0000 179 123 0.6872
1255.0000 179 124 0.6927
1262.0000 180 124 0.6889
1266.0000 180 125 0.6944
1267.0000 181 125 0.6906
1271.0000 181 126 0.6961
1273.0000 182 126 0.6923
1273.0000 182 127 0.6978
1275.0000 182 128 0.7033
1281.0000 183 128 0.6995
1284.0000 183 129 0.7049
1288.0000 184 129 0.7011
1291.0000 184 130 0.7065
1292.0000 184 131 0.7120
1294.0000 185 131 0.7081
1294.0000 185 132 0.7135
1297.0000 185 133 0.7189
1300.0000 186 133 0.7151
1306.0000 186 134 0.7204
1307.0000 187 134 0.7166
1313.0000 188 134 0.7128
1313.0000 188 135 0.7181
1319.0000 189 135 0.7143
1319.0000 189 136 0.7196
1327.0000 190 136 0.7158
1336.0000 191 136 0.7120
1341.0000 191 137 0.7173
1343.0000 191 138 0.7225
1343.0000 191 139 0.7277
1344.0000 192 139 0.7240
1349.0000 193 139 0.7202
1358.0000 194 139 0.7165
1360.0000 194 140 0.7216
1363.0000 194 141 0.7268
1366.0000 195 141 0.7231
1368.0000 195 142 0.7282
1372.0000 196 142 0.7245
1372.0000 196 143 0.7296
1374.0000 196 144 0.7347
1377.0000 197 144 0.7310
1378.0000 197 145 0.7360
1383.0000 198 145 0.7323
1387.0000 198 146 0.7374
1387.0000 198 147 0.7424
1389.0000 199 147 0.7387
1389.0000 199 148 0.7437
1394.0000 200 148 0.7400
1403.0000 201 148 0.7363
1405.0000 201 149 0.7413
1411.0000 202 149 0.7376
1411.0000 202 150 0.7426
1412.0000 202 151 0.7475
1416.0000 202 152 0.7525
1419.0000 202 153 0.7574
1420.0000 203 153 0.7537
1421.0000 203 154 0.7586
1421.0000 203 155 0.7635
1423.0000 203 156 0.7685
1428.0000 204 156 0.7647
1437.0000 205 156 0.7610
1446.0000 206 156 0.7573
1447.0000 206 157 0.7621
1448.0000 206 158 0.7670
1450.0000 206 159 0.7718
1452.0000 206 160 0.7767
1452.0000 206 161 0.7816
1455.0000 207 161 0.7778
1457.0000 207 162 0.7826
1461.0000 207 163 0.7874
1462.0000 207 164 0.7923
1462.0000 207 165 0.7971
1464.0000 208 165 0.7933
1469.0000 209 165 0.7895
1476.0000 210 165 0.7857
1479.0000 210 166 0.7905
1480.0000 210 167 0.7952
1481.0000 210 168 0.8000
1485.0000 211 168 0.7962
1492.0000 212 168 0.7925
1499.0000 213 168 0.7887
1502.0000 213 169 0.7934
1502.0000 213 170 0.7981
1505.0000 213 171 0.8028
1506.0000 214 171 0.7991
1509.0000 214 172 0.8037
1510.0000 214 173 0.8084
1512.0000 214 174 0.8131
1513.0000 214 175 0.8178
1515.0000 215 175 0.8140
1515.0000 215 176 0.8186
1521.0000 215 177 0.8233
1522.0000 216 177 0.8194
1525.0000 216 178 0.8241
1527.0000 216 179 0.8287
1530.0000 216 180 0.8333
1531.0000 217 180 0.8295
1531.0000 217 181 0.8341
1537.0000 218 181 0.8303
1545.0000 219 181 0.8265
1551.0000 219 182 0.8311
1553.0000 220 182 0.8273
1560.0000 221 182 0.8235
1567.0000 221 183 0.8281
1568.0000 222 183 0.8243
1568.0000 222 184 0.8288
1569.0000 222 185 0.8333
1570.0000 222 186 0.8378
1575.0000 223 186 0.8341
1580.0000 224 186 0.8304
1581.0000 224 187 0.8348
1586.0000 225 187 0.8311
1590.0000 225 188 0.8356
1593.0000 226 188 0.8319
1597.0000 226 189 0.8363
1598.0000 226 190 0.8407
1599.0000 227 190 0.8370
1603.0000 227 191 0.8414
1603.0000 227 192 0.8458
1605.0000 227 193 0.8502
1606.0000 228 193 0.8465
1609.0000 228 194 0.8509
1611.0000 228 195 0.8553
1614.0000 229 195 0.8515
1619.0000 229 196 0.8559
1621.0000 229 197 0.8603
1622.0000 230 197 0.8565
1628.0000 231 197 0.8528
1634.0000 232 197 0.8491
1634.0000 232 198 0.8534
1642.0000 233 198 0.8498
1648.0000 233 199 0.8541
1651.0000 234 199 0.8504
1655.0000 234 200 0.8547
1655.0000 234 201 0.8590
1656.0000 235 201 0.8553
1657.0000 235 202 0.8596
1657.0000 235 203 0.8638
1658.0000 235 204 0.8681
1659.0000 235 205 0.8723
1660.0000 235 206 0.8766
1664.0000 236 206 0.8729
1670.0000 237 206 0.8692
1675.0000 238 206 0.8655
1681.0000 239 206 0.8619
1688.0000 240 206 0.8583
1692.0000 240 207 0.8625
1697.0000 241 207 0.8589
1706.0000 242 207 0.8554
1706.0000 242 208 0.8595
1707.0000 242 209 0.8636
1708.0000 242 210 0.8678
1709.0000 242 211 0.8719
1710.0000 242 212 0.8760
1711.0000 243 212 0.8724
1711.0000 243 213 0.8765
1713.0000 243 214 0.8807
1715.0000 243 215 0.8848
1716.0000 244 215 0.8811
1717.0000 244 216 0.8852
1719.0000 244 217 0.8893
1725.0000 245 217 0.8857
1730.0000 246 217 0.8821
1731.0000 246 218 0.8862
1735.0000 246 219 0.8902
1737.0000 247 219 0.8866
1744.0000 248 219 0.8831
1744.0000 248 220 0.8871
1749.0000 249 220 0.8835
1753.0000 249 221 0.8876
1758.0000 250 221 0.8840
1760.0000 250 222 0.8880
1764.0000 251 222 0.8845
1767.0000 251 223 0.8884
1771.0000 252 223 0.8849
1773.0000 252 224 0.8889
1780.0000 253 224 0.8854
1782.0000 253 225 0.8893
1787.0000 254 225 0.8858
1795.0000 255 225 0.8824
1795.0000 255 226 0.8863
1800.0000 255 227 0.8902
1802.0000 255 228 0.8941
1803.0000 256 228 0.8906
1810.0000 257 228 0.8872
1817.0000 258 228 0.8837
1826.0000 259 228 0.8803
1835.0000 260 228 0.8769
1836.0000 260 229 0.8808
1843.0000 260 230 0.8846
1844.0000 261 230 0.8812
1850.0000 262 230 0.8779
1850.0000 262 231 0.8817
1854.0000 262 232 0.8855
1855.0000 262 233 0.8893
1858.0000 262 234 0.8931
1859.0000 263 234 0.8897
1859.0000 263 235 0.8935
1866.0000 264 235 0.8902
1866.0000 264 236 0.8939
1867.0000 264 237 0.8977
1869.0000 264 238 0.9015
1871.0000 264 239 0.9053
1875.0000 265 239 0.9019
1882.0000 266 239 0.8985
1889.0000 266 240 0.9023
1890.0000 267 240 0.8989
1896.0000 268 240 0.8955
1902.0000 269 240 0.8922
1907.0000 269 241 0.8959
1909.0000 269 242 0.8996
1910.0000 270 242 0.8963
1912.0000 270 243 0.9000
1919.0000 271 243 0.8967
1926.0000 272 243 0.8934
1927.0000 272 244 0.8971
1932.0000 273 244 0.8938
1939.0000 274 244 0.8905
1942.0000 274 245 0.8942
1944.0000 274 246 0.8978
1946.0000 275 246 0.8945
1950.0000 275 247 0.8982
1952.0000 276 247 0.8949
1952.0000 276 248 0.8986
1958.0000 277 248 0.8953
1966.0000 278 248 0.8921
1967.0000 278 249 0.8957
1971.0000 279 249 0.8925
1973.0000 279 250 0.8961
1976.0000 280 250 0.8929
1984.0000 281 250 0.8897
1990.0000 282 250 0.8865
1990.0000 282 251 0.8901
1992.0000 282 252 0.8936
1994.0000 282 253 0.8972
1999.0000 283 253 0.8940
2004.0000 284 253 0.8908
2009.0000 284 254 0.8944
2009.0000 284 255 0.8979
2010.0000 285 255 0.8947
2015.0000 285 256 0.8982
2018.0000 286 256 0.8951
2021.0000 286 257 0.8986
2024.0000 287 257 0.8955
2024.0000 287 258 0.8990
2031.0000 288 258 0.8958
2035.0000 288 259 0.8993
2037.0000 288 260 0.9028
2039.0000 289 260 0.8997
2045.0000 290 260 0.8966
2051.0000 290 261 0.9000
2053.0000 291 261 0.8969
2056.0000 291 262 0.9003
2058.0000 291 263 0.9038
2059.0000 292 263 0.9007
2066.0000 293 263 0.8976
2073.0000 293 264 0.9010
2074.0000 294 264 0.8980
2083.0000 295 264 0.8949
2089.0000 296 264 0.8919
2089.0000 296 265 0.8953
2098.0000 297 265 0.8923
2098.0000 297 266 0.8956
2100.0000 297 267 0.8990
2102.0000 297 268 0.9024
2107.0000 298 268 0.8993
2107.0000 298 269 0.9027
2110.0000 298 270 0.9060
2112.0000 298 271 0.9094
2114.0000 299 271 0.9064
2119.0000 300 271 0.9033
2124.0000 300 272 0.9067
2127.0000 301 272 0.9037
2128.0000 301 273 0.9070
2130.0000 301 274 0.9103
2133.0000 301 275 0.9136
2135.0000 302 275 0.9106
2144.0000 303 275 0.9076
2149.0000 304 275 0.9046
2151.0000 304 276 0.9079
2156.0000 305 276 0.9049
2159.0000 305 277 0.9082
2164.0000 306 277 0.9052
2168.0000 306 278 0.9085
2170.0000 307 278 0.9055
2175.0000 307 279 0.9088
2177.0000 308 279 0.9058
2180.0000 308 280 0.9091
2184.0000 309 280 0.9061
2192.0000 310 280 0.9032
2196.0000 310 281 0.9065
2198.0000 311 281 0.9035
2201.0000 311 282 0.9068
2203.0000 312 282 0.9038
2206.0000 312 283 0.9071
2206.0000 312 284 0.9103
2210.0000 313 284 0.9073
2217.0000 314 284 0.9045
2223.0000 315 284 0.9016
2228.0000 316 284 0.8987
2236.0000 316 285 0.9019
2237.0000 317 285 0.8991
2238.0000 317 286 0.9022
2245.0000 318 286 0.8994
2253.0000 319 286 0.8966
2259.0000 320 286 0.8938
2265.0000 321 286 0.8910
2265.0000 321 287 0.8941
2269.0000 321 288 0.8972
2273.0000 322 288 0.8944
2278.0000 323 288 0.8916
2281.0000 323 289 0.8947
2285.0000 324 289 0.8920
2287.0000 324 290 0.8951
2291.0000 324 291 0.8981
2291.0000 324 292 0.9012
2292.0000 325 292 0.8985
2293.0000 325 293 0.9015
2294.0000 325 294 0.9046
2301.0000 326 294 0.9018
2302.0000 326 295 0.9049
2307.0000 327 295 0.9021
2316.0000 328 295 0.8994
2316.0000 328 296 0.9024
2320.0000 328 297 0.9055
2323.0000 329 297 0.9027
2329.0000 330 297 0.9000
2334.0000 331 297 0.8973
2342.0000 332 297 0.8946
2345.0000 332 298 0.8976
2349.0000 332 299 0.9006
2350.0000 333 299 0.8979
2353.0000 333 300 0.9009
2357.0000 334 300 0.8982
2362.0000 334 301 0.9012
2363.0000 335 301 0.8985
2363.0000 335 302 0.9015
2372.0000 336 302 0.8988
2378.0000 337 302 0.8961
2387.0000 338 302 0.8935
2389.0000 338 303 0.8964
2390.0000 338 304 0.8994
2391.0000 338 305 0.9024
2392.0000 339 305 0.8997
2393.0000 339 306 0.9027
2398.0000 339 307 0.9056
2401.0000 340 307 0.9029
2409.0000 341 307 0.9003
2417.0000 342 307 0.8977
2417.0000 342 308 0.9006
2421.0000 342 309 0.9035
2422.0000 343 309 0.9009
2423.0000 343 310 0.9038
2424.0000 343 311 0.9067
2425.0000 343 312 0.9096
2425.0000 343 313 0.9125
2431.0000 344 313 0.9099
2435.0000 344 314 0.9128
2439.0000 345 314 0.9101
2440.0000 345 315 0.9130
2445.0000 346 315 0.9104
2445.0000 346 316 0.9133
2451.0000 347 316 0.9107
2460.0000 348 316 0.9080
2467.0000 349 316 0.9054
2468.0000 349 317 0.9083
2475.0000 350 317 0.9057
2475.0000 350 318 0.9086
2480.0000 350 319 0.9114
2481.0000 351 319 0.9088
2482.0000 351 320 0.9117
2486.0000 351 321 0.9145
2488.0000 352 321 0.9119
2497.0000 353 321 0.9093
2505.0000 354 321 0.9068
2510.0000 355 321 0.9042
2512.0000 355 322 0.9070
2516.0000 356 322 0.9045
2525.0000 357 322 0.9020
2534.0000 358 322 0.8994
2538.0000 358 323 0.9022
2539.0000 358 324 0.9050
2540.0000 359 324 0.9025
2547.0000 360 324 0.9000
2549.0000 360 325 0.9028
2552.0000 361 325 0.9003
2560.0000 362 325 0.8978
2561.0000 362 326 0.9006
2563.0000 362 327 0.9033
2565.0000 362 328 0.9061
2568.0000 363 328 0.9036
2573.0000 364 328 0.9011
2573.0000 364 329 0.9038
2574.0000 364 330 0.9066
2575.0000 364 331 0.9093
2579.0000 365 331 0.9068
2585.0000 366 331 0.9044
2592.0000 367 331 0.9019
2598.0000 368 331 0.8995
2598.0000 368 332 0.9022
2603.0000 369 332 0.8997
2606.0000 369 333 0.9024
2606.0000 369 334 0.9051
2607.0000 369 335 0.9079
2608.0000 370 335 0.9054
2614.0000 371 335 0.9030
2620.0000 372 335 0.9005
2621.0000 372 336 0.9032
2625.0000 372 337 0.9059
2626.0000 373 337 0.9035
2631.0000 374 337 0.9011
2639.0000 375 337 0.8987
2641.0000 375 338 0.9013
2644.0000 376 338 0.8989
2652.0000 377 338 0.8966
2657.0000 378 338 0.8942
2659.0000 378 339 0.8968
2660.0000 378 340 0.8995
2665.0000 379 340 0.8971
2666.0000 379 341 0.8997
2673.0000 380 341 0.8974
2676.0000 380 342 0.9000
2681.0000 381 342 0.8976
2684.0000 381 343 0.9003
2690.0000 382 343 0.8979
2690.0000 382 344 0.9005
2692.0000 382 345 0.9031
2699.0000 383 345 0.9008
2701.0000 383 346 0.9034
2708.0000 384 346 0.9010
2714.0000 385 346 0.8987
2722.0000 386 346 0.8964
2729.0000 387 346 0.8941
2730.0000 387 347 0.8966
2732.0000 387 348 0.8992
2734.0000 388 348 0.8969
2743.0000 389 348 0.8946
2748.0000 390 348 0.8923
2748.0000 390 349 0.8949
2755.0000 390 350 0.8974
2757.0000 391 350 0.8951
2764.0000 392 350 0.8929
2765.0000 392 351 0.8954
2770.0000 393 351 0.8931
2777.0000 394 351 0.8909
2785.0000 395 351 0.8886
2790.0000 396 351 0.8864
2797.0000 397 351 0.8841
2805.0000 398 351 0.8819
2809.0000 398 352 0.8844
2813.0000 399 352 0.8822
2813.0000 399 353 0.8847
2815.0000 399 354 0.8872
2817.0000 399 355 0.8897
2821.0000 400 355 0.8875
2821.0000 400 356 0.8900
2829.0000 401 356 0.8878
2830.0000 401 357 0.8903
2834.0000 402 357 0.8881
2842.0000 403 357 0.8859
2847.0000 404 357 0.8837
2848.0000 404 358 0.8861
2850.0000 404 359 0.8886
2852.0000 405 359 0.8864
2854.0000 405 360 0.8889
2856.0000 405 361 0.8914
2857.0000 406 361 0.8892
2859.0000 406 362 0.8916
2860.0000 406 363 0.8941
2863.0000 407 363 0.8919
2872.0000 408 363 0.8897
2872.0000 408 364 0.8922
2881.0000 409 364 0.8900
2883.0000 409 365 0.8924
2885.0000 409 366 0.8949
2885.0000 409 367 0.8973
2887.0000 410 367 0.8951
2887.0000 410 368 0.8976
2896.0000 411 368 0.8954
2897.0000 411 369 0.8978
2904.0000 412 369 0.8956
2905.0000 412 370 0.8981
2911.0000 413 370 0.8959
2912.0000 413 371 0.8983
2916.0000 414 371 0.8961
2916.0000 414 372 0.8986
2921.0000 414 373 0.9010
2922.0000 415 373 0.8988
2927.0000 416 373 0.8966
2936.0000 417 373 0.8945
2936.0000 417 374 0.8969
2939.0000 417 375 0.8993
2942.0000 418 375 0.8971
2943.0000 418 376 0.8995
2945.0000 418 377 0.9019
2949.0000 418 378 0.9043
2951.0000 419 378 0.9021
2956.0000 420 378 0.9000
2961.0000 421 378 0.8979
2970.0000 422 378 0.8957
2970.0000 422 379 0.8981
2972.0000 422 380 0.9005
2973.0000 422 381 0.9028
2975.0000 423 381 0.9007
2975.0000 423 382 0.9031
2975.0000 423 383 0.9054
2977.0000 423 384 0.9078
2979.0000 423 385 0.9102
2981.0000 423 386 0.9125
2981.0000 423 387 0.9149
2982.0000 423 388 0.9173
2984.0000 424 388 0.9151
2991.0000 425 388 0.9129
2994.0000 425 389 0.9153
2995.0000 425 390 0.9176
3000.0000 426 390 0.9155
3003.0000 426 391 0.9178
3008.0000 427 391 0.9157
3013.0000 427 392 0.9180
3014.0000 427 393 0.9204
3017.0000 428 393 0.9182
3025.0000 429 393 0.9161
3033.0000 429 394 0.9184
3034.0000 430 394 0.9163
3040.0000 431 394 0.9142
3040.0000 431 395 0.9165
3044.0000 431 396 0.9188
3046.0000 432 396 0.9167
3051.0000 433 396 0.9145
3059.0000 433 397 0.9169
3060.0000 434 397 0.9147
3061.0000 434 398 0.9171
3067.0000 435 398 0.9149
3073.0000 436 398 0.9128
3080.0000 437 398 0.9108
3084.0000 437 399 0.9130
3085.0000 438 399 0.9110
3091.0000 439 399 0.9089
3094.0000 439 400 0.9112
3097.0000 440 400 0.9091
3101.0000 440 401 0.9114
3106.0000 441 401 0.9093
3114.0000 442 401 0.9072
3122.0000 442 402 0.9095
3123.0000 443 402 0.9074
3126.0000 443 403 0.9097
3129.0000 443 404 0.9120
3129.0000 443 405 0.9142
3131.0000 444 405 0.9122
3131.0000 444 406 0.9144
3131.0000 444 407 0.9167
3132.0000 444 408 0.9189
3133.0000 444 409 0.9212
3137.0000 444 410 0.9234
3138.0000 445 410 0.9213
3142.0000 445 411 0.9236
3144.0000 446 411 0.9215
3151.0000 447 411 0.9195
3156.0000 447 412 0.9217
3159.0000 448 412 0.9196
3162.0000 448 413 0.9219
3166.0000 449 413 0.9198
3175.0000 450 413 0.9178
3184.0000 451 413 0.9157
3187.0000 451 414 0.9180
3189.0000 452 414 0.9159
3197.0000 453 414 0.9139
3197.0000 453 415 0.9161
3204.0000 454 415 0.9141
3208.0000 454 416 0.9163
3210.0000 454 417 0.9185
3210.0000 454 418 0.9207
3211.0000 455 418 0.9187
3213.0000 455 419 0.9209
3218.0000 456 419 0.9189
3225.0000 456 420 0.9211
3227.0000 457 420 0.9190
3234.0000 457 421 0.9212
3236.0000 458 421 0.9192
3242.0000 459 421 0.9172
3251.0000 460 421 0.9152
3254.0000 460 422 0.9174
3258.0000 461 422 0.9154
3258.0000 461 423 0.9176
3263.0000 461 424 0.9197
3266.0000 462 424 0.9177
3274.0000 463 424 0.9158
3274.0000 463 425 0.9179
3276.0000 463 426 0.9201
3278.0000 463 427 0.9222
3282.0000 464 427 0.9203
3291.0000 465 427 0.9183
3298.0000 466 427 0.9163
3303.0000 467 427 0.9143
3308.0000 467 428 0.9165
3309.0000 468 428 0.9145
3318.0000 469 428 0.9126
3318.0000 469 429 0.9147
3324.0000 470 429 0.9128
3324.0000 470 430 0.9149
3324.0000 470 431 0.9170
3330.0000 471 431 0.9151
3338.0000 472 431 0.9131
3344.0000 473 431 0.9112
3345.0000 473 432 0.9133
3351.0000 474 432 0.9114
3352.0000 474 433 0.9135
3356.0000 475 433 0.9116
3362.0000 476 433 0.9097
3365.0000 476 434 0.9118
3366.0000 476 435 0.9139
3366.0000 476 436 0.9160
3367.0000 476 437 0.9181
3371.0000 477 437 0.9161
3372.0000 477 438 0.9182
3378.0000 477 439 0.9203
3380.0000 478 439 0.9184
3380.0000 478 440 0.9205
3381.0000 478 441 0.9226
3386.0000 478 442 0.9247
3388.0000 479 442 0.9228
3388.0000 479 443 0.9248
3395.0000 480 443 0.9229
3403.0000 481 443 0.9210
3406.0000 481 444 0.9231
3406.0000 481 445 0.9252
3409.0000 482 445 0.9232
3412.0000 482 446 0.9253
3415.0000 482 447 0.9274
3417.0000 483 447 0.9255
3424.0000 484 447 0.9236
3430.0000 485 447 0.9216
3432.0000 485 448 0.9237
3435.0000 485 449 0.9258
3439.0000 486 449 0.9239
3443.0000 486 450 0.9259
3445.0000 486 451 0.9280
3446.0000 487 451 0.9261
3447.0000 487 452 0.9281
3449.0000 487 453 0.9302
3453.0000 488 453 0.9283
3454.0000 488 454 0.9303
3458.0000 488 455 0.9324
3460.0000 489 455 0.9305
3465.0000 489 456 0.9325
3467.0000 490 456 0.9306
3470.0000 490 457 0.9327
3472.0000 491 457 0.9308
3475.0000 491 458 0.9328
3477.0000 492 458 0.9309
3477.0000 492 459 0.9329
3484.0000 493 459 0.9310
3485.0000 493 460 0.9331
3492.0000 494 460 0.9312
3500.0000 495 460 0.9293
3502.0000 495 461 0.9313
3506.0000 496 461 0.9294
3511.0000 496 462 0.9315
3511.0000 496 463 0.9335
3512.0000 497 463 0.9316
3512.0000 497 464 0.9336
3513.0000 497 465 0.9356
3514.0000 497 466 0.9376
3519.0000 498 466 0.9357
3525.0000 499 466 0.9339
3531.0000 500 466 0.9320
3537.0000 501 466 0.9301
3542.0000 501 467 0.9321
3546.0000 502 467 0.9303
3548.0000 502 468 0.9323
3555.0000 503 468 0.9304
3561.0000 504 468 0.9286
3566.0000 504 469 0.9306
3570.0000 505 469 0.9287
3578.0000 506 469 0.9269
3586.0000 507 469 0.9250
3588.0000 507 470 0.9270
3588.0000 507 471 0.9290
3593.0000 508 471 0.9272
3593.0000 508 472 0.9291
3597.0000 508 473 0.9311
3599.0000 509 473 0.9293
3600.0000 509 474 0.9312
3600.0000 509 475 0.9332
3608.0000 510 475 0.9314
3612.0000 510 476 0.9333
3613.0000 511 476 0.9315
3613.0000 511 477 0.9335
3620.0000 512 477 0.9316
3624.0000 512 478 0.9336
3625.0000 513 478 0.9318
3630.0000 514 478 0.9300
3635.0000 515 478 0.9282
3639.0000 515 479 0.9301
3643.0000 516 479 0.9283
3643.0000 516 480 0.9302
3649.0000 516 481 0.9322
3652.0000 517 481 0.9304
3654.0000 517 482 0.9323
3658.0000 517 483 0.9342
3658.0000 517 484 0.9362
3660.0000 518 484 0.9344
3660.0000 518 485 0.9363
3666.0000 519 485 0.9345
3668.0000 519 486 0.9364
3671.0000 520 486 0.9346
3673.0000 520 487 0.9365
3675.0000 520 488 0.9385
3679.0000 521 488 0.9367
3684.0000 522 488 0.9349
3691.0000 523 488 0.9331
3697.0000 524 488 0.9313
3702.0000 525 488 0.9295
3702.0000 525 489 0.9314
3704.0000 525 490 0.9333
3706.0000 525 491 0.9352
3707.0000 525 492 0.9371
3708.0000 526 492 0.9354
3708.0000 526 493 0.9373
3708.0000 526 494 0.9392
3717.0000 527 494 0.9374
3719.0000 527 495 0.9393
3725.0000 528 495 0.9375
3726.0000 528 496 0.9394
3730.0000 529 496 0.9376
3738.0000 529 497 0.9395
3739.0000 530 497 0.9377
3739.0000 530 498 0.9396
3741.0000 530 499 0.9415
3741.0000 530 500 0.9434
3747.0000 531 500 0.9416
3751.0000 531 501 0.9435
3753.0000 531 502 0.9454
3756.0000 532 502 0.9436
3764.0000 533 502 0.9418
3767.0000 533 503 0.9437
3772.0000 534 503 0.9419
3780.0000 535 503 0.9402
3785.0000 535 504 0.9421
3787.0000 536 504 0.9403
3788.0000 536 505 0.9422
3791.0000 536 506 0.9440
3796.0000 537 506 0.9423
3796.0000 537 507 0.9441
3799.0000 537 508 0.9460
3804.0000 537 509 0.9479
3805.0000 538 509 0.9461
3806.0000 538 510 0.9480
3812.0000 539 510 0.9462
3817.0000 540 510 0.9444
3822.0000 540 511 0.9463
3826.0000 541 511 0.9445
3826.0000 541 512 0.9464
3828.0000 541 513 0.9482
3833.0000 542 513 0.9465
3838.0000 543 513 0.9448
3841.0000 543 514 0.9466
3845.0000 544 514 0.9449
3852.0000 545 514 0.9431
3853.0000 545 515 0.9450
3858.0000 546 515 0.9432
3863.0000 547 515 0.9415
3872.0000 548 515 0.9398
3875.0000 548 516 0.9416
3877.0000 548 517 0.9434
3880.0000 549 517 0.9417
3884.0000 549 518 0.9435
3886.0000 549 519 0.9454
3888.0000 550 519 0.9436
3890.0000 550 520 0.9455
3897.0000 551 520 0.9437
3903.0000 552 520 0.9420
3909.0000 553 520 0.9403
3915.0000 554 520 0.9386
3919.0000 554 521 0.9404
3922.0000 555 521 0.9387
3927.0000 556 521 0.9371
3929.0000 556 522 0.9388
3934.0000 557 522 0.9372
3942.0000 558 522 0.9355
3947.0000 559 522 0.9338
3954.0000 560 522 0.9321
3959.0000 560 523 0.9339
3960.0000 560 524 0.9357
3961.0000 560 525 0.9375
3961.0000 560 526 0.9393
3963.0000 561 526 0.9376
3963.0000 561 527 0.9394
3964.0000 561 528 0.9412
3966.0000 561 529 0.9430
3967.0000 561 530 0.9447
3970.0000 562 530 0.9431
3978.0000 563 530 0.9414
3983.0000 563 531 0.9432
3985.0000 564 531 0.9415
3989.0000 564 532 0.9433
3990.0000 565 532 0.9416
3993.0000 565 533 0.9434
3993.0000 565 534 0.9451
3995.0000 565 535 0.9469
3995.0000 565 536 0.9487
3996.0000 565 537 0.9504
3997.0000 566 537 0.9488
3997.0000 566 538 0.9505
4002.0000 567 538 0.9489
4002.0000 567 539 0.9506
4004.0000 567 540 0.9524
4006.0000 567 541 0.9541
4009.0000 567 542 0.9559
4011.0000 568 542 0.9542
4017.0000 569 542 0.9525
4018.0000 569 543 0.9543
4023.0000 570 543 0.9526
4030.0000 571 543 0.9510
4032.0000 571 544 0.9527
4038.0000 572 544 0.9510
4046.0000 573 544 0.9494
4047.0000 573 545 0.9511
4051.0000 573 546 0.9529
4051.0000 573 547 0.9546
4052.0000 574 547 0.9530
4061.0000 575 547 0.9513
4065.0000 575 548 0.9530
4067.0000 576 548 0.9514
4067.0000 576 549 0.9531
4076.0000 577 549 0.9515
4080.0000 577 550 0.9532
4083.0000 578 550 0.9516
4091.0000 579 550 0.9499
4093.0000 579 551 0.9516
4093.0000 579 552 0.9534
4095.0000 579 553 0.9551
4096.0000 580 553 0.9534
4105.0000 581 553 0.9518
4113.0000 582 553 0.9502
4118.0000 582 554 0.9519
4122.0000 583 554 0.9503
4122.0000 583 555 0.9520
4124.0000 583 556 0.9537
4127.0000 584 556 0.9521
4129.0000 584 557 0.9538
4135.0000 585 557 0.9521
4143.0000 586 557 0.9505
4150.0000 586 558 0.9522
4152.0000 587 558 0.9506
4157.0000 588 558 0.9490
4157.0000 588 559 0.9507
4159.0000 588 560 0.9524
4166.0000 589 560 0.9508
4168.0000 589 561 0.9525
4174.0000 590 561 0.9508
4181.0000 591 561 0.9492
4186.0000 592 561 0.9476
4187.0000 592 562 0.9493
4190.0000 592 563 0.9510
4191.0000 592 564 0.9527
4192.0000 593 564 0.9511
4200.0000 593 565 0.9528
4201.0000 594 565 0.9512
4208.0000 595 565 0.9496
4215.0000 595 566 0.9513
4216.0000 596 566 0.9497
4218.0000 596 567 0.9513
4219.0000 596 568 0.9530
4222.0000 596 569 0.9547
4223.0000 597 569 0.9531
4229.0000 598 569 0.9515
4235.0000 599 569 0.9499
4236.0000 599 570 0.9516
4238.0000 599 571 0.9533
4241.0000 600 571 0.9517
4248.0000 600 572 0.9533
4249.0000 600 573 0.9550
4249.0000 600 574 0.9567
4250.0000 601 574 0.9551
4250.0000 601 575 0.9567
4254.0000 601 576 0.9584
4255.0000 602 576 0.9568
4264.0000 603 576 0.9552
4266.0000 603 577 0.9569
4272.0000 604 577 0.9553
4275.0000 604 578 0.9570
4277.0000 605 578 0.9554
4279.0000 605 579 0.9570
4286.0000 606 579 0.9554
4291.0000 607 579 0.9539
4296.0000 608 579 0.9523
4299.0000 608 580 0.9539
4302.0000 609 580 0.9524
4302.0000 609 581 0.9540
4309.0000 610 581 0.9525
4310.0000 610 582 0.9541
4310.0000 610 583 0.9557
4315.0000 611 583 0.9542
4320.0000 612 583 0.9526
4322.0000 612 584 0.9542
4328.0000 612 585 0.9559
4328.0000 612 586 0.9575
4329.0000 613 586 0.9560
4335.0000 614 586 0.9544
4343.0000 615 586 0.9528
4351.0000 616 586 0.9513
4356.0000 617 586 0.9498
4361.0000 618 586 0.9482
4368.0000 619 586 0.9467
4373.0000 619 587 0.9483
4375.0000 620 587 0.9468
4376.0000 620 588 0.9484
4378.0000 620 589 0.9500
4381.0000 621 589 0.9485
4385.0000 621 590 0.9501
4388.0000 621 591 0.9517
4390.0000 622 591 0.9502
4392.0000 622 592 0.9518
4395.0000 622 593 0.9534
4396.0000 623 593 0.9518
4396.0000 623 594 0.9535
4396.0000 623 595 0.9551
4404.0000 624 595 0.9535
4405.0000 624 596 0.9551
4407.0000 624 597 0.9567
4408.0000 624 598 0.9583
4408.0000 624 599 0.9599
4413.0000 625 599 0.9584
4417.0000 625 600 0.9600
4421.0000 626 600 0.9585
4425.0000 626 601 0.9601
4426.0000 627 601 0.9585
4431.0000 628 601 0.9570
4436.0000 628 602 0.9586
4437.0000 629 602 0.9571
4442.0000 629 603 0.9587
4446.0000 630 603 0.9571
4448.0000 630 604 0.9587
4450.0000 630 605 0.9603
4452.0000 631 605 0.9588
4452.0000 631 606 0.9604
4458.0000 632 606 0.9589
4460.0000 632 607 0.9604
4465.0000 633 607 0.9589
4471.0000 634 607 0.9574
4473.0000 634 608 0.9590
4476.0000 635 608 0.9575
4482.0000 636 608 0.9560
4487.0000 637 608 0.9545
4487.0000 637 609 0.9560
4489.0000 637 610 0.9576
4490.0000 637 611 0.9592
4494.0000 638 611 0.9577
4496.0000 638 612 0.9592
4503.0000 639 612 0.9577
4504.0000 639 613 0.9593
4506.0000 639 614 0.9609
4511.0000 640 614 0.9594
4511.0000 640 615 0.9609
4517.0000 641 615 0.9594
4519.0000 641 616 0.9610
4523.0000 641 617 0.9626
4525.0000 642 617 0.9611
4529.0000 642 618 0.9626
4530.0000 643 618 0.9611
4536.0000 644 618 0.9596
4545.0000 645 618 0.9581
4553.0000 646 618 0.9567
4558.0000 647 618 0.9552
4567.0000 648 618 0.9537
4573.0000 648 619 0.9552
4574.0000 649 619 0.9538
4582.0000 650 619 0.9523
4585.0000 650 620 0.9538
4588.0000 651 620 0.9524
4594.0000 652 620 0.9509
4599.0000 653 620 0.9495
4607.0000 654 620 0.9480
4611.0000 654 621 0.9495
4612.0000 655 621 0.9481
4612.0000 655 622 0.9496
4621.0000 656 622 0.9482
4625.0000 656 623 0.9497
4627.0000 657 623 0.9482
4632.0000 657 624 0.9498
4634.0000 658 624 0.9483
4642.0000 659 624 0.9469
4651.0000 660 624 0.9455
4657.0000 661 624 0.9440
4663.0000 662 624 0.9426
4664.0000 662 625 0.9441
4669.0000 663 625 0.9427
4669.0000 663 626 0.9442
4671.0000 663 627 0.9457
4673.0000 663 628 0.9472
4678.0000 664 628 0.9458
4682.0000 664 629 0.9473
4683.0000 664 630 0.9488
4683.0000 664 631 0.9503
4684.0000 665 631 0.9489
4691.0000 666 631 0.9474
4692.0000 666 632 0.9489
4697.0000 667 632 0.9475
4700.0000 667 633 0.9490
4702.0000 667 634 0.9505
4706.0000 668 634 0.9491
4708.0000 668 635 0.9506
4709.0000 668 636 0.9521
4710.0000 668 637 0.9536
4711.0000 668 638 0.9551
4712.0000 669 638 0.9537
4720.0000 670 638 0.9522
4728.0000 671 638 0.9508
4737.0000 672 638 0.9494
4741.0000 672 639 0.9509
4743.0000 672 640 0.9524
4744.0000 673 640 0.9510
4752.0000 674 640 0.9496
4757.0000 675 640 0.9481
4763.0000 675 641 0.9496
4765.0000 675 642 0.9511
4766.0000 676 642 0.9497
4767.0000 676 643 0.9512
4768.0000 676 644 0.9527
4771.0000 676 645 0.9541
4772.0000 677 645 0.9527
4781.0000 678 645 0.9513
4784.0000 678 646 0.9528
4785.0000 678 647 0.9543
4786.0000 679 647 0.9529
4792.0000 680 647 0.9515
4794.0000 680 648 0.9529
4798.0000 680 649 0.9544
4799.0000 681 649 0.9530
4800.0000 681 650 0.9545
4804.0000 682 650 0.9531
4809.0000 683 650 0.9517
4815.0000 684 650 0.9503
4822.0000 685 650 0.9489
4826.0000 685 651 0.9504
4828.0000 685 652 0.9518
4831.0000 686 652 0.9504
4839.0000 687 652 0.9491
4845.0000 688 652 0.9477
4854.0000 689 652 0.9463
4862.0000 690 652 0.9449
4866.0000 690 653 0.9464
4867.0000 691 653 0.9450
4868.0000 691 654 0.9465
4871.0000 691 655 0.9479
4873.0000 691 656 0.9493
4874.0000 692 656 0.9480
4881.0000 693 656 0.9466
4890.0000 694 656 0.9452
4892.0000 694 657 0.9467
4895.0000 694 658 0.9481
4896.0000 695 658 0.9468
4902.0000 696 658 0.9454
4903.0000 696 659 0.9468
4908.0000 697 659 0.9455
4917.0000 698 659 0.9441
4919.0000 698 660 0.9456
4923.0000 699 660 0.9442
4928.0000 700 660 0.9429
4931.0000 700 661 0.9443
4933.0000 700 662 0.9457
4935.0000 700 663 0.9471
4936.0000 700 664 0.9486
4937.0000 701 664 0.9472
4937.0000 701 665 0.9486
4939.0000 701 666 0.9501
4945.0000 702 666 0.9487
4950.0000 703 666 0.9474
4951.0000 703 667 0.9488
4958.0000 703 668 0.9502
4959.0000 704 668 0.9489
4960.0000 704 669 0.9503
4964.0000 705 669 0.9489
4965.0000 705 670 0.9504
4969.0000 705 671 0.9518
4970.0000 706 671 0.9504
4975.0000 706 672 0.9518
4978.0000 707 672 0.9505
4983.0000 708 672 0.9492
4987.0000 708 673 0.9506
4988.0000 709 673 0.9492
4991.0000 709 674 0.9506
4993.0000 709 675 0.9520
4997.0000 710 675 0.9507
5004.0000 711 675 0.9494
5007.0000 711 676 0.9508
5010.0000 711 677 0.9522
5013.0000 712 677 0.9508
5019.0000 713 677 0.9495
5028.0000 714 677 0.9482
5031.0000 714 678 0.9496
5036.0000 715 678 0.9483
5044.0000 716 678 0.9469
5044.0000 716 679 0.9483
5047.0000 716 680 0.9497
5053.0000 717 680 0.9484
5055.0000 717 681 0.9498
5058.0000 718 681 0.9485
5059.0000 718 682 0.9499
5061.0000 718 683 0.9513
5067.0000 719 683 0.9499
5068.0000 719 684 0.9513
5070.0000 719 685 0.9527
5073.0000 720 685 0.9514
5073.0000 720 686 0.9528
5081.0000 721 686 0.9515
5086.0000 722 686 0.9501
5092.0000 722 687 0.9515
5093.0000 723 687 0.9502
5099.0000 724 687 0.9489
5102.0000 724 688 0.9503
5103.0000 724 689 0.9517
5105.0000 724 690 0.9530
5108.0000 725 690 0.9517
5109.0000 725 691 0.9531
5111.0000 725 692 0.9545
5113.0000 725 693 0.9559
5115.0000 725 694 0.9572
5116.0000 726 694 0.9559
5122.0000 726 695 0.9573
5124.0000 727 695 0.9560
5132.0000 727 696 0.9574
5133.0000 728 696 0.9560
5139.0000 728 697 0.9574
5140.0000 728 698 0.9588
5142.0000 729 698 0.9575
5147.0000 730 698 0.9562
5155.0000 731 698 0.9549
5158.0000 731 699 0.9562
5161.0000 732 699 0.9549
5162.0000 732 700 0.9563
5162.0000 732 701 0.9577
5166.0000 733 701 0.9563
5175.0000 734 701 0.9550
5180.0000 735 701 0.9537
5186.0000 736 701 0.9524
5190.0000 736 702 0.9538
5190.0000 736 703 0.9552
5194.0000 736 704 0.9565
5195.0000 737 704 0.9552
5201.0000 737 705 0.9566
5202.0000 738 705 0.9553
5205.0000 738 706 0.9566
5209.0000 739 706 0.9553
5211.0000 739 707 0.9567
5212.0000 739 708 0.9581
5218.0000 740 708 0.9568
5224.0000 741 708 0.9555
5229.0000 741 709 0.9568
5232.0000 742 709 0.9555
5239.0000 743 709 0.9542
5240.0000 743 710 0.9556
5244.0000 744 710 0.9543
5250.0000 745 710 0.9530
5256.0000 746 710 0.9517
5261.0000 746 711 0.9531
5264.0000 747 711 0.9518
5273.0000 748 711 0.9505
5278.0000 748 712 0.9519
5280.0000 748 713 0.9532
5282.0000 749 713 0.9519
5284.0000 749 714 0.9533
5290.0000 750 714 0.9520
5295.0000 750 715 0.9533
5298.0000 751 715 0.9521
5305.0000 752 715 0.9508
5312.0000 753 715 0.9495
5320.0000 754 715 0.9483
5321.0000 754 716 0.9496
5323.0000 754 717 0.9509
5325.0000 754 718 0.9523
5328.0000 755 718 0.9510
5335.0000 756 718 0.9497
5336.0000 756 719 0.9511
5340.0000 756 720 0.9524
5341.0000 756 721 0.9537
5344.0000 757 721 0.9524
5345.0000 757 722 0.9538
5352.0000 758 722 0.9525
5359.0000 759 722 0.9513
5366.0000 760 722 0.9500
5368.0000 760 723 0.9513
5370.0000 760 724 0.9526
5372.0000 761 724 0.9514
5374.0000 761 725 0.9527
5376.0000 761 726 0.9540
5379.0000 762 726 0.9528
5384.0000 763 726 0.9515
5389.0000 764 726 0.9503
5395.0000 765 726 0.9490
5402.0000 766 726 0.9478
5408.0000 766 727 0.9491
5410.0000 766 728 0.9504
5411.0000 767 728 0.9492
5417.0000 768 728 0.9479
5423.0000 769 728 0.9467
5423.0000 769 729 0.9480
5429.0000 770 729 0.9468
5431.0000 770 730 0.9481
5438.0000 771 730 0.9468
5444.0000 772 730 0.9456
5452.0000 773 730 0.9444
5452.0000 773 731 0.9457
5457.0000 774 731 0.9444
5466.0000 775 731 0.9432
5467.0000 775 732 0.9445
5471.0000 775 733 0.9458
5472.0000 776 733 0.9446
5472.0000 776 734 0.9459
5474.0000 776 735 0.9472
5480.0000 777 735 0.9459
5489.0000 778 735 0.9447
5492.0000 778 736 0.9460
5495.0000 778 737 0.9473
5497.0000 779 737 0.9461
5504.0000 780 737 0.9449
5511.0000 781 737 0.9437
5514.0000 781 738 0.9449
5514.0000 781 739 0.9462
5518.0000 782 739 0.9450
5523.0000 783 739 0.9438
5530.0000 784 739 0.9426
5530.0000 784 740 0.9439
5537.0000 785 740 0.9427
5539.0000 785 741 0.9439
5541.0000 785 742 0.9452
5546.0000 786 742 0.9440
5555.0000 787 742 0.9428
5564.0000 788 742 0.9416
5573.0000 789 742 0.9404
5580.0000 789 743 0.9417
5581.0000 790 743 0.9405
5581.0000 790 744 0.9418
5582.0000 790 745 0.9430
5583.0000 790 746 0.9443
5584.0000 790 747 0.9456
5590.0000 791 747 0.9444
5591.0000 791 748 0.9456
5595.0000 792 748 0.9444
5603.0000 793 748 0.9433
5604.0000 793 749 0.9445
5605.0000 793 750 0.9458
5610.0000 794 750 0.9446
5610.0000 794 751 0.9458
5618.0000 795 751 0.9447
5623.0000 795 752 0.9459
5624.0000 796 752 0.9447
5627.0000 796 753 0.9460
5633.0000 797 753 0.9448
5638.0000 798 753 0.9436
5646.0000 799 753 0.9424
5654.0000 800 753 0.9413
5654.0000 800 754 0.9425
5663.0000 801 754 0.9413
5668.0000 802 754 0.9401
5673.0000 802 755 0.9414
5677.0000 803 755 0.9402
5682.0000 803 756 0.9415
5685.0000 804 756 0.9403
5686.0000 804 757 0.9415
5694.0000 805 757 0.9404
5700.0000 806 757 0.9392
5700.0000 806 758 0.9404
5706.0000 807 758 0.9393
5712.0000 807 759 0.9405
5715.0000 808 759 0.9394
5720.0000 809 759 0.9382
5721.0000 809 760 0.9394
5728.0000 810 760 0.9383
5735.0000 811 760 0.9371
5736.0000 811 761 0.9383
5738.0000 811 762 0.9396
5740.0000 811 763 0.9408
5742.0000 812 763 0.9397
5742.0000 812 764 0.9409
5743.0000 812 765 0.9421
5747.0000 812 766 0.9433
5748.0000 813 766 0.9422
5749.0000 813 767 0.9434
5753.0000 813 768 0.9446
5754.0000 814 768 0.9435
5759.0000 815 768 0.9423
5766.0000 816 768 0.9412
5772.0000 817 768 0.9400
5772.0000 817 769 0.9412
5780.0000 818 769 0.9401
5785.0000 818 770 0.9413
5787.0000 819 770 0.9402
5792.0000 820 770 0.9390
5796.0000 820 771 0.9402
5799.0000 821 771 0.9391
5802.0000 821 772 0.9403
5808.0000 822 772 0.9392
5808.0000 822 773 0.9404
5809.0000 822 774 0.9416
5815.0000 822 775 0.9428
5816.0000 823 775 0.9417
5818.0000 823 776 0.9429
5819.0000 823 777 0.9441
5821.0000 823 778 0.9453
5821.0000 823 779 0.9465
5823.0000 823 780 0.9478
5825.0000 824 780 0.9466
5825.0000 824 781 0.9478
5833.0000 825 781 0.9467
5839.0000 826 781 0.9455
5844.0000 827 781 0.9444
5849.0000 827 782 0.9456
5852.0000 828 782 0.9444
5852.0000 828 783 0.9457
5855.0000 828 784 0.9469
5855.0000 828 785 0.9481
5860.0000 829 785 0.9469
5862.0000 829 786 0.9481
5863.0000 829 787 0.9493
5867.0000 830 787 0.9482
5874.0000 830 788 0.9494
5876.0000 831 788 0.9483
5878.0000 831 789 0.9495
5884.0000 832 789 0.9483
5884.0000 832 790 0.9495
5890.0000 832 791 0.9507
5892.0000 833 791 0.9496
5899.0000 833 792 0.9508
5900.0000 833 793 0.9520
5901.0000 834 793 0.9508
5901.0000 834 794 0.9520
5903.0000 834 795 0.9532
5910.0000 835 795 0.9521
5916.0000 835 796 0.9533
5919.0000 836 796 0.9522
5924.0000 837 796 0.9510
5932.0000 838 796 0.9499
5936.0000 838 797 0.9511
5939.0000 839 797 0.9499
5946.0000 840 797 0.9488
5951.0000 841 797 0.9477
5953.0000 841 798 0.9489
5953.0000 841 799 0.9501
5959.0000 842 799 0.9489
5968.0000 843 799 0.9478
5971.0000 843 800 0.9490
5974.0000 844 800 0.9479
5982.0000 845 800 0.9467
5989.0000 846 800 0.9456
5995.0000 847 800 0.9445
6000.0000 848 800 0.9434
6001.0000 848 801 0.9446
6003.0000 848 802 0.9458
6004.0000 848 803 0.9469
6006.0000 848 804 0.9481
6007.0000 848 805 0.9493
6008.0000 849 805 0.9482
6008.0000 849 806 0.9494
6009.0000 849 807 0.9505
6011.0000 849 808 0.9517
6015.0000 850 808 0.9506
6018.0000 850 809 0.9518
6021.0000 850 810 0.9529
6023.0000 851 810 0.9518
6029.0000 851 811 0.9530
6030.0000 852 811 0.9519
6031.0000 852 812 0.9531
6035.0000 853 812 0.9519
6039.0000 853 813 0.9531
6041.0000 854 813 0.9520
6047.0000 855 813 0.9509
6054.0000 856 813 0.9498
6061.0000 857 813 0.9487
6067.0000 857 814 0.9498
6068.0000 858 814 0.9487
6069.0000 858 815 0.9499
6071.0000 858 816 0.9510
6076.0000 858 817 0.9522
6077.0000 859 817 0.9511
6080.0000 859 818 0.9523
6085.0000 860 818 0.9512
6093.0000 860 819 0.9523
6094.0000 861 819 0.9512
6100.0000 861 820 0.9524
6101.0000 861 821 0.9535
6103.0000 862 821 0.9524
6110.0000 863 821 0.9513
6110.0000 863 822 0.9525
6110.0000 863 823 0.9537
6113.0000 863 824 0.9548
6113.0000 863 825 0.9560
6116.0000 864 825 0.9549
6117.0000 864 826 0.9560
6123.0000 865 826 0.9549
6123.0000 865 827 0.9561
6129.0000 866 827 0.9550
6137.0000 867 827 0.9539
6137.0000 867 828 0.9550
6138.0000 867 829 0.9562
6139.0000 867 830 0.9573
6143.0000 867 831 0.9585
6145.0000 867 832 0.9596
6145.0000 867 833 0.9608
6146.0000 868 833 0.9597
6152.0000 868 834 0.9608
6155.0000 869 834 0.9597
6161.0000 870 834 0.9586
6169.0000 871 834 0.9575
6174.0000 871 835 0.9587
6175.0000 872 835 0.9576
6183.0000 873 835 0.9565
6190.0000 874 835 0.9554
6191.0000 874 836 0.9565
6196.0000 874 837 0.9577
6199.0000 875 837 0.9566
6205.0000 876 837 0.9555
6211.0000 877 837 0.9544
6214.0000 877 838 0.9555
6215.0000 877 839 0.9567
6216.0000 878 839 0.9556
6216.0000 878 840 0.9567
6217.0000 878 841 0.9579
6221.0000 879 841 0.9568
6224.0000 879 842 0.9579
6227.0000 879 843 0.9590
6228.0000 880 843 0.9580
6228.0000 880 844 0.9591
6229.0000 880 845 0.9602
6230.0000 880 846 0.9614
6233.0000 881 846 0.9603
6242.0000 882 846 0.9592
6246.0000 882 847 0.9603
6249.0000 882 848 0.9615
6251.0000 883 848 0.9604
6257.0000 884 848 0.9593
6260.0000 884 849 0.9604
6260.0000 884 850 0.9615
6262.0000 885 850 0.9605
6269.0000 886 850 0.9594
6276.0000 887 850 0.9583
6284.0000 888 850 0.9572
6289.0000 889 850 0.9561
6290.0000 889 851 0.9573
6294.0000 889 852 0.9584
6297.0000 890 852 0.9573
6298.0000 890 853 0.9584
6306.0000 891 853 0.9574
6306.0000 891 854 0.9585
6308.0000 891 855 0.9596
6308.0000 891 856 0.9607
6314.0000 892 856 0.9596
6323.0000 893 856 0.9586
6328.0000 894 856 0.9575
6328.0000 894 857 0.9586
6334.0000 895 857 0.9575
6340.0000 896 857 0.9565
6349.0000 897 857 0.9554
6356.0000 897 858 0.9565
6357.0000 897 859 0.9576
6358.0000 898 859 0.9566
6364.0000 898 860 0.9577
6366.0000 899 860 0.9566
6373.0000 900 860 0.9556
6374.0000 900 861 0.9567
6376.0000 900 862 0.9578
6378.0000 901 862 0.9567
6380.0000 901 863 0.9578
6381.0000 901 864 0.9589
6386.0000 902 864 0.9579
6386.0000 902 865 0.9590
6394.0000 902 866 0.9601
6395.0000 903 866 0.9590
6400.0000 904 866 0.9580
6403.0000 904 867 0.9591
6405.0000 905 867 0.9580
6412.0000 906 867 0.9570
6417.0000 906 868 0.9581
6418.0000 907 868 0.9570
6420.0000 907 869 0.9581
6426.0000 908 869 0.9570
6426.0000 908 870 0.9581
6433.0000 909 870 0.9571
6438.0000 909 871 0.9582
6440.0000 910 871 0.9571
6445.0000 910 872 0.9582
6448.0000 911 872 0.9572
6451.0000 911 873 0.9583
6456.0000 912 873 0.9572
6461.0000 913 873 0.9562
6467.0000 914 873 0.9551
6469.0000 914 874 0.9562
6474.0000 914 875 0.9573
6476.0000 915 875 0.9563
6483.0000 916 875 0.9552
6486.0000 916 876 0.9563
6489.0000 917 876 0.9553
6494.0000 917 877 0.9564
6495.0000 917 878 0.9575
6498.0000 918 878 0.9564
6506.0000 919 878 0.9554
6511.0000 920 878 0.9543
6520.0000 921 878 0.9533
6526.0000 922 878 0.9523
6529.0000 922 879 0.9534
6533.0000 923 879 0.9523
6534.0000 923 880 0.9534
6536.0000 923 881 0.9545
6538.0000 924 881 0.9535
6544.0000 924 882 0.9545
6545.0000 925 882 0.9535
6551.0000 925 883 0.9546
6554.0000 926 883 0.9536
6558.0000 926 884 0.9546
6561.0000 927 884 0.9536
6561.0000 927 885 0.9547
6566.0000 927 886 0.9558
6566.0000 927 887 0.9569
6568.0000 927 888 0.9579
6569.0000 928 888 0.9569
6574.0000 928 889 0.9580
6575.0000 928 890 0.9591
6576.0000 928 891 0.9601
6577.0000 929 891 0.9591
6580.0000 929 892 0.9602
6581.0000 929 893 0.9612
6581.0000 929 894 0.9623
6582.0000 929 895 0.9634
6583.0000 930 895 0.9624
6585.0000 930 896 0.9634
6591.0000 931 896 0.9624
6600.0000 932 896 0.9614
6605.0000 933 896 0.9603
6612.0000 933 897 0.9614
6613.0000 934 897 0.9604
6619.0000 934 898 0.9615
6621.0000 935 898 0.9604
6621.0000 935 899 0.9615
6623.0000 935 900 0.9626
6627.0000 936 900 0.9615
6627.0000 936 901 0.9626
6633.0000 937 901 0.9616
6638.0000 938 901 0.9606
6640.0000 938 902 0.9616
6641.0000 938 903 0.9627
6643.0000 939 903 0.9617
6648.0000 940 903 0.9606
6649.0000 940 904 0.9617
6651.0000 940 905 0.9628
6657.0000 941 905 0.9617
6662.0000 942 905 0.9607
6663.0000 942 906 0.9618
6669.0000 943 906 0.9608
6673.0000 943 907 0.9618
6676.0000 944 907 0.9608
6677.0000 944 908 0.9619
6683.0000 944 909 0.9629
6685.0000 945 909 0.9619
6692.0000 946 909 0.9609
6693.0000 946 910 0.9619
6699.0000 947 910 0.9609
6706.0000 948 910 0.9599
6711.0000 949 910 0.9589
6717.0000 950 910 0.9579
6717.0000 950 911 0.9589
6722.0000 951 911 0.9579
6730.0000 952 911 0.9569
6731.0000 952 912 0.9580
6736.0000 952 913 0.9590
6739.0000 953 913 0.9580
6741.0000 953 914 0.9591
6745.0000 954 914 0.9581
6751.0000 954 915 0.9591
6753.0000 955 915 0.9581
6757.0000 955 916 0.9592
6759.0000 955 917 0.9602
6762.0000 956 917 0.9592
6764.0000 956 918 0.9603
6766.0000 956 919 0.9613
6771.0000 957 919 0.9603
6773.0000 957 920 0.9613
6775.0000 957 921 0.9624
6780.0000 958 921 0.9614
6783.0000 958 922 0.9624
6783.0000 958 923 0.9635
6786.0000 959 923 0.9625
6788.0000 959 924 0.9635
6791.0000 959 925 0.9645
6795.0000 960 925 0.9635
6797.0000 960 926 0.9646
6804.0000 961 926 0.9636
6807.0000 961 927 0.9646
6809.0000 962 927 0.9636
6811.0000 962 928 0.9647
6813.0000 962 929 0.9657
6816.0000 963 929 0.9647
6823.0000 964 929 0.9637
6826.0000 964 930 0.9647
6828.0000 964 931 0.9658
6830.0000 965 931 0.9648
6838.0000 966 931 0.9638
6838.0000 966 932 0.9648
6844.0000 967 932 0.9638
6846.0000 967 933 0.9648
6850.0000 968 933 0.9638
6858.0000 969 933 0.9628
6864.0000 970 933 0.9619
6864.0000 970 934 0.9629
6871.0000 971 934 0.9619
6877.0000 971 935 0.9629
6878.0000 972 935 0.9619
6884.0000 972 936 0.9630
6884.0000 972 937 0.9640
6885.0000 973 937 0.9630
6888.0000 973 938 0.9640
6890.0000 974 938 0.9630
6896.0000 975 938 0.9621
6901.0000 976 938 0.9611
6901.0000 976 939 0.9621
6902.0000 976 940 0.9631
6909.0000 977 940 0.9621
6911.0000 977 941 0.9632
6918.0000 978 941 0.9622
6919.0000 978 942 0.9632
6922.0000 978 943 0.9642
6927.0000 979 943 0.9632
6934.0000 980 943 0.9622
6941.0000 981 943 0.9613
6942.0000 981 944 0.9623
6948.0000 982 944 0.9613
6949.0000 982 945 0.9623
6957.0000 983 945 0.9613
6964.0000 984 945 0.9604
6972.0000 985 945 0.9594
6977.0000 986 945 0.9584
6977.0000 986 946 0.9594
6978.0000 986 947 0.9604
6982.0000 987 947 0.9595
6988.0000 988 947 0.9585
6991.0000 988 948 0.9595
6992.0000 988 949 0.9605
6992.0000 988 950 0.9615
6994.0000 988 951 0.9626
6996.0000 989 951 0.9616
7002.0000 989 952 0.9626
7004.0000 989 953 0.9636
7005.0000 990 953 0.9626
7005.0000 990 954 0.9636
7011.0000 991 954 0.9627
7015.0000 991 955 0.9637
7017.0000 991 956 0.9647
7020.0000 992 956 0.9637
7022.0000 992 957 0.9647
7027.0000 993 957 0.9637
7034.0000 994 957 0.9628
7034.0000 994 958 0.9638
7036.0000 994 959 0.9648
7039.0000 994 960 0.9658
7042.0000 995 960 0.9648
7046.0000 995 961 0.9658
7048.0000 996 961 0.9649
7053.0000 996 962 0.9659
7055.0000 997 962 0.9649
7055.0000 997 963 0.9659
7058.0000 997 964 0.9669
7064.0000 998 964 0.9659
7071.0000 999 964 0.9650
7071.0000 999 965 0.9660
7072.0000 999 966 0.9670
7076.0000 1000 966 0.9660
7076.0000 1000 967 0.9670
7077.0000 1000 968 0.9680
7078.0000 1000 969 0.9690
7079.0000 1000 970 0.9700
7080.0000 1000 971 0.9710
7082.0000 1001 971 0.9700
7084.0000 1001 972 0.9710
7090.0000 1002 972 0.9701
7097.0000 1003 972 0.9691
7097.0000 1003 973 0.9701
7100.0000 1003 974 0.9711
7101.0000 1003 975 0.9721
7102.0000 1004 975 0.9711
7109.0000 1005 975 0.9701
7118.0000 1006 975 0.9692
7124.0000 1007 975 0.9682
7130.0000 1008 975 0.9673
7133.0000 1008 976 0.9683
7139.0000 1009 976 0.9673
7144.0000 1010 976 0.9663
7146.0000 1010 977 0.9673
7153.0000 1011 977 0.9664
7153.0000 1011 978 0.9674
7154.0000 1011 979 0.9683
7159.0000 1011 980 0.9693
7160.0000 1012 980 0.9684
7167.0000 1013 980 0.9674
7176.0000 1014 980 0.9665
7183.0000 1015 980 0.9655
7189.0000 1016 980 0.9646
7198.0000 1017 980 0.9636
7199.0000 1017 981 0.9646
7205.0000 1018 981 0.9637
7205.0000 1018 982 0.9646
7207.0000 1018 983 0.9656
7209.0000 1018 984 0.9666
7211.0000 1019 984 0.9657
7217.0000 1020 984 0.9647
7222.0000 1021 984 0.9638
7226.0000 1021 985 0.9647
7228.0000 1021 986 0.9657
7229.0000 1022 986 0.9648
7237.0000 1023 986 0.9638
7243.0000 1023 987 0.9648
7244.0000 1024 987 0.9639
7250.0000 1024 988 0.9648
7253.0000 1025 988 0.9639
7258.0000 1025 989 0.9649
7260.0000 1026 989 0.9639
7264.0000 1026 990 0.9649
7268.0000 1027 990 0.9640
7273.0000 1027 991 0.9649
7275.0000 1028 991 0.9640
7280.0000 1028 992 0.9650
7284.0000 1029 992 0.9640
7285.0000 1029 993 0.9650
7292.0000 1030 993 0.9641
7297.0000 1031 993 0.9631
7305.0000 1032 993 0.9622
7305.0000 1032 994 0.9632
7311.0000 1033 994 0.9622
7318.0000 1034 994 0.9613
7327.0000 1035 994 0.9604
7334.0000 1036 994 0.9595
7334.0000 1036 995 0.9604
7335.0000 1036 996 0.9614
7338.0000 1036 997 0.9624
7341.0000 1037 997 0.9614
7344.0000 1037 998 0.9624
7350.0000 1038 998 0.9615
7357.0000 1038 999 0.9624
7359.0000 1039 999 0.9615
7360.0000 1039 1000 0.9625
7362.0000 1039 1001 0.9634
7364.0000 1039 1002 0.9644
7365.0000 1040 1002 0.9635
7370.0000 1040 1003 0.9644
7370.0000 1040 1004 0.9654
7372.0000 1040 1005 0.9663
7372.0000 1040 1006 0.9673
7373.0000 1041 1006 0.9664
7378.0000 1042 1006 0.9655
7383.0000 1043 1006 0.9645
7392.0000 1044 1006 0.9636
7397.0000 1045 1006 0.9627
7397.0000 1045 1007 0.9636
7400.0000 1045 1008 0.9646
7404.0000 1046 1008 0.9637
7406.0000 1046 1009 0.9646
7411.0000 1047 1009 0.9637
7418.0000 1048 1009 0.9628
7420.0000 1048 1010 0.9637
7424.0000 1049 1010 0.9628
7430.0000 1050 1010 0.9619
7436.0000 1051 1010 0.9610
7440.0000 1051 1011 0.9619
7441.0000 1052 1011 0.9610
7444.0000 1052 1012 0.9620
7448.0000 1053 1012 0.9611
7452.0000 1053 1013 0.9620
7457.0000 1054 1013 0.9611
7457.0000 1054 1014 0.9620
7459.0000 1054 1015 0.9630
7464.0000 1054 1016 0.9639
7465.0000 1055 1016 0.9630
7465.0000 1055 1017 0.9640
7466.0000 1055 1018 0.9649
7474.0000 1056 1018 0.9640
7482.0000 1057 1018 0.9631
7487.0000 1058 1018 0.9622
7493.0000 1059 1018 0.9613
7502.0000 1060 1018 0.9604
7507.0000 1061 1018 0.9595
7513.0000 1062 1018 0.9586
7519.0000 1063 1018 0.9577
7525.0000 1064 1018 0.9568
7531.0000 1064 1019 0.9577
7533.0000 1064 1020 0.9586
7534.0000 1065 1020 0.9577
7540.0000 1065 1021 0.9587
7542.0000 1066 1021 0.9578
7546.0000 1066 1022 0.9587
7548.0000 1066 1023 0.9597
7550.0000 1067 1023 0.9588
7550.0000 1067 1024 0.9597
7550.0000 1067 1025 0.9606
7556.0000 1068 1025 0.9597
7556.0000 1068 1026 0.9607
7562.0000 1069 1026 0.9598
7566.0000 1069 1027 0.9607
7570.0000 1070 1027 0.9598
7573.0000 1070 1028 0.9607
7574.0000 1070 1029 0.9617
7575.0000 1070 1030 0.9626
7576.0000 1071 1030 0.9617
7583.0000 1071 1031 0.9627
7585.0000 1072 1031 0.9618
7586.0000 1072 1032 0.9627
7587.0000 1072 1033 0.9636
7594.0000 1073 1033 0.9627
7602.0000 1074 1033 0.9618
7602.0000 1074 1034 0.9628
7603.0000 1074 1035 0.9637
7603.0000 1074 1036 0.9646
7604.0000 1074 1037 0.9655
7609.0000 1075 1037 0.9647
7617.0000 1076 1037 0.9638
7619.0000 1076 1038 0.9647
7622.0000 1076 1039 0.9656
7625.0000 1077 1039 0.9647
7630.0000 1078 1039 0.9638
7633.0000 1078 1040 0.9647
7635.0000 1079 1040 0.9639
7644.0000 1080 1040 0.9630
7649.0000 1080 1041 0.9639
7650.0000 1080 1042 0.9648
7652.0000 1081 1042 0.9639
7657.0000 1082 1042 0.9630
7662.0000 1083 1042 0.9621
7662.0000 1083 1043 0.9631
7666.0000 1083 1044 0.9640
7667.0000 1084 1044 0.9631
7667.0000 1084 1045 0.9640
7669.0000 1084 1046 0.9649
7671.0000 1084 1047 0.9659
7672.0000 1085 1047 0.9650
7674.0000 1085 1048 0.9659
7679.0000 1085 1049 0.9668
7680.0000 1086 1049 0.9659
7688.0000 1087 1049 0.9650
7694.0000 1087 1050 0.9660
7697.0000 1088 1050 0.9651
7706.0000 1089 1050 0.9642
7711.0000 1089 1051 0.9651
7713.0000 1090 1051 0.9642
7721.0000 1091 1051 0.9633
7721.0000 1091 1052 0.9643
7722.0000 1091 1053 0.9652
7723.0000 1091 1054 0.9661
7729.0000 1092 1054 0.9652
7734.0000 1092 1055 0.9661
7737.0000 1092 1056 0.9670
7738.0000 1093 1056 0.9661
7739.0000 1093 1057 0.9671
7743.0000 1094 1057 0.9662
7747.0000 1094 1058 0.9671
7748.0000 1095 1058 0.9662
7751.0000 1095 1059 0.9671
7753.0000 1096 1059 0.9662
7758.0000 1096 1060 0.9672
7762.0000 1097 1060 0.9663
7770.0000 1098 1060 0.9654
7770.0000 1098 1061 0.9663
7775.0000 1098 1062 0.9672
7776.0000 1099 1062 0.9663
7778.0000 1099 1063 0.9672
7780.0000 1099 1064 0.9682
7782.0000 1099 1065 0.9691
7783.0000 1099 1066 0.9700
7785.0000 1100 1066 0.9691
7791.0000 1101 1066 0.9682
7796.0000 1102 1066 0.9673
7804.0000 1103 1066 0.9665
7807.0000 1103 1067 0.9674
7807.0000 1103 1068 0.9683
7809.0000 1103 1069 0.9692
7811.0000 1104 1069 0.9683
7812.0000 1104 1070 0.9692
7820.0000 1105 1070 0.9683
7826.0000 1106 1070 0.9675
7832.0000 1107 1070 0.9666
7839.0000 1108 1070 0.9657
7843.0000 1108 1071 0.9666
7845.0000 1109 1071 0.9657
7848.0000 1109 1072 0.9666
7854.0000 1110 1072 0.9658
7863.0000 1111 1072 0.9649
7870.0000 1112 1072 0.9640
7871.0000 1112 1073 0.9649
7873.0000 1112 1074 0.9658
7877.0000 1113 1074 0.9650
7880.0000 1113 1075 0.9659
7880.0000 1113 1076 0.9668
7880.0000 1113 1077 0.9677
7884.0000 1114 1077 0.9668
7890.0000 1114 1078 0.9677
7891.0000 1115 1078 0.9668
7897.0000 1116 1078 0.9659
7902.0000 1117 1078 0.9651
7906.0000 1117 1079 0.9660
7910.0000 1118 1079 0.9651
7914.0000 1118 1080 0.9660
7915.0000 1118 1081 0.9669
7917.0000 1118 1082 0.9678
7918.0000 1119 1082 0.9669
7923.0000 1120 1082 0.9661
7928.0000 1121 1082 0.9652
7929.0000 1121 1083 0.9661
7933.0000 1121 1084 0.9670
7934.0000 1122 1084 0.9661
7939.0000 1123 1084 0.9653
7943.0000 1123 1085 0.9662
7944.0000 1124 1085 0.9653
7950.0000 1125 1085 0.9644
7958.0000 1126 1085 0.9636
7965.0000 1126 1086 0.9645
7966.0000 1127 1086 0.9636
7972.0000 1127 1087 0.9645
7973.0000 1128 1087 0.9637
7974.0000 1128 1088 0.9645
7980.0000 1129 1088 0.9637
7984.0000 1129 1089 0.9646
7987.0000 1130 1089 0.9637
7996.0000 1131 1089 0.9629
8005.0000 1132 1089 0.9620
8010.0000 1132 1090 0.9629
8011.0000 1133 1090 0.9620
8018.0000 1134 1090 0.9612
8020.0000 1134 1091 0.9621
8022.0000 1134 1092 0.9630
8024.0000 1134 1093 0.9638
8026.0000 1135 1093 0.9630
8030.0000 1135 1094 0.9639
8034.0000 1135 1095 0.9648
8035.0000 1136 1095 0.9639
8038.0000 1136 1096 0.9648
8038.0000 1136 1097 0.9657
8040.0000 1137 1097 0.9648
8040.0000 1137 1098 0.9657
8045.0000 1138 1098 0.9649
8052.0000 1139 1098 0.9640
8052.0000 1139 1099 0.9649
8053.0000 1139 1100 0.9658
8057.0000 1140 1100 0.9649
8063.0000 1141 1100 0.9641
8069.0000 1142 1100 0.9632
8069.0000 1142 1101 0.9641
8074.0000 1143 1101 0.9633
8079.0000 1144 1101 0.9624
8080.0000 1144 1102 0.9633
8084.0000 1145 1102 0.9624
8084.0000 1145 1103 0.9633
8088.0000 1145 1104 0.9642
8092.0000 1146 1104 0.9634
8095.0000 1146 1105 0.9642
8098.0000 1146 1106 0.9651
8100.0000 1146 1107 0.9660
8101.0000 1147 1107 0.9651
8110.0000 1148 1107 0.9643
8117.0000 1149 1107 0.9634
8124.0000 1150 1107 0.9626
8125.0000 1150 1108 0.9635
8133.0000 1151 1108 0.9626
8138.0000 1152 1108 0.9618
8144.0000 1153 1108 0.9610
8153.0000 1154 1108 0.9601
8154.0000 1154 1109 0.9610
8160.0000 1154 1110 0.9619
8162.0000 1155 1110 0.9610
8166.0000 1155 1111 0.9619
8169.0000 1156 1111 0.9611
8176.0000 1156 1112 0.9619
8178.0000 1157 1112 0.9611
8184.0000 1158 1112 0.9603
8190.0000 1158 1113 0.9611
8191.0000 1159 1113 0.9603
8193.0000 1159 1114 0.9612
8199.0000 1160 1114 0.9603
8204.0000 1161 1114 0.9595
8212.0000 1162 1114 0.9587
8218.0000 1163 1114 0.9579
8220.0000 1163 1115 0.9587
8223.0000 1164 1115 0.9579
8223.0000 1164 1116 0.9588
8225.0000 1164 1117 0.9596
8229.0000 1164 1118 0.9605
8231.0000 1165 1118 0.9597
8236.0000 1165 1119 0.9605
8239.0000 1166 1119 0.9597
8242.0000 1166 1120 0.9605
8246.0000 1166 1121 0.9614
8246.0000 1166 1122 0.9623
8246.0000 1166 1123 0.9631
8247.0000 1167 1123 0.9623
8247.0000 1167 1124 0.9632
8247.0000 1167 1125 0.9640
8254.0000 1167 1126 0.9649
8256.0000 1168 1126 0.9640
8259.0000 1168 1127 0.9649
8264.0000 1169 1127 0.9641
8266.0000 1169 1128 0.9649
8268.0000 1169 1129 0.9658
8272.0000 1170 1129 0.9650
8272.0000 1170 1130 0.9658
8272.0000 1170 1131 0.9667
8274.0000 1170 1132 0.9675
8277.0000 1170 1133 0.9684
8279.0000 1171 1133 0.9675
8280.0000 1171 1134 0.9684
8287.0000 1172 1134 0.9676
8288.0000 1172 1135 0.9684
8293.0000 1173 1135 0.9676
8302.0000 1174 1135 0.9668
8308.0000 1175 1135 0.9660
8314.0000 1175 1136 0.9668
8317.0000 1176 1136 0.9660
8317.0000 1176 1137 0.9668
8318.0000 1176 1138 0.9677
8325.0000 1177 1138 0.9669
8327.0000 1177 1139 0.9677
8332.0000 1178 1139 0.9669
8339.0000 1178 1140 0.9677
8340.0000 1179 1140 0.9669
8345.0000 1180 1140 0.9661
8352.0000 1180 1141 0.9669
8354.0000 1181 1141 0.9661
8354.0000 1181 1142 0.9670
8356.0000 1181 1143 0.9678
8356.0000 1181 1144 0.9687
8359.0000 1182 1144 0.9679
8365.0000 1182 1145 0.9687
8366.0000 1183 1145 0.9679
8369.0000 1183 1146 0.9687
8369.0000 1183 1147 0.9696
8371.0000 1183 1148 0.9704
8371.0000 1183 1149 0.9713
8374.0000 1184 1149 0.9704
8380.0000 1184 1150 0.9713
8382.0000 1185 1150 0.9705
8382.0000 1185 1151 0.9713
8390.0000 1186 1151 0.9705
8391.0000 1186 1152 0.9713
8391.0000 1186 1153 0.9722
8392.0000 1186 1154 0.9730
8395.0000 1186 1155 0.9739
8395.0000 1186 1156 0.9747
8397.0000 1187 1156 0.9739
8397.0000 1187 1157 0.9747
8402.0000 1187 1158 0.9756
8402.0000 1187 1159 0.9764
8403.0000 1188 1159 0.9756
8410.0000 1189 1159 0.9748
8416.0000 1190 1159 0.9739
8421.0000 1191 1159 0.9731
8426.0000 1192 1159 0.9723
8429.0000 1192 1160 0.9732
8435.0000 1193 1160 0.9723
8437.0000 1193 1161 0.9732
8441.0000 1194 1161 0.9724
8441.0000 1194 1162 0.9732
8447.0000 1195 1162 0.9724
8447.0000 1195 1163 0.9732
8454.0000 1195 1164 0.9741
8455.0000 1196 1164 0.9732
8464.0000 1197 1164 0.9724
8466.0000 1197 1165 0.9733
8472.0000 1198 1165 0.9725
8476.0000 1198 1166 0.9733
8476.0000 1198 1167 0.9741
8480.0000 1198 1168 0.9750
8481.0000 1199 1168 0.9741
8484.0000 1199 1169 0.9750
8488.0000 1200 1169 0.9742
8492.0000 1200 1170 0.9750
8497.0000 1201 1170 0.9742
8506.0000 1202 1170 0.9734
8508.0000 1202 1171 0.9742
8511.0000 1203 1171 0.9734
8516.0000 1204 1171 0.9726
8519.0000 1204 1172 0.9734
8524.0000 1205 1172 0.9726
8525.0000 1205 1173 0.9734
8526.0000 1205 1174 0.9743
8530.0000 1206 1174 0.9735
8535.0000 1207 1174 0.9727
8544.0000 1208 1174 0.9719
8549.0000 1209 1174 0.9711
8556.0000 1210 1174 0.9702
8561.0000 1211 1174 0.9694
8569.0000 1212 1174 0.9686
8573.0000 1212 1175 0.9695
8578.0000 1213 1175 0.9687
8583.0000 1213 1176 0.9695
8585.0000 1214 1176 0.9687
8593.0000 1215 1176 0.9679
8599.0000 1216 1176 0.9671
8600.0000 1216 1177 0.9679
8607.0000 1216 1178 0.9688
8608.0000 1217 1178 0.9680
8614.0000 1217 1179 0.9688
8617.0000 1218 1179 0.9680
8622.0000 1219 1179 0.9672
8626.0000 1219 1180 0.9680
8628.0000 1219 1181 0.9688
8631.0000 1220 1181 0.9680
8633.0000 1220 1182 0.9689
8640.0000 1221 1182 0.9681
8644.0000 1221 1183 0.9689
8645.0000 1221 1184 0.9697
8647.0000 1222 1184 0.9689
8654.0000 1223 1184 0.9681
8659.0000 1224 1184 0.9673
8663.0000 1224 1185 0.9681
8665.0000 1225 1185 0.9673
8665.0000 1225 1186 0.9682
8672.0000 1226 1186 0.9674
8679.0000 1227 1186 0.9666
8682.0000 1227 1187 0.9674
8686.0000 1228 1187 0.9666
8687.0000 1228 1188 0.9674
8689.0000 1228 1189 0.9682
8691.0000 1228 1190 0.9691
8693.0000 1229 1190 0.9683
8695.0000 1229 1191 0.9691
8695.0000 1229 1192 0.9699
8701.0000 1230 1192 0.9691
8706.0000 1231 1192 0.9683
8712.0000 1232 1192 0.9675
8713.0000 1232 1193 0.9683
8719.0000 1233 1193 0.9676
8720.0000 1233 1194 0.9684
8724.0000 1234 1194 0.9676
8729.0000 1235 1194 0.9668
8732.0000 1235 1195 0.9676
8735.0000 1236 1195 0.9668
8737.0000 1236 1196 0.9676
8743.0000 1237 1196 0.9669
8747.0000 1237 1197 0.9677
8749.0000 1238 1197 0.9669
8749.0000 1238 1198 0.9677
8751.0000 1238 1199 0.9685
8752.0000 1238 1200 0.9693
8756.0000 1238 1201 0.9701
8757.0000 1239 1201 0.9693
8757.0000 1239 1202 0.9701
8759.0000 1239 1203 0.9709
8763.0000 1240 1203 0.9702
8764.0000 1240 1204 0.9710
8768.0000 1240 1205 0.9718
8769.0000 1240 1206 0.9726
8772.0000 1241 1206 0.9718
8778.0000 1242 1206 0.9710
8783.0000 1242 1207 0.9718
8784.0000 1243 1207 0.9710
8785.0000 1243 1208 0.9718
8790.0000 1244 1208 0.9711
8798.0000 1245 1208 0.9703
8804.0000 1246 1208 0.9695
8810.0000 1246 1209 0.9703
8812.0000 1247 1209 0.9695
8818.0000 1247 1210 0.9703
8820.0000 1248 1210 0.9696
8825.0000 1249 1210 0.9688
8828.0000 1249 1211 0.9696
8832.0000 1250 1211 0.9688
8837.0000 1251 1211 0.9680
8842.0000 1251 1212 0.9688
8846.0000 1252 1212 0.9681
8847.0000 1252 1213 0.9688
8849.0000 1252 1214 0.9696
8851.0000 1253 1214 0.9689
8852.0000 1253 1215 0.9697
8854.0000 1253 1216 0.9705
8858.0000 1253 1217 0.9713
8860.0000 1254 1217 0.9705
8861.0000 1254 1218 0.9713
8863.0000 1254 1219 0.9721
8865.0000 1255 1219 0.9713
8865.0000 1255 1220 0.9721
8870.0000 1256 1220 0.9713
8871.0000 1256 1221 0.9721
8875.0000 1256 1222 0.9729
8878.0000 1257 1222 0.9722
8885.0000 1258 1222 0.9714
8892.0000 1259 1222 0.9706
8900.0000 1260 1222 0.9698
8902.0000 1260 1223 0.9706
8909.0000 1261 1223 0.9699
8918.0000 1262 1223 0.9691
8918.0000 1262 1224 0.9699
8918.0000 1262 1225 0.9707
8920.0000 1262 1226 0.9715
8925.0000 1263 1226 0.9707
8931.0000 1264 1226 0.9699
8939.0000 1265 1226 0.9692
8944.0000 1266 1226 0.9684
8948.0000 1266 1227 0.9692
8953.0000 1267 1227 0.9684
8953.0000 1267 1228 0.9692
8959.0000 1268 1228 0.9685
8964.0000 1268 1229 0.9692
8964.0000 1268 1230 0.9700
8966.0000 1268 1231 0.9708
8967.0000 1269 1231 0.9701
8975.0000 1270 1231 0.9693
8975.0000 1270 1232 0.9701
8981.0000 1271 1232 0.9693
8986.0000 1271 1233 0.9701
8989.0000 1271 1234 0.9709
8990.0000 1272 1234 0.9701
8997.0000 1272 1235 0.9709
8999.0000 1273 1235 0.9701
9001.0000 1273 1236 0.9709
9003.0000 1273 1237 0.9717
9006.0000 1274 1237 0.9710
9015.0000 1275 1237 0.9702
9015.0000 1275 1238 0.9710
9017.0000 1275 1239 0.9718
9021.0000 1276 1239 0.9710
9028.0000 1277 1239 0.9702
9029.0000 1277 1240 0.9710
9036.0000 1278 1240 0.9703
9038.0000 1278 1241 0.9710
9039.0000 1278 1242 0.9718
9043.0000 1279 1242 0.9711
9050.0000 1279 1243 0.9719
9052.0000 1280 1243 0.9711
9053.0000 1280 1244 0.9719
9054.0000 1280 1245 0.9727
9060.0000 1281 1245 0.9719
9066.0000 1282 1245 0.9711
9074.0000 1283 1245 0.9704
9074.0000 1283 1246 0.9712
9076.0000 1283 1247 0.9719
9079.0000 1283 1248 0.9727
9081.0000 1284 1248 0.9720
9086.0000 1285 1248 0.9712
9092.0000 1285 1249 0.9720
9093.0000 1286 1249 0.9712
9100.0000 1287 1249 0.9705
9107.0000 1288 1249 0.9697
9114.0000 1289 1249 0.9690
9116.0000 1289 1250 0.9697
9118.0000 1289 1251 0.9705
9119.0000 1290 1251 0.9698
9119.0000 1290 1252 0.9705
9121.0000 1290 1253 0.9713
9121.0000 1290 1254 0.9721
9126.0000 1290 1255 0.9729
9127.0000 1291 1255 0.9721
9131.0000 1291 1256 0.9729
9134.0000 1292 1256 0.9721
9138.0000 1292 1257 0.9729
9140.0000 1293 1257 0.9722
9144.0000 1293 1258 0.9729
9146.0000 1293 1259 0.9737
9147.0000 1294 1259 0.9730
9152.0000 1294 1260 0.9737
9153.0000 1295 1260 0.9730
9158.0000 1296 1260 0.9722
9158.0000 1296 1261 0.9730
9166.0000 1296 1262 0.9738
9167.0000 1297 1262 0.9730
9173.0000 1297 1263 0.9738
9176.0000 1298 1263 0.9730
9180.0000 1298 1264 0.9738
9181.0000 1298 1265 0.9746
9185.0000 1299 1265 0.9738
9191.0000 1300 1265 0.9731
9200.0000 1301 1265 0.9723
9208.0000 1302 1265 0.9716
9212.0000 1302 1266 0.9724
9216.0000 1303 1266 0.9716
9219.0000 1303 1267 0.9724
9221.0000 1303 1268 0.9731
9221.0000 1303 1269 0.9739
9223.0000 1304 1269 0.9732
9226.0000 1304 1270 0.9739
9227.0000 1304 1271 0.9747
9227.0000 1304 1272 0.9755
9228.0000 1304 1273 0.9762
9229.0000 1305 1273 0.9755
9238.0000 1306 1273 0.9747
9245.0000 1307 1273 0.9740
9246.0000 1307 1274 0.9748
9248.0000 1307 1275 0.9755
9250.0000 1307 1276 0.9763
9253.0000 1308 1276 0.9755
9260.0000 1309 1276 0.9748
9262.0000 1309 1277 0.9756
9268.0000 1310 1277 0.9748
9268.0000 1310 1278 0.9756
9270.0000 1310 1279 0.9763
9275.0000 1311 1279 0.9756
9283.0000 1312 1279 0.9748
9289.0000 1313 1279 0.9741
9295.0000 1314 1279 0.9734
9300.0000 1315 1279 0.9726
9307.0000 1316 1279 0.9719
9316.0000 1317 1279 0.9711
9316.0000 1317 1280 0.9719
9324.0000 1318 1280 0.9712
9330.0000 1319 1280 0.9704
9333.0000 1319 1281 0.9712
9338.0000 1320 1281 0.9705
9347.0000 1321 1281 0.9697
9354.0000 1321 1282 0.9705
9355.0000 1322 1282 0.9697
9356.0000 1322 1283 0.9705
9360.0000 1322 1284 0.9713
9362.0000 1323 1284 0.9705
9364.0000 1323 1285 0.9713
9369.0000 1324 1285 0.9705
9371.0000 1324 1286 0.9713
9375.0000 1324 1287 0.9721
9378.0000 1325 1287 0.9713
9384.0000 1326 1287 0.9706
9390.0000 1327 1287 0.9699
9396.0000 1327 1288 0.9706
9397.0000 1328 1288 0.9699
9405.0000 1329 1288 0.9691
9408.0000 1329 1289 0.9699
9412.0000 1330 1289 0.9692
9412.0000 1330 1290 0.9699
9417.0000 1330 1291 0.9707
9418.0000 1331 1291 0.9699
9423.0000 1331 1292 0.9707
9424.0000 1332 1292 0.9700
9424.0000 1332 1293 0.9707
9430.0000 1333 1293 0.9700
9437.0000 1333 1294 0.9707
9438.0000 1334 1294 0.9700
9439.0000 1334 1295 0.9708
9443.0000 1335 1295 0.9700
9449.0000 1336 1295 0.9693
9452.0000 1336 1296 0.9701
9458.0000 1337 1296 0.9693
9460.0000 1337 1297 0.9701
9464.0000 1337 1298 0.9708
9465.0000 1338 1298 0.9701
9473.0000 1339 1298 0.9694
9478.0000 1340 1298 0.9687
9478.0000 1340 1299 0.9694
9487.0000 1341 1299 0.9687
9491.0000 1341 1300 0.9694
9492.0000 1341 1301 0.9702
9493.0000 1342 1301 0.9694
9501.0000 1342 1302 0.9702
9502.0000 1343 1302 0.9695
9503.0000 1343 1303 0.9702
9507.0000 1344 1303 0.9695
9514.0000 1345 1303 0.9688
9514.0000 1345 1304 0.9695
9518.0000 1345 1305 0.9703
9519.0000 1346 1305 0.9695
9522.0000 1346 1306 0.9703
9522.0000 1346 1307 0.9710
9523.0000 1346 1308 0.9718
9523.0000 1346 1309 0.9725
9528.0000 1347 1309 0.9718
9534.0000 1348 1309 0.9711
9535.0000 1348 1310 0.9718
9537.0000 1348 1311 0.9726
9539.0000 1349 1311 0.9718
9540.0000 1349 1312 0.9726
9544.0000 1349 1313 0.9733
9547.0000 1350 1313 0.9726
9554.0000 1351 1313 0.9719
9557.0000 1351 1314 0.9726
9563.0000 1352 1314 0.9719
9572.0000 1353 1314 0.9712
9577.0000 1354 1314 0.9705
9585.0000 1355 1314 0.9697
9588.0000 1355 1315 0.9705
9593.0000 1356 1315 0.9698
9602.0000 1357 1315 0.9690
9603.0000 1357 1316 0.9698
9607.0000 1358 1316 0.9691
9609.0000 1358 1317 0.9698
9614.0000 1358 1318 0.9705
9616.0000 1359 1318 0.9698
9616.0000 1359 1319 0.9706
9618.0000 1359 1320 0.9713
9620.0000 1359 1321 0.9720
9625.0000 1360 1321 0.9713
9632.0000 1361 1321 0.9706
9633.0000 1361 1322 0.9713
9641.0000 1362 1322 0.9706
9648.0000 1363 1322 0.9699
9657.0000 1364 1322 0.9692
9663.0000 1364 1323 0.9699
9664.0000 1364 1324 0.9707
9665.0000 1364 1325 0.9714
9666.0000 1365 1325 0.9707
9666.0000 1365 1326 0.9714
9671.0000 1366 1326 0.9707
9677.0000 1367 1326 0.9700
9678.0000 1367 1327 0.9707
9686.0000 1368 1327 0.9700
9689.0000 1368 1328 0.9708
9690.0000 1368 1329 0.9715
9692.0000 1368 1330 0.9722
9694.0000 1369 1330 0.9715
9698.0000 1369 1331 0.9722
9699.0000 1369 1332 0.9730
9701.0000 1369 1333 0.9737
9702.0000 1370 1333 0.9730
9709.0000 1371 1333 0.9723
9709.0000 1371 1334 0.9730
9710.0000 1371 1335 0.9737
9717.0000 1372 1335 0.9730
9724.0000 1372 1336 0.9738
9726.0000 1373 1336 0.9731
9726.0000 1373 1337 0.9738
9728.0000 1373 1338 0.9745
9732.0000 1374 1338 0.9738
9735.0000 1374 1339 0.9745
9740.0000 1375 1339 0.9738
9741.0000 1375 1340 0.9745
9749.0000 1376 1340 0.9738
9756.0000 1377 1340 0.9731
9762.0000 1378 1340 0.9724
9768.0000 1379 1340 0.9717
9775.0000 1380 1340 0.9710
9781.0000 1381 1340 0.9703
9787.0000 1382 1340 0.9696
9795.0000 1382 1341 0.9703
9796.0000 1383 1341 0.9696
9804.0000 1384 1341 0.9689
9812.0000 1385 1341 0.9682
9821.0000 1386 1341 0.9675
9828.0000 1386 1342 0.9683
9830.0000 1387 1342 0.9676
9838.0000 1388 1342 0.9669
9843.0000 1389 1342 0.9662
9848.0000 1389 1343 0.9669
9849.0000 1390 1343 0.9662
9852.0000 1390 1344 0.9669
9856.0000 1390 1345 0.9676
9857.0000 1391 1345 0.9669
9857.0000 1391 1346 0.9676
9864.0000 1392 1346 0.9670
9867.0000 1392 1347 0.9677
9871.0000 1393 1347 0.9670
9877.0000 1394 1347 0.9663
9880.0000 1394 1348 0.9670
9882.0000 1395 1348 0.9663
9884.0000 1395 1349 0.9670
9890.0000 1396 1349 0.9663
9890.0000 1396 1350 0.9670
9891.0000 1396 1351 0.9678
9892.0000 1396 1352 0.9685
9899.0000 1397 1352 0.9678
9908.0000 1398 1352 0.9671
9909.0000 1398 1353 0.9678
9913.0000 1399 1353 0.9671
9918.0000 1399 1354 0.9678
9921.0000 1400 1354 0.9671
9927.0000 1400 1355 0.9679
9928.0000 1401 1355 0.9672
9929.0000 1401 1356 0.9679
9935.0000 1402 1356 0.9672
9942.0000 1403 1356 0.9665
9949.0000 1404 1356 0.9658
9955.0000 1404 1357 0.9665
9957.0000 1405 1357 0.9658
9964.0000 1406 1357 0.9651
9965.0000 1406 1358 0.9659
9965.0000 1406 1359 0.9666
9966.0000 1406 1360 0.9673
9970.0000 1407 1360 0.9666
9978.0000 1408 1360 0.9659
9984.0000 1409 1360 0.9652
9985.0000 1409 1361 0.9659
9987.0000 1409 1362 0.9666
9991.0000 1410 1362 0.9660
9998.0000 1411 1362 0.9653
9998.0000 1411 1363 0.9660
9999.0000 1411 1364 0.9667
9999.0000 1411 1365 0.9674
10000.0000 1411 1366 0.9681
