# messageDelay  cumulativeProbability
2.0000 0.0007
2.0000 0.0014
2.0000 0.0021
2.0000 0.0028
2.0000 0.0035
2.0000 0.0043
2.0000 0.0050
2.0000 0.0057
2.0000 0.0064
2.0000 0.0071
2.0000 0.0078
2.0000 0.0085
3.0000 0.0092
3.0000 0.0099
3.0000 0.0106
3.0000 0.0113
3.0000 0.0120
3.0000 0.0128
3.0000 0.0135
3.0000 0.0142
3.0000 0.0149
4.0000 0.0156
5.0000 0.0163
10.0000 0.0170
10.0000 0.0177
11.0000 0.0184
11.0000 0.0191
12.0000 0.0198
12.0000 0.0206
14.0000 0.0213
16.0000 0.0220
16.0000 0.0227
17.0000 0.0234
17.0000 0.0241
17.0000 0.0248
17.0000 0.0255
17.0000 0.0262
18.0000 0.0269
19.0000 0.0276
20.0000 0.0283
20.0000 0.0291
21.0000 0.0298
21.0000 0.0305
22.0000 0.0312
24.0000 0.0319
24.0000 0.0326
24.0000 0.0333
24.0000 0.0340
24.0000 0.0347
25.0000 0.0354
25.0000 0.0361
26.0000 0.0369
26.0000 0.0376
26.0000 0.0383
26.0000 0.0390
26.0000 0.0397
27.0000 0.0404
27.0000 0.0411
28.0000 0.0418
30.0000 0.0425
30.0000 0.0432
31.0000 0.0439
31.0000 0.0446
34.0000 0.0454
34.0000 0.0461
36.0000 0.0468
38.0000 0.0475
39.0000 0.0482
40.0000 0.0489
40.0000 0.0496
42.0000 0.0503
42.0000 0.0510
43.0000 0.0517
44.0000 0.0524
45.0000 0.0532
45.0000 0.0539
47.0000 0.0546
48.0000 0.0553
49.0000 0.0560
51.0000 0.0567
51.0000 0.0574
51.0000 0.0581
54.0000 0.0588
55.0000 0.0595
56.0000 0.0602
57.0000 0.0609
57.0000 0.0617
58.0000 0.0624
59.0000 0.0631
59.0000 0.0638
60.0000 0.0645
60.0000 0.0652
61.0000 0.0659
61.0000 0.0666
62.0000 0.0673
63.0000 0.0680
63.0000 0.0687
63.0000 0.0695
64.0000 0.0702
64.0000 0.0709
67.0000 0.0716
69.0000 0.0723
69.0000 0.0730
71.0000 0.0737
71.0000 0.0744
72.0000 0.0751
72.0000 0.0758
74.0000 0.0765
77.0000 0.0773
80.0000 0.0780
82.0000 0.0787
83.0000 0.0794
83.0000 0.0801
84.0000 0.0808
85.0000 0.0815
86.0000 0.0822
87.0000 0.0829
87.0000 0.0836
88.0000 0.0843
89.0000 0.0850
89.0000 0.0858
89.0000 0.0865
93.0000 0.0872
96.0000 0.0879
96.0000 0.0886
100.0000 0.0893
100.0000 0.0900
100.0000 0.0907
100.0000 0.0914
100.0000 0.0921
100.0000 0.0928
101.0000 0.0936
101.0000 0.0943
102.0000 0.0950
102.0000 0.0957
102.0000 0.0964
102.0000 0.0971
102.0000 0.0978
103.0000 0.0985
103.0000 0.0992
103.0000 0.0999
104.0000 0.1006
108.0000 0.1013
111.0000 0.1021
111.0000 0.1028
113.0000 0.1035
113.0000 0.1042
113.0000 0.1049
114.0000 0.1056
114.0000 0.1063
115.0000 0.1070
115.0000 0.1077
116.0000 0.1084
116.0000 0.1091
116.0000 0.1099
118.0000 0.1106
120.0000 0.1113
124.0000 0.1120
125.0000 0.1127
127.0000 0.1134
129.0000 0.1141
129.0000 0.1148
130.0000 0.1155
131.0000 0.1162
132.0000 0.1169
132.0000 0.1176
135.0000 0.1184
135.0000 0.1191
135.0000 0.1198
137.0000 0.1205
139.0000 0.1212
140.0000 0.1219
140.0000 0.1226
141.0000 0.1233
141.0000 0.1240
142.0000 0.1247
143.0000 0.1254
145.0000 0.1262
145.0000 0.1269
146.0000 0.1276
147.0000 0.1283
148.0000 0.1290
151.0000 0.1297
151.0000 0.1304
152.0000 0.1311
152.0000 0.1318
153.0000 0.1325
153.0000 0.1332
154.0000 0.1339
155.0000 0.1347
155.0000 0.1354
156.0000 0.1361
158.0000 0.1368
158.0000 0.1375
159.0000 0.1382
159.0000 0.1389
160.0000 0.1396
163.0000 0.1403
164.0000 0.1410
165.0000 0.1417
167.0000 0.1425
168.0000 0.1432
168.0000 0.1439
168.0000 0.1446
169.0000 0.1453
169.0000 0.1460
170.0000 0.1467
172.0000 0.1474
173.0000 0.1481
174.0000 0.1488
174.0000 0.1495
175.0000 0.1502
176.0000 0.1510
178.0000 0.1517
180.0000 0.1524
180.0000 0.1531
181.0000 0.1538
181.0000 0.1545
182.0000 0.1552
183.0000 0.1559
184.0000 0.1566
184.0000 0.1573
185.0000 0.1580
186.0000 0.1588
190.0000 0.1595
191.0000 0.1602
192.0000 0.1609
194.0000 0.1616
196.0000 0.1623
196.0000 0.1630
197.0000 0.1637
199.0000 0.1644
199.0000 0.1651
199.0000 0.1658
201.0000 0.1665
202.0000 0.1673
203.0000 0.1680
203.0000 0.1687
208.0000 0.1694
210.0000 0.1701
210.0000 0.1708
211.0000 0.1715
214.0000 0.1722
214.0000 0.1729
215.0000 0.1736
216.0000 0.1743
217.0000 0.1751
217.0000 0.1758
218.0000 0.1765
224.0000 0.1772
225.0000 0.1779
225.0000 0.1786
226.0000 0.1793
229.0000 0.1800
231.0000 0.1807
234.0000 0.1814
235.0000 0.1821
236.0000 0.1828
237.0000 0.1836
237.0000 0.1843
239.0000 0.1850
242.0000 0.1857
242.0000 0.1864
242.0000 0.1871
243.0000 0.1878
243.0000 0.1885
247.0000 0.1892
247.0000 0.1899
248.0000 0.1906
248.0000 0.1914
249.0000 0.1921
250.0000 0.1928
252.0000 0.1935
255.0000 0.1942
256.0000 0.1949
257.0000 0.1956
257.0000 0.1963
258.0000 0.1970
259.0000 0.1977
260.0000 0.1984
261.0000 0.1991
263.0000 0.1999
267.0000 0.2006
267.0000 0.2013
267.0000 0.2020
268.0000 0.2027
268.0000 0.2034
269.0000 0.2041
270.0000 0.2048
274.0000 0.2055
275.0000 0.2062
276.0000 0.2069
278.0000 0.2077
280.0000 0.2084
281.0000 0.2091
283.0000 0.2098
284.0000 0.2105
288.0000 0.2112
288.0000 0.2119
290.0000 0.2126
291.0000 0.2133
292.0000 0.2140
294.0000 0.2147
296.0000 0.2155
296.0000 0.2162
297.0000 0.2169
301.0000 0.2176
303.0000 0.2183
304.0000 0.2190
305.0000 0.2197
305.0000 0.2204
307.0000 0.2211
308.0000 0.2218
311.0000 0.2225
312.0000 0.2232
313.0000 0.2240
314.0000 0.2247
314.0000 0.2254
315.0000 0.2261
321.0000 0.2268
322.0000 0.2275
324.0000 0.2282
324.0000 0.2289
326.0000 0.2296
327.0000 0.2303
327.0000 0.2310
328.0000 0.2318
329.0000 0.2325
331.0000 0.2332
332.0000 0.2339
334.0000 0.2346
335.0000 0.2353
335.0000 0.2360
336.0000 0.2367
341.0000 0.2374
343.0000 0.2381
347.0000 0.2388
349.0000 0.2395
351.0000 0.2403
354.0000 0.2410
355.0000 0.2417
355.0000 0.2424
357.0000 0.2431
359.0000 0.2438
360.0000 0.2445
361.0000 0.2452
363.0000 0.2459
363.0000 0.2466
364.0000 0.2473
369.0000 0.2481
369.0000 0.2488
374.0000 0.2495
374.0000 0.2502
376.0000 0.2509
380.0000 0.2516
381.0000 0.2523
383.0000 0.2530
395.0000 0.2537
399.0000 0.2544
401.0000 0.2551
403.0000 0.2558
404.0000 0.2566
406.0000 0.2573
409.0000 0.2580
409.0000 0.2587
410.0000 0.2594
410.0000 0.2601
410.0000 0.2608
412.0000 0.2615
413.0000 0.2622
414.0000 0.2629
414.0000 0.2636
418.0000 0.2644
419.0000 0.2651
420.0000 0.2658
430.0000 0.2665
432.0000 0.2672
433.0000 0.2679
433.0000 0.2686
434.0000 0.2693
436.0000 0.2700
436.0000 0.2707
440.0000 0.2714
441.0000 0.2721
442.0000 0.2729
443.0000 0.2736
445.0000 0.2743
447.0000 0.2750
448.0000 0.2757
450.0000 0.2764
458.0000 0.2771
459.0000 0.2778
460.0000 0.2785
461.0000 0.2792
463.0000 0.2799
469.0000 0.2807
469.0000 0.2814
470.0000 0.2821
472.0000 0.2828
473.0000 0.2835
476.0000 0.2842
477.0000 0.2849
481.0000 0.2856
485.0000 0.2863
486.0000 0.2870
488.0000 0.2877
489.0000 0.2884
489.0000 0.2892
499.0000 0.2899
504.0000 0.2906
505.0000 0.2913
509.0000 0.2920
513.0000 0.2927
515.0000 0.2934
516.0000 0.2941
518.0000 0.2948
518.0000 0.2955
519.0000 0.2962
522.0000 0.2970
527.0000 0.2977
528.0000 0.2984
529.0000 0.2991
533.0000 0.2998
534.0000 0.3005
540.0000 0.3012
540.0000 0.3019
540.0000 0.3026
543.0000 0.3033
547.0000 0.3040
549.0000 0.3047
551.0000 0.3055
551.0000 0.3062
555.0000 0.3069
556.0000 0.3076
558.0000 0.3083
563.0000 0.3090
564.0000 0.3097
567.0000 0.3104
572.0000 0.3111
575.0000 0.3118
576.0000 0.3125
579.0000 0.3133
581.0000 0.3140
585.0000 0.3147
586.0000 0.3154
589.0000 0.3161
591.0000 0.3168
599.0000 0.3175
599.0000 0.3182
600.0000 0.3189
603.0000 0.3196
607.0000 0.3203
610.0000 0.3210
612.0000 0.3218
617.0000 0.3225
617.0000 0.3232
619.0000 0.3239
626.0000 0.3246
628.0000 0.3253
630.0000 0.3260
633.0000 0.3267
634.0000 0.3274
636.0000 0.3281
638.0000 0.3288
645.0000 0.3296
646.0000 0.3303
647.0000 0.3310
647.0000 0.3317
647.0000 0.3324
652.0000 0.3331
653.0000 0.3338
662.0000 0.3345
665.0000 0.3352
667.0000 0.3359
673.0000 0.3366
674.0000 0.3373
674.0000 0.3381
678.0000 0.3388
678.0000 0.3395
680.0000 0.3402
683.0000 0.3409
705.0000 0.3416
709.0000 0.3423
711.0000 0.3430
713.0000 0.3437
719.0000 0.3444
721.0000 0.3451
727.0000 0.3459
745.0000 0.3466
749.0000 0.3473
751.0000 0.3480
759.0000 0.3487
760.0000 0.3494
765.0000 0.3501
765.0000 0.3508
767.0000 0.3515
769.0000 0.3522
771.0000 0.3529
780.0000 0.3536
789.0000 0.3544
790.0000 0.3551
798.0000 0.3558
798.0000 0.3565
799.0000 0.3572
800.0000 0.3579
804.0000 0.3586
804.0000 0.3593
810.0000 0.3600
821.0000 0.3607
826.0000 0.3614
837.0000 0.3622
838.0000 0.3629
845.0000 0.3636
847.0000 0.3643
848.0000 0.3650
850.0000 0.3657
853.0000 0.3664
853.0000 0.3671
856.0000 0.3678
864.0000 0.3685
868.0000 0.3692
873.0000 0.3700
873.0000 0.3707
876.0000 0.3714
882.0000 0.3721
889.0000 0.3728
893.0000 0.3735
914.0000 0.3742
916.0000 0.3749
921.0000 0.3756
924.0000 0.3763
925.0000 0.3770
936.0000 0.3777
937.0000 0.3785
949.0000 0.3792
950.0000 0.3799
966.0000 0.3806
969.0000 0.3813
970.0000 0.3820
974.0000 0.3827
976.0000 0.3834
984.0000 0.3841
990.0000 0.3848
1006.0000 0.3855
1011.0000 0.3863
1013.0000 0.3870
1013.0000 0.3877
1021.0000 0.3884
1029.0000 0.3891
1044.0000 0.3898
1048.0000 0.3905
1052.0000 0.3912
1062.0000 0.3919
1066.0000 0.3926
1067.0000 0.3933
1071.0000 0.3940
1076.0000 0.3948
1079.0000 0.3955
1087.0000 0.3962
1093.0000 0.3969
1100.0000 0.3976
1113.0000 0.3983
1115.0000 0.3990
1133.0000 0.3997
1147.0000 0.4004
1151.0000 0.4011
1174.0000 0.4018
1175.0000 0.4026
1176.0000 0.4033
1189.0000 0.4040
1197.0000 0.4047
1215.0000 0.4054
1234.0000 0.4061
1244.0000 0.4068
1290.0000 0.4075
1306.0000 0.4082
1323.0000 0.4089
1343.0000 0.4096
1355.0000 0.4103
1357.0000 0.4111
1395.0000 0.4118
1402.0000 0.4125
1476.0000 0.4132
1508.0000 0.4139
1517.0000 0.4146
1519.0000 0.4153
1523.0000 0.4160
1533.0000 0.4167
1553.0000 0.4174
1561.0000 0.4181
1564.0000 0.4189
1567.0000 0.4196
1591.0000 0.4203
1592.0000 0.4210
1616.0000 0.4217
1623.0000 0.4224
1655.0000 0.4231
1666.0000 0.4238
1682.0000 0.4245
1691.0000 0.4252
1694.0000 0.4259
1695.0000 0.4266
1727.0000 0.4274
1756.0000 0.4281
1797.0000 0.4288
1812.0000 0.4295
1822.0000 0.4302
1855.0000 0.4309
1871.0000 0.4316
1886.0000 0.4323
1896.0000 0.4330
1935.0000 0.4337
2006.0000 0.4344
2016.0000 0.4352
2021.0000 0.4359
2058.0000 0.4366
2076.0000 0.4373
2081.0000 0.4380
2125.0000 0.4387
2249.0000 0.4394
2253.0000 0.4401
2288.0000 0.4408
2329.0000 0.4415
2329.0000 0.4422
2347.0000 0.4429
2352.0000 0.4437
2368.0000 0.4444
2422.0000 0.4451
2478.0000 0.4458
2574.0000 0.4465
2582.0000 0.4472
2611.0000 0.4479
2645.0000 0.4486
2670.0000 0.4493
2674.0000 0.4500
2732.0000 0.4507
2844.0000 0.4515
2864.0000 0.4522
2926.0000 0.4529
2977.0000 0.4536
3125.0000 0.4543
3230.0000 0.4550
3542.0000 0.4557
3634.0000 0.4564
3665.0000 0.4571
3706.0000 0.4578
4149.0000 0.4585
4343.0000 0.4592
4503.0000 0.4600
4791.0000 0.4607
4832.0000 0.4614
5250.0000 0.4621
5646.0000 0.4628
5886.0000 0.4635
7271.0000 0.4642
