# time  created  delivered  delivered/created
7.0000 1 0 0.0000
16.0000 2 0 0.0000
21.0000 3 0 0.0000
29.0000 4 0 0.0000
37.0000 5 0 0.0000
44.0000 6 0 0.0000
50.0000 7 0 0.0000
58.0000 8 0 0.0000
66.0000 9 0 0.0000
71.0000 10 0 0.0000
79.0000 11 0 0.0000
85.0000 12 0 0.0000
86.0000 12 1 0.0833
91.0000 13 1 0.0769
97.0000 14 1 0.0714
105.0000 15 1 0.0667
112.0000 16 1 0.0625
121.0000 17 1 0.0588
128.0000 18 1 0.0556
129.0000 18 2 0.1111
134.0000 19 2 0.1053
141.0000 20 2 0.1000
149.0000 21 2 0.0952
155.0000 22 2 0.0909
162.0000 22 3 0.1364
163.0000 23 3 0.1304
168.0000 24 3 0.1250
169.0000 24 4 0.1667
177.0000 25 4 0.1600
182.0000 26 4 0.1538
183.0000 26 5 0.1923
188.0000 27 5 0.1852
193.0000 28 5 0.1786
194.0000 28 6 0.2143
199.0000 29 6 0.2069
204.0000 30 6 0.2000
213.0000 31 6 0.1935
219.0000 32 6 0.1875
224.0000 32 7 0.2188
228.0000 33 7 0.2121
235.0000 34 7 0.2059
241.0000 34 8 0.2353
244.0000 35 8 0.2286
251.0000 36 8 0.2222
259.0000 37 8 0.2162
268.0000 38 8 0.2105
273.0000 38 9 0.2368
276.0000 39 9 0.2308
282.0000 39 10 0.2564
284.0000 40 10 0.2500
284.0000 40 11 0.2750
292.0000 40 12 0.3000
293.0000 41 12 0.2927
300.0000 42 12 0.2857
305.0000 43 12 0.2791
308.0000 43 13 0.3023
310.0000 44 13 0.2955
315.0000 45 13 0.2889
323.0000 46 13 0.2826
330.0000 47 13 0.2766
336.0000 48 13 0.2708
343.0000 49 13 0.2653
352.0000 50 13 0.2600
357.0000 51 13 0.2549
365.0000 52 13 0.2500
371.0000 53 13 0.2453
375.0000 53 14 0.2642
378.0000 54 14 0.2593
386.0000 55 14 0.2545
392.0000 56 14 0.2500
399.0000 57 14 0.2456
406.0000 58 14 0.2414
406.0000 58 15 0.2586
415.0000 59 15 0.2542
420.0000 60 15 0.2500
425.0000 60 16 0.2667
427.0000 61 16 0.2623
435.0000 62 16 0.2581
441.0000 63 16 0.2540
444.0000 63 17 0.2698
448.0000 63 18 0.2857
449.0000 64 18 0.2813
454.0000 65 18 0.2769
457.0000 65 19 0.2923
462.0000 66 19 0.2879
470.0000 67 19 0.2836
478.0000 68 19 0.2794
487.0000 69 19 0.2754
492.0000 69 20 0.2899
493.0000 70 20 0.2857
493.0000 70 21 0.3000
498.0000 71 21 0.2958
507.0000 72 21 0.2917
512.0000 73 21 0.2877
515.0000 73 22 0.3014
519.0000 74 22 0.2973
522.0000 74 23 0.3108
523.0000 74 24 0.3243
524.0000 75 24 0.3200
529.0000 75 25 0.3333
533.0000 76 25 0.3289
539.0000 77 25 0.3247
545.0000 77 26 0.3377
548.0000 78 26 0.3333
550.0000 78 27 0.3462
555.0000 79 27 0.3418
563.0000 80 27 0.3375
564.0000 80 28 0.3500
567.0000 80 29 0.3625
572.0000 81 29 0.3580
581.0000 82 29 0.3537
584.0000 82 30 0.3659
590.0000 83 30 0.3614
599.0000 84 30 0.3571
603.0000 84 31 0.3690
606.0000 85 31 0.3647
615.0000 86 31 0.3605
621.0000 87 31 0.3563
627.0000 88 31 0.3523
636.0000 89 31 0.3483
643.0000 90 31 0.3444
645.0000 90 32 0.3556
649.0000 90 33 0.3667
650.0000 91 33 0.3626
651.0000 91 34 0.3736
659.0000 92 34 0.3696
660.0000 92 35 0.3804
664.0000 92 36 0.3913
665.0000 92 37 0.4022
666.0000 92 38 0.4130
668.0000 93 38 0.4086
673.0000 93 39 0.4194
674.0000 93 40 0.4301
675.0000 93 41 0.4409
675.0000 93 42 0.4516
676.0000 94 42 0.4468
680.0000 94 43 0.4574
681.0000 95 43 0.4526
689.0000 96 43 0.4479
690.0000 96 44 0.4583
692.0000 96 45 0.4688
693.0000 96 46 0.4792
694.0000 97 46 0.4742
696.0000 97 47 0.4845
697.0000 97 48 0.4948
701.0000 98 48 0.4898
706.0000 99 48 0.4848
708.0000 99 49 0.4949
709.0000 99 50 0.5051
710.0000 99 51 0.5152
711.0000 99 52 0.5253
712.0000 99 53 0.5354
714.0000 100 53 0.5300
721.0000 101 53 0.5248
726.0000 101 54 0.5347
729.0000 102 54 0.5294
730.0000 102 55 0.5392
733.0000 102 56 0.5490
734.0000 103 56 0.5437
741.0000 104 56 0.5385
747.0000 104 57 0.5481
748.0000 105 57 0.5429
753.0000 106 57 0.5377
761.0000 107 57 0.5327
767.0000 107 58 0.5421
769.0000 108 58 0.5370
773.0000 108 59 0.5463
774.0000 109 59 0.5413
781.0000 110 59 0.5364
784.0000 110 60 0.5455
789.0000 111 60 0.5405
791.0000 111 61 0.5495
794.0000 112 61 0.5446
796.0000 112 62 0.5536
796.0000 112 63 0.5625
797.0000 112 64 0.5714
798.0000 112 65 0.5804
800.0000 113 65 0.5752
800.0000 113 66 0.5841
805.0000 113 67 0.5929
807.0000 114 67 0.5877
807.0000 114 68 0.5965
815.0000 115 68 0.5913
818.0000 115 69 0.6000
820.0000 115 70 0.6087
821.0000 116 70 0.6034
824.0000 116 71 0.6121
826.0000 117 71 0.6068
834.0000 118 71 0.6017
837.0000 118 72 0.6102
838.0000 118 73 0.6186
838.0000 118 74 0.6271
839.0000 119 74 0.6218
839.0000 119 75 0.6303
840.0000 119 76 0.6387
841.0000 119 77 0.6471
848.0000 120 77 0.6417
854.0000 121 77 0.6364
858.0000 121 78 0.6446
863.0000 122 78 0.6393
871.0000 123 78 0.6341
874.0000 123 79 0.6423
877.0000 124 79 0.6371
883.0000 125 79 0.6320
890.0000 126 79 0.6270
896.0000 127 79 0.6220
896.0000 127 80 0.6299
901.0000 127 81 0.6378
903.0000 128 81 0.6328
907.0000 128 82 0.6406
908.0000 129 82 0.6357
914.0000 130 82 0.6308
917.0000 130 83 0.6385
917.0000 130 84 0.6462
921.0000 131 84 0.6412
924.0000 131 85 0.6489
925.0000 131 86 0.6565
929.0000 132 86 0.6515
934.0000 133 86 0.6466
941.0000 134 86 0.6418
943.0000 134 87 0.6493
944.0000 134 88 0.6567
945.0000 134 89 0.6642
948.0000 135 89 0.6593
955.0000 136 89 0.6544
962.0000 137 89 0.6496
968.0000 138 89 0.6449
974.0000 139 89 0.6403
979.0000 140 89 0.6357
980.0000 140 90 0.6429
981.0000 140 91 0.6500
988.0000 141 91 0.6454
991.0000 141 92 0.6525
993.0000 142 92 0.6479
998.0000 143 92 0.6434
1003.0000 144 92 0.6389
1003.0000 144 93 0.6458
1006.0000 144 94 0.6528
1012.0000 145 94 0.6483
1019.0000 146 94 0.6438
1023.0000 146 95 0.6507
1023.0000 146 96 0.6575
1024.0000 146 97 0.6644
1025.0000 147 97 0.6599
1030.0000 147 98 0.6667
1032.0000 148 98 0.6622
1039.0000 148 99 0.6689
1040.0000 149 99 0.6644
1047.0000 150 99 0.6600
1056.0000 151 99 0.6556
1060.0000 151 100 0.6623
1065.0000 152 100 0.6579
1074.0000 153 100 0.6536
1076.0000 153 101 0.6601
1081.0000 154 101 0.6558
1082.0000 154 102 0.6623
1090.0000 155 102 0.6581
1093.0000 155 103 0.6645
1094.0000 155 104 0.6710
1096.0000 156 104 0.6667
1101.0000 157 104 0.6624
1104.0000 157 105 0.6688
1108.0000 158 105 0.6646
1116.0000 159 105 0.6604
1121.0000 159 106 0.6667
1123.0000 160 106 0.6625
1127.0000 160 107 0.6688
1129.0000 161 107 0.6646
1132.0000 161 108 0.6708
1136.0000 162 108 0.6667
1143.0000 163 108 0.6626
1152.0000 164 108 0.6585
1155.0000 164 109 0.6646
1158.0000 164 110 0.6707
1158.0000 164 111 0.6768
1161.0000 165 111 0.6727
1170.0000 166 111 0.6687
1173.0000 166 112 0.6747
1174.0000 166 113 0.6807
1175.0000 166 114 0.6867
1176.0000 166 115 0.6928
1176.0000 166 116 0.6988
1176.0000 166 117 0.7048
1176.0000 166 118 0.7108
1177.0000 167 118 0.7066
1177.0000 167 119 0.7126
1181.0000 167 120 0.7186
1182.0000 168 120 0.7143
1187.0000 168 121 0.7202
1188.0000 168 122 0.7262
1189.0000 169 122 0.7219
1189.0000 169 123 0.7278
1190.0000 169 124 0.7337
1192.0000 169 125 0.7396
1195.0000 170 125 0.7353
1200.0000 171 125 0.7310
1202.0000 171 126 0.7368
1203.0000 171 127 0.7427
1204.0000 171 128 0.7485
1206.0000 172 128 0.7442
1207.0000 172 129 0.7500
1207.0000 172 130 0.7558
1208.0000 172 131 0.7616
1210.0000 172 132 0.7674
1211.0000 172 133 0.7733
1215.0000 173 133 0.7688
1216.0000 173 134 0.7746
1223.0000 174 134 0.7701
1227.0000 174 135 0.7759
1228.0000 175 135 0.7714
1228.0000 175 136 0.7771
1231.0000 175 137 0.7829
1233.0000 176 137 0.7784
1239.0000 176 138 0.7841
1242.0000 177 138 0.7797
1247.0000 178 138 0.7753
1252.0000 178 139 0.7809
1252.0000 178 140 0.7865
1253.0000 179 140 0.7821
1258.0000 179 141 0.7877
1258.0000 179 142 0.7933
1259.0000 179 143 0.7989
1262.0000 180 143 0.7944
1265.0000 180 144 0.8000
1267.0000 181 144 0.7956
1270.0000 181 145 0.8011
1271.0000 181 146 0.8066
1271.0000 181 147 0.8122
1272.0000 181 148 0.8177
1273.0000 182 148 0.8132
1281.0000 183 148 0.8087
1281.0000 183 149 0.8142
1287.0000 183 150 0.8197
1288.0000 184 150 0.8152
1290.0000 184 151 0.8207
1294.0000 185 151 0.8162
1300.0000 186 151 0.8118
1301.0000 186 152 0.8172
1307.0000 187 152 0.8128
1313.0000 188 152 0.8085
1319.0000 189 152 0.8042
1319.0000 189 153 0.8095
1323.0000 189 154 0.8148
1324.0000 189 155 0.8201
1325.0000 189 156 0.8254
1327.0000 190 156 0.8211
1335.0000 190 157 0.8263
1336.0000 191 157 0.8220
1340.0000 191 158 0.8272
1341.0000 191 159 0.8325
1344.0000 192 159 0.8281
1347.0000 192 160 0.8333
1349.0000 193 160 0.8290
1358.0000 194 160 0.8247
1359.0000 194 161 0.8299
1364.0000 194 162 0.8351
1366.0000 195 162 0.8308
1369.0000 195 163 0.8359
1370.0000 195 164 0.8410
1372.0000 196 164 0.8367
1377.0000 197 164 0.8325
1380.0000 197 165 0.8376
1383.0000 198 165 0.8333
1389.0000 199 165 0.8291
1393.0000 199 166 0.8342
1394.0000 200 166 0.8300
1400.0000 200 167 0.8350
1403.0000 201 167 0.8308
1410.0000 201 168 0.8358
1411.0000 202 168 0.8317
1416.0000 202 169 0.8366
1418.0000 202 170 0.8416
1419.0000 202 171 0.8465
1419.0000 202 172 0.8515
1420.0000 203 172 0.8473
1426.0000 203 173 0.8522
1428.0000 204 173 0.8480
1435.0000 204 174 0.8529
1437.0000 205 174 0.8488
1438.0000 205 175 0.8537
1441.0000 205 176 0.8585
1445.0000 205 177 0.8634
1445.0000 205 178 0.8683
1446.0000 206 178 0.8641
1447.0000 206 179 0.8689
1455.0000 207 179 0.8647
1458.0000 207 180 0.8696
1464.0000 208 180 0.8654
1464.0000 208 181 0.8702
1467.0000 208 182 0.8750
1469.0000 209 182 0.8708
1471.0000 209 183 0.8756
1476.0000 210 183 0.8714
1478.0000 210 184 0.8762
1479.0000 210 185 0.8810
1479.0000 210 186 0.8857
1481.0000 210 187 0.8905
1485.0000 211 187 0.8863
1485.0000 211 188 0.8910
1489.0000 211 189 0.8957
1490.0000 211 190 0.9005
1492.0000 212 190 0.8962
1498.0000 212 191 0.9009
1499.0000 213 191 0.8967
1501.0000 213 192 0.9014
1504.0000 213 193 0.9061
1506.0000 214 193 0.9019
1507.0000 214 194 0.9065
1508.0000 214 195 0.9112
1515.0000 215 195 0.9070
1518.0000 215 196 0.9116
1522.0000 216 196 0.9074
1529.0000 216 197 0.9120
1531.0000 217 197 0.9078
1533.0000 217 198 0.9124
1537.0000 218 198 0.9083
1539.0000 218 199 0.9128
1540.0000 218 200 0.9174
1545.0000 219 200 0.9132
1546.0000 219 201 0.9178
1552.0000 219 202 0.9224
1553.0000 220 202 0.9182
1560.0000 221 202 0.9140
1561.0000 221 203 0.9186
1561.0000 221 204 0.9231
1562.0000 221 205 0.9276
1565.0000 221 206 0.9321
1568.0000 222 206 0.9279
1575.0000 223 206 0.9238
1580.0000 224 206 0.9196
1582.0000 224 207 0.9241
1586.0000 225 207 0.9200
1590.0000 225 208 0.9244
1593.0000 226 208 0.9204
1593.0000 226 209 0.9248
1599.0000 227 209 0.9207
1605.0000 227 210 0.9251
1606.0000 228 210 0.9211
1614.0000 229 210 0.9170
1616.0000 229 211 0.9214
1620.0000 229 212 0.9258
1622.0000 230 212 0.9217
1628.0000 231 212 0.9177
1634.0000 232 212 0.9138
1642.0000 233 212 0.9099
1647.0000 233 213 0.9142
1651.0000 234 213 0.9103
1653.0000 234 214 0.9145
1656.0000 235 214 0.9106
1659.0000 235 215 0.9149
1660.0000 235 216 0.9191
1664.0000 236 216 0.9153
1669.0000 236 217 0.9195
1670.0000 237 217 0.9156
1675.0000 238 217 0.9118
1681.0000 239 217 0.9079
1688.0000 240 217 0.9042
1690.0000 240 218 0.9083
1691.0000 240 219 0.9125
1697.0000 241 219 0.9087
1698.0000 241 220 0.9129
1705.0000 241 221 0.9170
1705.0000 241 222 0.9212
1706.0000 242 222 0.9174
1706.0000 242 223 0.9215
1707.0000 242 224 0.9256
1711.0000 243 224 0.9218
1712.0000 243 225 0.9259
1716.0000 244 225 0.9221
1725.0000 245 225 0.9184
1730.0000 246 225 0.9146
1730.0000 246 226 0.9187
1737.0000 247 226 0.9150
1740.0000 247 227 0.9190
1744.0000 248 227 0.9153
1749.0000 249 227 0.9116
1750.0000 249 228 0.9157
1757.0000 249 229 0.9197
1758.0000 250 229 0.9160
1759.0000 250 230 0.9200
1764.0000 251 230 0.9163
1771.0000 252 230 0.9127
1780.0000 253 230 0.9091
1787.0000 254 230 0.9055
1794.0000 254 231 0.9094
1795.0000 255 231 0.9059
1803.0000 256 231 0.9023
1806.0000 256 232 0.9063
1810.0000 257 232 0.9027
1816.0000 257 233 0.9066
1817.0000 258 233 0.9031
1826.0000 259 233 0.8996
1833.0000 259 234 0.9035
1835.0000 260 234 0.9000
1835.0000 260 235 0.9038
1844.0000 261 235 0.9004
1849.0000 261 236 0.9042
1850.0000 262 236 0.9008
1858.0000 262 237 0.9046
1859.0000 263 237 0.9011
1864.0000 263 238 0.9049
1865.0000 263 239 0.9087
1866.0000 264 239 0.9053
1868.0000 264 240 0.9091
1868.0000 264 241 0.9129
1869.0000 264 242 0.9167
1874.0000 264 243 0.9205
1875.0000 265 243 0.9170
1875.0000 265 244 0.9208
1882.0000 266 244 0.9173
1882.0000 266 245 0.9211
1885.0000 266 246 0.9248
1886.0000 266 247 0.9286
1890.0000 267 247 0.9251
1896.0000 268 247 0.9216
1902.0000 269 247 0.9182
1908.0000 269 248 0.9219
1910.0000 270 248 0.9185
1911.0000 270 249 0.9222
1911.0000 270 250 0.9259
1914.0000 270 251 0.9296
1917.0000 270 252 0.9333
1919.0000 271 252 0.9299
1926.0000 272 252 0.9265
1932.0000 273 252 0.9231
1939.0000 274 252 0.9197
1941.0000 274 253 0.9234
1941.0000 274 254 0.9270
1946.0000 275 254 0.9236
1946.0000 275 255 0.9273
1946.0000 275 256 0.9309
1952.0000 276 256 0.9275
1958.0000 277 256 0.9242
1965.0000 277 257 0.9278
1966.0000 278 257 0.9245
1971.0000 279 257 0.9211
1976.0000 280 257 0.9179
1984.0000 281 257 0.9146
1989.0000 281 258 0.9181
1990.0000 282 258 0.9149
1990.0000 282 259 0.9184
1998.0000 282 260 0.9220
1999.0000 283 260 0.9187
2004.0000 284 260 0.9155
2008.0000 284 261 0.9190
2010.0000 285 261 0.9158
2011.0000 285 262 0.9193
2018.0000 286 262 0.9161
2020.0000 286 263 0.9196
2020.0000 286 264 0.9231
2021.0000 286 265 0.9266
2023.0000 286 266 0.9301
2024.0000 287 266 0.9268
2031.0000 288 266 0.9236
2039.0000 289 266 0.9204
2045.0000 290 266 0.9172
2053.0000 291 266 0.9141
2055.0000 291 267 0.9175
2059.0000 292 267 0.9144
2066.0000 293 267 0.9113
2069.0000 293 268 0.9147
2070.0000 293 269 0.9181
2073.0000 293 270 0.9215
2074.0000 294 270 0.9184
2079.0000 294 271 0.9218
2081.0000 294 272 0.9252
2083.0000 295 272 0.9220
2089.0000 296 272 0.9189
2096.0000 296 273 0.9223
2098.0000 297 273 0.9192
2100.0000 297 274 0.9226
2100.0000 297 275 0.9259
2101.0000 297 276 0.9293
2107.0000 298 276 0.9262
2109.0000 298 277 0.9295
2114.0000 299 277 0.9264
2115.0000 299 278 0.9298
2119.0000 300 278 0.9267
2119.0000 300 279 0.9300
2127.0000 301 279 0.9269
2135.0000 302 279 0.9238
2138.0000 302 280 0.9272
2144.0000 303 280 0.9241
2148.0000 303 281 0.9274
2149.0000 304 281 0.9243
2150.0000 304 282 0.9276
2156.0000 305 282 0.9246
2163.0000 305 283 0.9279
2164.0000 306 283 0.9248
2170.0000 307 283 0.9218
2177.0000 308 283 0.9188
2184.0000 309 283 0.9159
2184.0000 309 284 0.9191
2192.0000 310 284 0.9161
2194.0000 310 285 0.9194
2194.0000 310 286 0.9226
2197.0000 310 287 0.9258
2198.0000 311 287 0.9228
2200.0000 311 288 0.9260
2203.0000 312 288 0.9231
2207.0000 312 289 0.9263
2207.0000 312 290 0.9295
2210.0000 313 290 0.9265
2217.0000 314 290 0.9236
2223.0000 315 290 0.9206
2228.0000 316 290 0.9177
2235.0000 316 291 0.9209
2237.0000 317 291 0.9180
2243.0000 317 292 0.9211
2245.0000 318 292 0.9182
2253.0000 319 292 0.9154
2258.0000 319 293 0.9185
2259.0000 320 293 0.9156
2262.0000 320 294 0.9188
2265.0000 321 294 0.9159
2273.0000 322 294 0.9130
2275.0000 322 295 0.9161
2278.0000 323 295 0.9133
2280.0000 323 296 0.9164
2282.0000 323 297 0.9195
2283.0000 323 298 0.9226
2284.0000 323 299 0.9257
2285.0000 324 299 0.9228
2291.0000 324 300 0.9259
2292.0000 325 300 0.9231
2301.0000 326 300 0.9202
2306.0000 326 301 0.9233
2307.0000 327 301 0.9205
2315.0000 327 302 0.9235
2315.0000 327 303 0.9266
2316.0000 328 303 0.9238
2316.0000 328 304 0.9268
2323.0000 329 304 0.9240
2324.0000 329 305 0.9271
2329.0000 330 305 0.9242
2334.0000 331 305 0.9215
2342.0000 332 305 0.9187
2343.0000 332 306 0.9217
2345.0000 332 307 0.9247
2348.0000 332 308 0.9277
2349.0000 332 309 0.9307
2350.0000 333 309 0.9279
2353.0000 333 310 0.9309
2353.0000 333 311 0.9339
2357.0000 334 311 0.9311
2361.0000 334 312 0.9341
2363.0000 335 312 0.9313
2368.0000 335 313 0.9343
2372.0000 336 313 0.9315
2378.0000 337 313 0.9288
2387.0000 338 313 0.9260
2387.0000 338 314 0.9290
2392.0000 339 314 0.9263
2401.0000 340 314 0.9235
2406.0000 340 315 0.9265
2409.0000 341 315 0.9238
2412.0000 341 316 0.9267
2416.0000 341 317 0.9296
2417.0000 342 317 0.9269
2422.0000 343 317 0.9242
2422.0000 343 318 0.9271
2423.0000 343 319 0.9300
2423.0000 343 320 0.9329
2426.0000 343 321 0.9359
2431.0000 344 321 0.9331
2439.0000 345 321 0.9304
2439.0000 345 322 0.9333
2445.0000 346 322 0.9306
2448.0000 346 323 0.9335
2451.0000 347 323 0.9308
2460.0000 348 323 0.9282
2463.0000 348 324 0.9310
2466.0000 348 325 0.9339
2467.0000 349 325 0.9312
2472.0000 349 326 0.9341
2475.0000 350 326 0.9314
2481.0000 351 326 0.9288
2488.0000 352 326 0.9261
2496.0000 352 327 0.9290
2497.0000 353 327 0.9263
2502.0000 353 328 0.9292
2505.0000 354 328 0.9266
2510.0000 355 328 0.9239
2515.0000 355 329 0.9268
2516.0000 356 329 0.9242
2521.0000 356 330 0.9270
2525.0000 357 330 0.9244
2533.0000 357 331 0.9272
2534.0000 358 331 0.9246
2538.0000 358 332 0.9274
2540.0000 359 332 0.9248
2547.0000 360 332 0.9222
2552.0000 361 332 0.9197
2557.0000 361 333 0.9224
2560.0000 362 333 0.9199
2560.0000 362 334 0.9227
2561.0000 362 335 0.9254
2566.0000 362 336 0.9282
2566.0000 362 337 0.9309
2567.0000 362 338 0.9337
2568.0000 363 338 0.9311
2571.0000 363 339 0.9339
2573.0000 364 339 0.9313
2579.0000 365 339 0.9288
2579.0000 365 340 0.9315
2579.0000 365 341 0.9342
2582.0000 365 342 0.9370
2585.0000 366 342 0.9344
2590.0000 366 343 0.9372
2590.0000 366 344 0.9399
2592.0000 367 344 0.9373
2597.0000 367 345 0.9401
2598.0000 368 345 0.9375
2603.0000 369 345 0.9350
2608.0000 370 345 0.9324
2614.0000 371 345 0.9299
2619.0000 371 346 0.9326
2620.0000 372 346 0.9301
2626.0000 373 346 0.9276
2631.0000 374 346 0.9251
2632.0000 374 347 0.9278
2639.0000 375 347 0.9253
2642.0000 375 348 0.9280
2642.0000 375 349 0.9307
2644.0000 376 349 0.9282
2652.0000 377 349 0.9257
2657.0000 378 349 0.9233
2658.0000 378 350 0.9259
2665.0000 379 350 0.9235
2665.0000 379 351 0.9261
2673.0000 380 351 0.9237
2681.0000 381 351 0.9213
2688.0000 381 352 0.9239
2690.0000 382 352 0.9215
2699.0000 383 352 0.9191
2699.0000 383 353 0.9217
2708.0000 384 353 0.9193
2714.0000 385 353 0.9169
2722.0000 386 353 0.9145
2729.0000 387 353 0.9121
2729.0000 387 354 0.9147
2730.0000 387 355 0.9173
2734.0000 388 355 0.9149
2743.0000 389 355 0.9126
2747.0000 389 356 0.9152
2748.0000 390 356 0.9128
2757.0000 391 356 0.9105
2759.0000 391 357 0.9130
2764.0000 392 357 0.9107
2767.0000 392 358 0.9133
2770.0000 393 358 0.9109
2770.0000 393 359 0.9135
2777.0000 394 359 0.9112
2785.0000 395 359 0.9089
2790.0000 396 359 0.9066
2792.0000 396 360 0.9091
2797.0000 397 360 0.9068
2799.0000 397 361 0.9093
2805.0000 398 361 0.9070
2812.0000 398 362 0.9095
2812.0000 398 363 0.9121
2813.0000 399 363 0.9098
2821.0000 400 363 0.9075
2829.0000 401 363 0.9052
2829.0000 401 364 0.9077
2834.0000 402 364 0.9055
2835.0000 402 365 0.9080
2842.0000 403 365 0.9057
2842.0000 403 366 0.9082
2843.0000 403 367 0.9107
2845.0000 403 368 0.9132
2846.0000 403 369 0.9156
2847.0000 404 369 0.9134
2847.0000 404 370 0.9158
2851.0000 404 371 0.9183
2852.0000 405 371 0.9160
2853.0000 405 372 0.9185
2855.0000 405 373 0.9210
2855.0000 405 374 0.9235
2857.0000 406 374 0.9212
2857.0000 406 375 0.9236
2859.0000 406 376 0.9261
2863.0000 407 376 0.9238
2866.0000 407 377 0.9263
2870.0000 407 378 0.9287
2871.0000 407 379 0.9312
2871.0000 407 380 0.9337
2872.0000 408 380 0.9314
2881.0000 409 380 0.9291
2887.0000 410 380 0.9268
2892.0000 410 381 0.9293
2894.0000 410 382 0.9317
2896.0000 411 382 0.9294
2896.0000 411 383 0.9319
2900.0000 411 384 0.9343
2902.0000 411 385 0.9367
2904.0000 412 385 0.9345
2911.0000 413 385 0.9322
2911.0000 413 386 0.9346
2916.0000 414 386 0.9324
2922.0000 415 386 0.9301
2926.0000 415 387 0.9325
2927.0000 416 387 0.9303
2936.0000 417 387 0.9281
2938.0000 417 388 0.9305
2942.0000 418 388 0.9282
2951.0000 419 388 0.9260
2953.0000 419 389 0.9284
2956.0000 420 389 0.9262
2960.0000 420 390 0.9286
2961.0000 421 390 0.9264
2970.0000 422 390 0.9242
2972.0000 422 391 0.9265
2973.0000 422 392 0.9289
2974.0000 422 393 0.9313
2975.0000 423 393 0.9291
2976.0000 423 394 0.9314
2977.0000 423 395 0.9338
2978.0000 423 396 0.9362
2984.0000 424 396 0.9340
2991.0000 425 396 0.9318
3000.0000 426 396 0.9296
3002.0000 426 397 0.9319
3008.0000 427 397 0.9297
3009.0000 427 398 0.9321
3017.0000 428 398 0.9299
3025.0000 429 398 0.9277
3026.0000 429 399 0.9301
3032.0000 429 400 0.9324
3034.0000 430 400 0.9302
3036.0000 430 401 0.9326
3040.0000 431 401 0.9304
3042.0000 431 402 0.9327
3043.0000 431 403 0.9350
3043.0000 431 404 0.9374
3046.0000 432 404 0.9352
3051.0000 433 404 0.9330
3051.0000 433 405 0.9353
3060.0000 434 405 0.9332
3060.0000 434 406 0.9355
3061.0000 434 407 0.9378
3067.0000 435 407 0.9356
3073.0000 436 407 0.9335
3076.0000 436 408 0.9358
3080.0000 437 408 0.9336
3080.0000 437 409 0.9359
3080.0000 437 410 0.9382
3083.0000 437 411 0.9405
3085.0000 438 411 0.9384
3091.0000 439 411 0.9362
3092.0000 439 412 0.9385
3096.0000 439 413 0.9408
3097.0000 440 413 0.9386
3102.0000 440 414 0.9409
3106.0000 441 414 0.9388
3113.0000 441 415 0.9410
3114.0000 442 415 0.9389
3120.0000 442 416 0.9412
3123.0000 443 416 0.9391
3126.0000 443 417 0.9413
3130.0000 443 418 0.9436
3131.0000 444 418 0.9414
3131.0000 444 419 0.9437
3135.0000 444 420 0.9459
3136.0000 444 421 0.9482
3138.0000 445 421 0.9461
3144.0000 446 421 0.9439
3151.0000 447 421 0.9418
3155.0000 447 422 0.9441
3159.0000 448 422 0.9420
3161.0000 448 423 0.9442
3162.0000 448 424 0.9464
3166.0000 449 424 0.9443
3175.0000 450 424 0.9422
3184.0000 451 424 0.9401
3189.0000 452 424 0.9381
3192.0000 452 425 0.9403
3193.0000 452 426 0.9425
3194.0000 452 427 0.9447
3196.0000 452 428 0.9469
3197.0000 453 428 0.9448
3199.0000 453 429 0.9470
3204.0000 454 429 0.9449
3209.0000 454 430 0.9471
3211.0000 455 430 0.9451
3218.0000 456 430 0.9430
3227.0000 457 430 0.9409
3236.0000 458 430 0.9389
3236.0000 458 431 0.9410
3238.0000 458 432 0.9432
3242.0000 459 432 0.9412
3244.0000 459 433 0.9434
3251.0000 460 433 0.9413
3258.0000 461 433 0.9393
3260.0000 461 434 0.9414
3261.0000 461 435 0.9436
3266.0000 462 435 0.9416
3268.0000 462 436 0.9437
3274.0000 463 436 0.9417
3282.0000 464 436 0.9397
3286.0000 464 437 0.9418
3291.0000 465 437 0.9398
3291.0000 465 438 0.9419
3298.0000 466 438 0.9399
3299.0000 466 439 0.9421
3302.0000 466 440 0.9442
3303.0000 467 440 0.9422
3304.0000 467 441 0.9443
3305.0000 467 442 0.9465
3307.0000 467 443 0.9486
3309.0000 468 443 0.9466
3311.0000 468 444 0.9487
3318.0000 469 444 0.9467
3318.0000 469 445 0.9488
3319.0000 469 446 0.9510
3323.0000 469 447 0.9531
3324.0000 470 447 0.9511
3325.0000 470 448 0.9532
3330.0000 471 448 0.9512
3334.0000 471 449 0.9533
3338.0000 472 449 0.9513
3342.0000 472 450 0.9534
3343.0000 472 451 0.9555
3344.0000 473 451 0.9535
3349.0000 473 452 0.9556
3351.0000 474 452 0.9536
3356.0000 475 452 0.9516
3362.0000 476 452 0.9496
3365.0000 476 453 0.9517
3369.0000 476 454 0.9538
3371.0000 477 454 0.9518
3380.0000 478 454 0.9498
3387.0000 478 455 0.9519
3388.0000 479 455 0.9499
3395.0000 480 455 0.9479
3403.0000 481 455 0.9459
3409.0000 482 455 0.9440
3411.0000 482 456 0.9461
3411.0000 482 457 0.9481
3414.0000 482 458 0.9502
3417.0000 483 458 0.9482
3417.0000 483 459 0.9503
3420.0000 483 460 0.9524
3424.0000 484 460 0.9504
3430.0000 485 460 0.9485
3430.0000 485 461 0.9505
3431.0000 485 462 0.9526
3438.0000 485 463 0.9546
3439.0000 486 463 0.9527
3442.0000 486 464 0.9547
3443.0000 486 465 0.9568
3446.0000 487 465 0.9548
3451.0000 487 466 0.9569
3453.0000 488 466 0.9549
3457.0000 488 467 0.9570
3458.0000 488 468 0.9590
3458.0000 488 469 0.9611
3459.0000 488 470 0.9631
3459.0000 488 471 0.9652
3460.0000 489 471 0.9632
3467.0000 490 471 0.9612
3470.0000 490 472 0.9633
3472.0000 491 472 0.9613
3477.0000 492 472 0.9593
3484.0000 493 472 0.9574
3492.0000 494 472 0.9555
3500.0000 495 472 0.9535
3506.0000 496 472 0.9516
3510.0000 496 473 0.9536
3512.0000 497 473 0.9517
3512.0000 497 474 0.9537
3516.0000 497 475 0.9557
3519.0000 498 475 0.9538
3525.0000 499 475 0.9519
3526.0000 499 476 0.9539
3531.0000 500 476 0.9520
3537.0000 501 476 0.9501
3543.0000 501 477 0.9521
3546.0000 502 477 0.9502
3547.0000 502 478 0.9522
3555.0000 503 478 0.9503
3561.0000 504 478 0.9484
3564.0000 504 479 0.9504
3570.0000 505 479 0.9485
3571.0000 505 480 0.9505
3573.0000 505 481 0.9525
3578.0000 506 481 0.9506
3586.0000 507 481 0.9487
3592.0000 507 482 0.9507
3592.0000 507 483 0.9527
3593.0000 508 483 0.9508
3593.0000 508 484 0.9528
3596.0000 508 485 0.9547
3599.0000 509 485 0.9528
3599.0000 509 486 0.9548
3608.0000 510 486 0.9529
3611.0000 510 487 0.9549
3613.0000 511 487 0.9530
3618.0000 511 488 0.9550
3620.0000 512 488 0.9531
3621.0000 512 489 0.9551
3625.0000 513 489 0.9532
3627.0000 513 490 0.9552
3630.0000 514 490 0.9533
3630.0000 514 491 0.9553
3631.0000 514 492 0.9572
3633.0000 514 493 0.9591
3635.0000 515 493 0.9573
3641.0000 515 494 0.9592
3643.0000 516 494 0.9574
3652.0000 517 494 0.9555
3653.0000 517 495 0.9574
3654.0000 517 496 0.9594
3655.0000 517 497 0.9613
3658.0000 517 498 0.9632
3659.0000 517 499 0.9652
3660.0000 518 499 0.9633
3666.0000 519 499 0.9615
3667.0000 519 500 0.9634
3671.0000 520 500 0.9615
3679.0000 521 500 0.9597
3681.0000 521 501 0.9616
3684.0000 522 501 0.9598
3687.0000 522 502 0.9617
3691.0000 523 502 0.9598
3693.0000 523 503 0.9618
3696.0000 523 504 0.9637
3697.0000 524 504 0.9618
3698.0000 524 505 0.9637
3702.0000 525 505 0.9619
3704.0000 525 506 0.9638
3705.0000 525 507 0.9657
3708.0000 526 507 0.9639
3712.0000 526 508 0.9658
3717.0000 527 508 0.9639
3717.0000 527 509 0.9658
3725.0000 528 509 0.9640
3730.0000 529 509 0.9622
3738.0000 529 510 0.9641
3739.0000 530 510 0.9623
3747.0000 531 510 0.9605
3753.0000 531 511 0.9623
3756.0000 532 511 0.9605
3761.0000 532 512 0.9624
3764.0000 533 512 0.9606
3772.0000 534 512 0.9588
3779.0000 534 513 0.9607
3780.0000 535 513 0.9589
3784.0000 535 514 0.9607
3787.0000 536 514 0.9590
3794.0000 536 515 0.9608
3796.0000 537 515 0.9590
3801.0000 537 516 0.9609
3804.0000 537 517 0.9628
3805.0000 538 517 0.9610
3812.0000 539 517 0.9592
3817.0000 540 517 0.9574
3817.0000 540 518 0.9593
3818.0000 540 519 0.9611
3826.0000 541 519 0.9593
3833.0000 542 519 0.9576
3838.0000 543 519 0.9558
3845.0000 544 519 0.9540
3845.0000 544 520 0.9559
3848.0000 544 521 0.9577
3852.0000 545 521 0.9560
3857.0000 545 522 0.9578
3858.0000 546 522 0.9560
3863.0000 547 522 0.9543
3872.0000 548 522 0.9526
3873.0000 548 523 0.9544
3875.0000 548 524 0.9562
3880.0000 549 524 0.9545
3884.0000 549 525 0.9563
3885.0000 549 526 0.9581
3888.0000 550 526 0.9564
3897.0000 551 526 0.9546
3903.0000 552 526 0.9529
3909.0000 553 526 0.9512
3915.0000 554 526 0.9495
3915.0000 554 527 0.9513
3918.0000 554 528 0.9531
3919.0000 554 529 0.9549
3919.0000 554 530 0.9567
3922.0000 555 530 0.9550
3927.0000 556 530 0.9532
3927.0000 556 531 0.9550
3934.0000 557 531 0.9533
3939.0000 557 532 0.9551
3942.0000 558 532 0.9534
3947.0000 559 532 0.9517
3947.0000 559 533 0.9535
3951.0000 559 534 0.9553
3954.0000 560 534 0.9536
3955.0000 560 535 0.9554
3957.0000 560 536 0.9571
3958.0000 560 537 0.9589
3959.0000 560 538 0.9607
3963.0000 561 538 0.9590
3963.0000 561 539 0.9608
3969.0000 561 540 0.9626
3970.0000 562 540 0.9609
3973.0000 562 541 0.9626
3978.0000 563 541 0.9609
3985.0000 564 541 0.9592
3986.0000 564 542 0.9610
3987.0000 564 543 0.9628
3989.0000 564 544 0.9645
3990.0000 565 544 0.9628
3990.0000 565 545 0.9646
3997.0000 566 545 0.9629
4001.0000 566 546 0.9647
4002.0000 567 546 0.9630
4002.0000 567 547 0.9647
4011.0000 568 547 0.9630
4015.0000 568 548 0.9648
4017.0000 569 548 0.9631
4021.0000 569 549 0.9649
4023.0000 570 549 0.9632
4030.0000 571 549 0.9615
4031.0000 571 550 0.9632
4032.0000 571 551 0.9650
4038.0000 572 551 0.9633
4046.0000 573 551 0.9616
4047.0000 573 552 0.9634
4052.0000 574 552 0.9617
4056.0000 574 553 0.9634
4061.0000 575 553 0.9617
4063.0000 575 554 0.9635
4067.0000 576 554 0.9618
4067.0000 576 555 0.9635
4076.0000 577 555 0.9619
4079.0000 577 556 0.9636
4083.0000 578 556 0.9619
4085.0000 578 557 0.9637
4091.0000 579 557 0.9620
4091.0000 579 558 0.9637
4096.0000 580 558 0.9621
4104.0000 580 559 0.9638
4105.0000 581 559 0.9621
4113.0000 582 559 0.9605
4122.0000 583 559 0.9588
4127.0000 584 559 0.9572
4127.0000 584 560 0.9589
4128.0000 584 561 0.9606
4135.0000 585 561 0.9590
4143.0000 586 561 0.9573
4152.0000 587 561 0.9557
4156.0000 587 562 0.9574
4157.0000 588 562 0.9558
4157.0000 588 563 0.9575
4164.0000 588 564 0.9592
4166.0000 589 564 0.9576
4167.0000 589 565 0.9593
4174.0000 590 565 0.9576
4175.0000 590 566 0.9593
4178.0000 590 567 0.9610
4181.0000 591 567 0.9594
4186.0000 592 567 0.9578
4190.0000 592 568 0.9595
4192.0000 593 568 0.9578
4201.0000 594 568 0.9562
4202.0000 594 569 0.9579
4205.0000 594 570 0.9596
4208.0000 595 570 0.9580
4215.0000 595 571 0.9597
4216.0000 596 571 0.9581
4221.0000 596 572 0.9597
4223.0000 597 572 0.9581
4228.0000 597 573 0.9598
4229.0000 598 573 0.9582
4229.0000 598 574 0.9599
4234.0000 598 575 0.9615
4235.0000 599 575 0.9599
4241.0000 600 575 0.9583
4243.0000 600 576 0.9600
4247.0000 600 577 0.9617
4248.0000 600 578 0.9633
4248.0000 600 579 0.9650
4250.0000 601 579 0.9634
4253.0000 601 580 0.9651
4253.0000 601 581 0.9667
4254.0000 601 582 0.9684
4255.0000 602 582 0.9668
4264.0000 603 582 0.9652
4265.0000 603 583 0.9668
4272.0000 604 583 0.9652
4274.0000 604 584 0.9669
4277.0000 605 584 0.9653
4282.0000 605 585 0.9669
4283.0000 605 586 0.9686
4286.0000 606 586 0.9670
4287.0000 606 587 0.9686
4291.0000 607 587 0.9671
4296.0000 608 587 0.9655
4302.0000 609 587 0.9639
4305.0000 609 588 0.9655
4309.0000 610 588 0.9639
4315.0000 611 588 0.9624
4317.0000 611 589 0.9640
4320.0000 612 589 0.9624
4329.0000 613 589 0.9608
4334.0000 613 590 0.9625
4335.0000 614 590 0.9609
4342.0000 614 591 0.9625
4343.0000 615 591 0.9610
4348.0000 615 592 0.9626
4351.0000 616 592 0.9610
4356.0000 617 592 0.9595
4357.0000 617 593 0.9611
4361.0000 618 593 0.9595
4365.0000 618 594 0.9612
4368.0000 619 594 0.9596
4371.0000 619 595 0.9612
4374.0000 619 596 0.9628
4375.0000 620 596 0.9613
4381.0000 621 596 0.9597
4382.0000 621 597 0.9614
4383.0000 621 598 0.9630
4385.0000 621 599 0.9646
4386.0000 621 600 0.9662
4390.0000 622 600 0.9646
4391.0000 622 601 0.9662
4394.0000 622 602 0.9678
4396.0000 623 602 0.9663
4399.0000 623 603 0.9679
4403.0000 623 604 0.9695
4404.0000 624 604 0.9679
4407.0000 624 605 0.9696
4412.0000 624 606 0.9712
4413.0000 625 606 0.9696
4414.0000 625 607 0.9712
4421.0000 626 607 0.9696
4424.0000 626 608 0.9712
4425.0000 626 609 0.9728
4426.0000 627 609 0.9713
4430.0000 627 610 0.9729
4431.0000 628 610 0.9713
4433.0000 628 611 0.9729
4437.0000 629 611 0.9714
4446.0000 630 611 0.9698
4452.0000 631 611 0.9683
4452.0000 631 612 0.9699
4458.0000 632 612 0.9684
4460.0000 632 613 0.9699
4465.0000 633 613 0.9684
4466.0000 633 614 0.9700
4471.0000 634 614 0.9685
4476.0000 635 614 0.9669
4482.0000 636 614 0.9654
4487.0000 637 614 0.9639
4487.0000 637 615 0.9655
4492.0000 637 616 0.9670
4494.0000 638 616 0.9655
4494.0000 638 617 0.9671
4503.0000 639 617 0.9656
4509.0000 639 618 0.9671
4511.0000 640 618 0.9656
4516.0000 640 619 0.9672
4517.0000 641 619 0.9657
4518.0000 641 620 0.9672
4519.0000 641 621 0.9688
4522.0000 641 622 0.9704
4525.0000 642 622 0.9688
4530.0000 643 622 0.9673
4536.0000 644 622 0.9658
4545.0000 645 622 0.9643
4553.0000 646 622 0.9628
4558.0000 647 622 0.9614
4562.0000 647 623 0.9629
4567.0000 648 623 0.9614
4574.0000 649 623 0.9599
4574.0000 649 624 0.9615
4582.0000 650 624 0.9600
4588.0000 651 624 0.9585
4594.0000 652 624 0.9571
4594.0000 652 625 0.9586
4599.0000 653 625 0.9571
4607.0000 654 625 0.9557
4610.0000 654 626 0.9572
4612.0000 655 626 0.9557
4619.0000 655 627 0.9573
4621.0000 656 627 0.9558
4623.0000 656 628 0.9573
4627.0000 657 628 0.9559
4628.0000 657 629 0.9574
4634.0000 658 629 0.9559
4642.0000 659 629 0.9545
4651.0000 660 629 0.9530
4657.0000 661 629 0.9516
4663.0000 662 629 0.9502
4668.0000 662 630 0.9517
4669.0000 663 630 0.9502
4669.0000 663 631 0.9517
4678.0000 664 631 0.9503
4682.0000 664 632 0.9518
4684.0000 665 632 0.9504
4686.0000 665 633 0.9519
4687.0000 665 634 0.9534
4690.0000 665 635 0.9549
4691.0000 666 635 0.9535
4697.0000 667 635 0.9520
4706.0000 668 635 0.9506
4708.0000 668 636 0.9521
4710.0000 668 637 0.9536
4711.0000 668 638 0.9551
4712.0000 669 638 0.9537
4720.0000 670 638 0.9522
4727.0000 670 639 0.9537
4728.0000 671 639 0.9523
4728.0000 671 640 0.9538
4737.0000 672 640 0.9524
4739.0000 672 641 0.9539
4742.0000 672 642 0.9554
4744.0000 673 642 0.9539
4752.0000 674 642 0.9525
4757.0000 675 642 0.9511
4762.0000 675 643 0.9526
4763.0000 675 644 0.9541
4763.0000 675 645 0.9556
4764.0000 675 646 0.9570
4766.0000 676 646 0.9556
4767.0000 676 647 0.9571
4769.0000 676 648 0.9586
4770.0000 676 649 0.9601
4772.0000 677 649 0.9586
4781.0000 678 649 0.9572
4786.0000 679 649 0.9558
4792.0000 680 649 0.9544
4794.0000 680 650 0.9559
4796.0000 680 651 0.9574
4797.0000 680 652 0.9588
4799.0000 681 652 0.9574
4804.0000 682 652 0.9560
4809.0000 683 652 0.9546
4815.0000 684 652 0.9532
4822.0000 685 652 0.9518
4831.0000 686 652 0.9504
4839.0000 687 652 0.9491
4845.0000 688 652 0.9477
4854.0000 689 652 0.9463
4862.0000 690 652 0.9449
4864.0000 690 653 0.9464
4867.0000 691 653 0.9450
4867.0000 691 654 0.9465
4868.0000 691 655 0.9479
4869.0000 691 656 0.9493
4870.0000 691 657 0.9508
4874.0000 692 657 0.9494
4878.0000 692 658 0.9509
4881.0000 693 658 0.9495
4884.0000 693 659 0.9509
4890.0000 694 659 0.9496
4890.0000 694 660 0.9510
4896.0000 695 660 0.9496
4901.0000 695 661 0.9511
4902.0000 696 661 0.9497
4908.0000 697 661 0.9484
4912.0000 697 662 0.9498
4917.0000 698 662 0.9484
4923.0000 699 662 0.9471
4927.0000 699 663 0.9485
4928.0000 700 663 0.9471
4930.0000 700 664 0.9486
4930.0000 700 665 0.9500
4931.0000 700 666 0.9514
4932.0000 700 667 0.9529
4937.0000 701 667 0.9515
4939.0000 701 668 0.9529
4945.0000 702 668 0.9516
4947.0000 702 669 0.9530
4950.0000 703 669 0.9516
4951.0000 703 670 0.9531
4952.0000 703 671 0.9545
4954.0000 703 672 0.9559
4955.0000 703 673 0.9573
4959.0000 704 673 0.9560
4961.0000 704 674 0.9574
4964.0000 705 674 0.9560
4970.0000 706 674 0.9547
4975.0000 706 675 0.9561
4978.0000 707 675 0.9547
4981.0000 707 676 0.9562
4983.0000 708 676 0.9548
4986.0000 708 677 0.9562
4988.0000 709 677 0.9549
4989.0000 709 678 0.9563
4997.0000 710 678 0.9549
4999.0000 710 679 0.9563
5004.0000 711 679 0.9550
5009.0000 711 680 0.9564
5013.0000 712 680 0.9551
5019.0000 713 680 0.9537
5028.0000 714 680 0.9524
5028.0000 714 681 0.9538
5029.0000 714 682 0.9552
5029.0000 714 683 0.9566
5036.0000 715 683 0.9552
5044.0000 716 683 0.9539
5047.0000 716 684 0.9553
5053.0000 717 684 0.9540
5055.0000 717 685 0.9554
5058.0000 718 685 0.9540
5058.0000 718 686 0.9554
5062.0000 718 687 0.9568
5067.0000 719 687 0.9555
5069.0000 719 688 0.9569
5070.0000 719 689 0.9583
5073.0000 720 689 0.9569
5075.0000 720 690 0.9583
5081.0000 721 690 0.9570
5086.0000 722 690 0.9557
5087.0000 722 691 0.9571
5091.0000 722 692 0.9584
5093.0000 723 692 0.9571
5094.0000 723 693 0.9585
5099.0000 724 693 0.9572
5102.0000 724 694 0.9586
5108.0000 725 694 0.9572
5108.0000 725 695 0.9586
5109.0000 725 696 0.9600
5110.0000 725 697 0.9614
5111.0000 725 698 0.9628
5113.0000 725 699 0.9641
5116.0000 726 699 0.9628
5124.0000 727 699 0.9615
5124.0000 727 700 0.9629
5124.0000 727 701 0.9642
5133.0000 728 701 0.9629
5134.0000 728 702 0.9643
5142.0000 729 702 0.9630
5144.0000 729 703 0.9643
5146.0000 729 704 0.9657
5147.0000 730 704 0.9644
5155.0000 731 704 0.9631
5161.0000 732 704 0.9617
5166.0000 733 704 0.9604
5175.0000 734 704 0.9591
5176.0000 734 705 0.9605
5177.0000 734 706 0.9619
5180.0000 735 706 0.9605
5186.0000 736 706 0.9592
5195.0000 737 706 0.9579
5198.0000 737 707 0.9593
5202.0000 738 707 0.9580
5204.0000 738 708 0.9593
5205.0000 738 709 0.9607
5209.0000 739 709 0.9594
5211.0000 739 710 0.9608
5218.0000 740 710 0.9595
5224.0000 741 710 0.9582
5225.0000 741 711 0.9595
5226.0000 741 712 0.9609
5228.0000 741 713 0.9622
5232.0000 742 713 0.9609
5239.0000 743 713 0.9596
5244.0000 744 713 0.9583
5250.0000 745 713 0.9570
5256.0000 746 713 0.9558
5260.0000 746 714 0.9571
5261.0000 746 715 0.9584
5264.0000 747 715 0.9572
5270.0000 747 716 0.9585
5271.0000 747 717 0.9598
5273.0000 748 717 0.9586
5277.0000 748 718 0.9599
5278.0000 748 719 0.9612
5279.0000 748 720 0.9626
5282.0000 749 720 0.9613
5288.0000 749 721 0.9626
5290.0000 750 721 0.9613
5298.0000 751 721 0.9601
5305.0000 752 721 0.9588
5312.0000 753 721 0.9575
5315.0000 753 722 0.9588
5316.0000 753 723 0.9602
5320.0000 754 723 0.9589
5324.0000 754 724 0.9602
5325.0000 754 725 0.9615
5328.0000 755 725 0.9603
5328.0000 755 726 0.9616
5335.0000 756 726 0.9603
5335.0000 756 727 0.9616
5339.0000 756 728 0.9630
5340.0000 756 729 0.9643
5340.0000 756 730 0.9656
5344.0000 757 730 0.9643
5352.0000 758 730 0.9631
5359.0000 759 730 0.9618
5366.0000 760 730 0.9605
5370.0000 760 731 0.9618
5372.0000 761 731 0.9606
5373.0000 761 732 0.9619
5379.0000 762 732 0.9606
5379.0000 762 733 0.9619
5384.0000 763 733 0.9607
5389.0000 764 733 0.9594
5395.0000 765 733 0.9582
5402.0000 766 733 0.9569
5411.0000 767 733 0.9557
5417.0000 768 733 0.9544
5421.0000 768 734 0.9557
5423.0000 769 734 0.9545
5429.0000 770 734 0.9532
5429.0000 770 735 0.9545
5430.0000 770 736 0.9558
5432.0000 770 737 0.9571
5438.0000 771 737 0.9559
5444.0000 772 737 0.9547
5445.0000 772 738 0.9560
5452.0000 773 738 0.9547
5457.0000 774 738 0.9535
5461.0000 774 739 0.9548
5466.0000 775 739 0.9535
5469.0000 775 740 0.9548
5470.0000 775 741 0.9561
5472.0000 776 741 0.9549
5480.0000 777 741 0.9537
5489.0000 778 741 0.9524
5497.0000 779 741 0.9512
5501.0000 779 742 0.9525
5504.0000 780 742 0.9513
5507.0000 780 743 0.9526
5510.0000 780 744 0.9538
5511.0000 781 744 0.9526
5511.0000 781 745 0.9539
5512.0000 781 746 0.9552
5513.0000 781 747 0.9565
5518.0000 782 747 0.9552
5518.0000 782 748 0.9565
5523.0000 783 748 0.9553
5526.0000 783 749 0.9566
5530.0000 784 749 0.9554
5535.0000 784 750 0.9566
5537.0000 785 750 0.9554
5539.0000 785 751 0.9567
5540.0000 785 752 0.9580
5546.0000 786 752 0.9567
5555.0000 787 752 0.9555
5559.0000 787 753 0.9568
5564.0000 788 753 0.9556
5573.0000 789 753 0.9544
5580.0000 789 754 0.9556
5581.0000 790 754 0.9544
5582.0000 790 755 0.9557
5582.0000 790 756 0.9570
5583.0000 790 757 0.9582
5590.0000 791 757 0.9570
5592.0000 791 758 0.9583
5595.0000 792 758 0.9571
5603.0000 793 758 0.9559
5610.0000 794 758 0.9547
5610.0000 794 759 0.9559
5618.0000 795 759 0.9547
5624.0000 796 759 0.9535
5625.0000 796 760 0.9548
5633.0000 797 760 0.9536
5638.0000 798 760 0.9524
5646.0000 799 760 0.9512
5651.0000 799 761 0.9524
5653.0000 799 762 0.9537
5654.0000 800 762 0.9525
5663.0000 801 762 0.9513
5663.0000 801 763 0.9526
5668.0000 802 763 0.9514
5677.0000 803 763 0.9502
5678.0000 803 764 0.9514
5680.0000 803 765 0.9527
5685.0000 804 765 0.9515
5694.0000 805 765 0.9503
5700.0000 806 765 0.9491
5706.0000 807 765 0.9480
5712.0000 807 766 0.9492
5715.0000 808 766 0.9480
5716.0000 808 767 0.9493
5720.0000 809 767 0.9481
5720.0000 809 768 0.9493
5728.0000 810 768 0.9481
5735.0000 811 768 0.9470
5735.0000 811 769 0.9482
5739.0000 811 770 0.9494
5740.0000 811 771 0.9507
5741.0000 811 772 0.9519
5742.0000 812 772 0.9507
5742.0000 812 773 0.9520
5748.0000 813 773 0.9508
5752.0000 813 774 0.9520
5754.0000 814 774 0.9509
5758.0000 814 775 0.9521
5759.0000 815 775 0.9509
5766.0000 816 775 0.9498
5769.0000 816 776 0.9510
5772.0000 817 776 0.9498
5778.0000 817 777 0.9510
5778.0000 817 778 0.9523
5780.0000 818 778 0.9511
5784.0000 818 779 0.9523
5787.0000 819 779 0.9512
5789.0000 819 780 0.9524
5792.0000 820 780 0.9512
5795.0000 820 781 0.9524
5799.0000 821 781 0.9513
5799.0000 821 782 0.9525
5808.0000 822 782 0.9513
5809.0000 822 783 0.9526
5811.0000 822 784 0.9538
5814.0000 822 785 0.9550
5816.0000 823 785 0.9538
5818.0000 823 786 0.9550
5819.0000 823 787 0.9563
5825.0000 824 787 0.9551
5833.0000 825 787 0.9539
5833.0000 825 788 0.9552
5839.0000 826 788 0.9540
5842.0000 826 789 0.9552
5844.0000 827 789 0.9541
5849.0000 827 790 0.9553
5851.0000 827 791 0.9565
5852.0000 828 791 0.9553
5853.0000 828 792 0.9565
5854.0000 828 793 0.9577
5855.0000 828 794 0.9589
5856.0000 828 795 0.9601
5860.0000 829 795 0.9590
5861.0000 829 796 0.9602
5867.0000 830 796 0.9590
5870.0000 830 797 0.9602
5876.0000 831 797 0.9591
5882.0000 831 798 0.9603
5884.0000 832 798 0.9591
5889.0000 832 799 0.9603
5889.0000 832 800 0.9615
5890.0000 832 801 0.9627
5892.0000 833 801 0.9616
5901.0000 834 801 0.9604
5903.0000 834 802 0.9616
5905.0000 834 803 0.9628
5908.0000 834 804 0.9640
5910.0000 835 804 0.9629
5915.0000 835 805 0.9641
5919.0000 836 805 0.9629
5924.0000 837 805 0.9618
5932.0000 838 805 0.9606
5935.0000 838 806 0.9618
5939.0000 839 806 0.9607
5940.0000 839 807 0.9619
5946.0000 840 807 0.9607
5951.0000 841 807 0.9596
5952.0000 841 808 0.9608
5954.0000 841 809 0.9620
5956.0000 841 810 0.9631
5959.0000 842 810 0.9620
5966.0000 842 811 0.9632
5968.0000 843 811 0.9620
5969.0000 843 812 0.9632
5974.0000 844 812 0.9621
5982.0000 845 812 0.9609
5982.0000 845 813 0.9621
5986.0000 845 814 0.9633
5989.0000 846 814 0.9622
5990.0000 846 815 0.9634
5993.0000 846 816 0.9645
5995.0000 847 816 0.9634
5998.0000 847 817 0.9646
6000.0000 848 817 0.9634
6002.0000 848 818 0.9646
6003.0000 848 819 0.9658
6006.0000 848 820 0.9670
6008.0000 849 820 0.9658
6009.0000 849 821 0.9670
6012.0000 849 822 0.9682
6015.0000 850 822 0.9671
6019.0000 850 823 0.9682
6023.0000 851 823 0.9671
6030.0000 852 823 0.9660
6033.0000 852 824 0.9671
6035.0000 853 824 0.9660
6041.0000 854 824 0.9649
6042.0000 854 825 0.9660
6046.0000 854 826 0.9672
6047.0000 855 826 0.9661
6054.0000 856 826 0.9650
6056.0000 856 827 0.9661
6057.0000 856 828 0.9673
6061.0000 857 828 0.9662
6061.0000 857 829 0.9673
6068.0000 858 829 0.9662
6072.0000 858 830 0.9674
6077.0000 859 830 0.9662
6077.0000 859 831 0.9674
6079.0000 859 832 0.9686
6081.0000 859 833 0.9697
6085.0000 860 833 0.9686
6090.0000 860 834 0.9698
6094.0000 861 834 0.9686
6095.0000 861 835 0.9698
6099.0000 861 836 0.9710
6100.0000 861 837 0.9721
6100.0000 861 838 0.9733
6103.0000 862 838 0.9722
6103.0000 862 839 0.9733
6108.0000 862 840 0.9745
6110.0000 863 840 0.9733
6116.0000 864 840 0.9722
6116.0000 864 841 0.9734
6117.0000 864 842 0.9745
6120.0000 864 843 0.9757
6123.0000 865 843 0.9746
6126.0000 865 844 0.9757
6128.0000 865 845 0.9769
6129.0000 866 845 0.9758
6131.0000 866 846 0.9769
6135.0000 866 847 0.9781
6136.0000 866 848 0.9792
6136.0000 866 849 0.9804
6137.0000 867 849 0.9792
6137.0000 867 850 0.9804
6138.0000 867 851 0.9815
6140.0000 867 852 0.9827
6141.0000 867 853 0.9839
6146.0000 868 853 0.9827
6155.0000 869 853 0.9816
6161.0000 870 853 0.9805
6164.0000 870 854 0.9816
6169.0000 871 854 0.9805
6175.0000 872 854 0.9794
6183.0000 873 854 0.9782
6188.0000 873 855 0.9794
6190.0000 874 855 0.9783
6195.0000 874 856 0.9794
6199.0000 875 856 0.9783
6205.0000 876 856 0.9772
6211.0000 877 856 0.9761
6214.0000 877 857 0.9772
6216.0000 878 857 0.9761
6221.0000 879 857 0.9750
6225.0000 879 858 0.9761
6226.0000 879 859 0.9772
6228.0000 880 859 0.9761
6231.0000 880 860 0.9773
6232.0000 880 861 0.9784
6233.0000 881 861 0.9773
6236.0000 881 862 0.9784
6242.0000 882 862 0.9773
6251.0000 883 862 0.9762
6257.0000 884 862 0.9751
6262.0000 885 862 0.9740
6269.0000 886 862 0.9729
6276.0000 887 862 0.9718
6284.0000 888 862 0.9707
6285.0000 888 863 0.9718
6289.0000 889 863 0.9708
6289.0000 889 864 0.9719
6293.0000 889 865 0.9730
6295.0000 889 866 0.9741
6297.0000 890 866 0.9730
6306.0000 891 866 0.9719
6307.0000 891 867 0.9731
6314.0000 892 867 0.9720
6323.0000 893 867 0.9709
6328.0000 894 867 0.9698
6334.0000 895 867 0.9687
6336.0000 895 868 0.9698
6337.0000 895 869 0.9709
6340.0000 896 869 0.9699
6342.0000 896 870 0.9710
6349.0000 897 870 0.9699
6355.0000 897 871 0.9710
6358.0000 898 871 0.9699
6363.0000 898 872 0.9710
6366.0000 899 872 0.9700
6372.0000 899 873 0.9711
6373.0000 900 873 0.9700
6378.0000 901 873 0.9689
6378.0000 901 874 0.9700
6386.0000 902 874 0.9690
6395.0000 903 874 0.9679
6400.0000 904 874 0.9668
6405.0000 905 874 0.9657
6409.0000 905 875 0.9669
6411.0000 905 876 0.9680
6411.0000 905 877 0.9691
6412.0000 906 877 0.9680
6416.0000 906 878 0.9691
6418.0000 907 878 0.9680
6420.0000 907 879 0.9691
6425.0000 907 880 0.9702
6426.0000 908 880 0.9692
6431.0000 908 881 0.9703
6433.0000 909 881 0.9692
6434.0000 909 882 0.9703
6440.0000 910 882 0.9692
6444.0000 910 883 0.9703
6445.0000 910 884 0.9714
6448.0000 911 884 0.9704
6448.0000 911 885 0.9715
6456.0000 912 885 0.9704
6461.0000 913 885 0.9693
6467.0000 914 885 0.9683
6467.0000 914 886 0.9694
6468.0000 914 887 0.9705
6476.0000 915 887 0.9694
6483.0000 916 887 0.9683
6488.0000 916 888 0.9694
6489.0000 917 888 0.9684
6493.0000 917 889 0.9695
6498.0000 918 889 0.9684
6506.0000 919 889 0.9674
6511.0000 920 889 0.9663
6517.0000 920 890 0.9674
6520.0000 921 890 0.9663
6526.0000 922 890 0.9653
6528.0000 922 891 0.9664
6533.0000 923 891 0.9653
6536.0000 923 892 0.9664
6536.0000 923 893 0.9675
6537.0000 923 894 0.9686
6538.0000 924 894 0.9675
6541.0000 924 895 0.9686
6544.0000 924 896 0.9697
6545.0000 925 896 0.9686
6546.0000 925 897 0.9697
6551.0000 925 898 0.9708
6554.0000 926 898 0.9698
6561.0000 927 898 0.9687
6561.0000 927 899 0.9698
6567.0000 927 900 0.9709
6569.0000 928 900 0.9698
6573.0000 928 901 0.9709
6574.0000 928 902 0.9720
6575.0000 928 903 0.9731
6577.0000 929 903 0.9720
6577.0000 929 904 0.9731
6578.0000 929 905 0.9742
6583.0000 930 905 0.9731
6588.0000 930 906 0.9742
6590.0000 930 907 0.9753
6591.0000 931 907 0.9742
6600.0000 932 907 0.9732
6601.0000 932 908 0.9742
6605.0000 933 908 0.9732
6613.0000 934 908 0.9722
6615.0000 934 909 0.9732
6621.0000 935 909 0.9722
6626.0000 935 910 0.9733
6627.0000 936 910 0.9722
6632.0000 936 911 0.9733
6633.0000 937 911 0.9723
6638.0000 938 911 0.9712
6643.0000 939 911 0.9702
6647.0000 939 912 0.9712
6648.0000 940 912 0.9702
6648.0000 940 913 0.9713
6648.0000 940 914 0.9723
6657.0000 941 914 0.9713
6659.0000 941 915 0.9724
6662.0000 942 915 0.9713
6669.0000 943 915 0.9703
6676.0000 944 915 0.9693
6681.0000 944 916 0.9703
6685.0000 945 916 0.9693
6688.0000 945 917 0.9704
6692.0000 946 917 0.9693
6694.0000 946 918 0.9704
6699.0000 947 918 0.9694
6706.0000 948 918 0.9684
6711.0000 949 918 0.9673
6716.0000 949 919 0.9684
6717.0000 950 919 0.9674
6722.0000 951 919 0.9664
6730.0000 952 919 0.9653
6731.0000 952 920 0.9664
6735.0000 952 921 0.9674
6739.0000 953 921 0.9664
6740.0000 953 922 0.9675
6745.0000 954 922 0.9665
6746.0000 954 923 0.9675
6753.0000 955 923 0.9665
6753.0000 955 924 0.9675
6762.0000 956 924 0.9665
6763.0000 956 925 0.9676
6764.0000 956 926 0.9686
6771.0000 957 926 0.9676
6777.0000 957 927 0.9687
6780.0000 958 927 0.9676
6786.0000 959 927 0.9666
6790.0000 959 928 0.9677
6795.0000 960 928 0.9667
6796.0000 960 929 0.9677
6798.0000 960 930 0.9688
6804.0000 961 930 0.9677
6806.0000 961 931 0.9688
6809.0000 962 931 0.9678
6812.0000 962 932 0.9688
6815.0000 962 933 0.9699
6816.0000 963 933 0.9688
6816.0000 963 934 0.9699
6817.0000 963 935 0.9709
6823.0000 964 935 0.9699
6825.0000 964 936 0.9710
6826.0000 964 937 0.9720
6827.0000 964 938 0.9730
6830.0000 965 938 0.9720
6838.0000 966 938 0.9710
6840.0000 966 939 0.9720
6841.0000 966 940 0.9731
6844.0000 967 940 0.9721
6845.0000 967 941 0.9731
6850.0000 968 941 0.9721
6858.0000 969 941 0.9711
6863.0000 969 942 0.9721
6864.0000 970 942 0.9711
6871.0000 971 942 0.9701
6873.0000 971 943 0.9712
6878.0000 972 943 0.9702
6878.0000 972 944 0.9712
6882.0000 972 945 0.9722
6883.0000 972 946 0.9733
6885.0000 973 946 0.9723
6890.0000 974 946 0.9713
6893.0000 974 947 0.9723
6894.0000 974 948 0.9733
6896.0000 975 948 0.9723
6896.0000 975 949 0.9733
6901.0000 976 949 0.9723
6909.0000 977 949 0.9713
6918.0000 978 949 0.9703
6921.0000 978 950 0.9714
6922.0000 978 951 0.9724
6927.0000 979 951 0.9714
6934.0000 980 951 0.9704
6937.0000 980 952 0.9714
6941.0000 981 952 0.9704
6947.0000 981 953 0.9715
6947.0000 981 954 0.9725
6948.0000 982 954 0.9715
6951.0000 982 955 0.9725
6957.0000 983 955 0.9715
6964.0000 984 955 0.9705
6966.0000 984 956 0.9715
6972.0000 985 956 0.9706
6976.0000 985 957 0.9716
6977.0000 986 957 0.9706
6978.0000 986 958 0.9716
6982.0000 987 958 0.9706
6988.0000 988 958 0.9696
6996.0000 989 958 0.9687
6998.0000 989 959 0.9697
7000.0000 989 960 0.9707
7001.0000 989 961 0.9717
7004.0000 989 962 0.9727
7005.0000 990 962 0.9717
7007.0000 990 963 0.9727
7008.0000 990 964 0.9737
7011.0000 991 964 0.9728
7020.0000 992 964 0.9718
7027.0000 993 964 0.9708
7030.0000 993 965 0.9718
7034.0000 994 965 0.9708
7034.0000 994 966 0.9718
7037.0000 994 967 0.9728
7042.0000 995 967 0.9719
7043.0000 995 968 0.9729
7048.0000 996 968 0.9719
7052.0000 996 969 0.9729
7053.0000 996 970 0.9739
7054.0000 996 971 0.9749
7054.0000 996 972 0.9759
7055.0000 997 972 0.9749
7062.0000 997 973 0.9759
7064.0000 998 973 0.9749
7064.0000 998 974 0.9760
7071.0000 999 974 0.9750
7075.0000 999 975 0.9760
7076.0000 1000 975 0.9750
7076.0000 1000 976 0.9760
7080.0000 1000 977 0.9770
7082.0000 1001 977 0.9760
7090.0000 1002 977 0.9750
7091.0000 1002 978 0.9760
7096.0000 1002 979 0.9770
7097.0000 1003 979 0.9761
7099.0000 1003 980 0.9771
7102.0000 1004 980 0.9761
7109.0000 1005 980 0.9751
7110.0000 1005 981 0.9761
7113.0000 1005 982 0.9771
7118.0000 1006 982 0.9761
7123.0000 1006 983 0.9771
7124.0000 1007 983 0.9762
7130.0000 1008 983 0.9752
7139.0000 1009 983 0.9742
7139.0000 1009 984 0.9752
7143.0000 1009 985 0.9762
7144.0000 1010 985 0.9752
7153.0000 1011 985 0.9743
7160.0000 1012 985 0.9733
7161.0000 1012 986 0.9743
7167.0000 1013 986 0.9733
7176.0000 1014 986 0.9724
7183.0000 1015 986 0.9714
7189.0000 1016 986 0.9705
7198.0000 1017 986 0.9695
7198.0000 1017 987 0.9705
7198.0000 1017 988 0.9715
7199.0000 1017 989 0.9725
7204.0000 1017 990 0.9735
7205.0000 1018 990 0.9725
7205.0000 1018 991 0.9735
7207.0000 1018 992 0.9745
7210.0000 1018 993 0.9754
7211.0000 1019 993 0.9745
7214.0000 1019 994 0.9755
7217.0000 1020 994 0.9745
7222.0000 1021 994 0.9736
7226.0000 1021 995 0.9745
7229.0000 1022 995 0.9736
7231.0000 1022 996 0.9746
7237.0000 1023 996 0.9736
7239.0000 1023 997 0.9746
7240.0000 1023 998 0.9756
7242.0000 1023 999 0.9765
7244.0000 1024 999 0.9756
7253.0000 1025 999 0.9746
7260.0000 1026 999 0.9737
7261.0000 1026 1000 0.9747
7268.0000 1027 1000 0.9737
7268.0000 1027 1001 0.9747
7272.0000 1027 1002 0.9757
7275.0000 1028 1002 0.9747
7283.0000 1028 1003 0.9757
7284.0000 1029 1003 0.9747
7286.0000 1029 1004 0.9757
7292.0000 1030 1004 0.9748
7297.0000 1031 1004 0.9738
7301.0000 1031 1005 0.9748
7305.0000 1032 1005 0.9738
7311.0000 1033 1005 0.9729
7315.0000 1033 1006 0.9739
7318.0000 1034 1006 0.9729
7320.0000 1034 1007 0.9739
7327.0000 1035 1007 0.9729
7332.0000 1035 1008 0.9739
7334.0000 1036 1008 0.9730
7334.0000 1036 1009 0.9739
7340.0000 1036 1010 0.9749
7341.0000 1037 1010 0.9740
7350.0000 1038 1010 0.9730
7353.0000 1038 1011 0.9740
7356.0000 1038 1012 0.9750
7358.0000 1038 1013 0.9759
7359.0000 1039 1013 0.9750
7365.0000 1040 1013 0.9740
7369.0000 1040 1014 0.9750
7371.0000 1040 1015 0.9760
7373.0000 1041 1015 0.9750
7378.0000 1042 1015 0.9741
7380.0000 1042 1016 0.9750
7383.0000 1043 1016 0.9741
7384.0000 1043 1017 0.9751
7392.0000 1044 1017 0.9741
7397.0000 1045 1017 0.9732
7404.0000 1046 1017 0.9723
7411.0000 1047 1017 0.9713
7418.0000 1048 1017 0.9704
7418.0000 1048 1018 0.9714
7422.0000 1048 1019 0.9723
7424.0000 1049 1019 0.9714
7429.0000 1049 1020 0.9724
7430.0000 1050 1020 0.9714
7436.0000 1051 1020 0.9705
7441.0000 1052 1020 0.9696
7448.0000 1053 1020 0.9687
7451.0000 1053 1021 0.9696
7452.0000 1053 1022 0.9706
7453.0000 1053 1023 0.9715
7457.0000 1054 1023 0.9706
7461.0000 1054 1024 0.9715
7463.0000 1054 1025 0.9725
7465.0000 1055 1025 0.9716
7473.0000 1055 1026 0.9725
7474.0000 1056 1026 0.9716
7476.0000 1056 1027 0.9725
7476.0000 1056 1028 0.9735
7477.0000 1056 1029 0.9744
7482.0000 1057 1029 0.9735
7485.0000 1057 1030 0.9745
7486.0000 1057 1031 0.9754
7487.0000 1058 1031 0.9745
7491.0000 1058 1032 0.9754
7493.0000 1059 1032 0.9745
7502.0000 1060 1032 0.9736
7507.0000 1061 1032 0.9727
7513.0000 1062 1032 0.9718
7514.0000 1062 1033 0.9727
7519.0000 1063 1033 0.9718
7525.0000 1064 1033 0.9709
7525.0000 1064 1034 0.9718
7534.0000 1065 1034 0.9709
7542.0000 1066 1034 0.9700
7550.0000 1067 1034 0.9691
7550.0000 1067 1035 0.9700
7556.0000 1068 1035 0.9691
7562.0000 1069 1035 0.9682
7564.0000 1069 1036 0.9691
7564.0000 1069 1037 0.9701
7569.0000 1069 1038 0.9710
7570.0000 1070 1038 0.9701
7572.0000 1070 1039 0.9710
7574.0000 1070 1040 0.9720
7575.0000 1070 1041 0.9729
7576.0000 1071 1041 0.9720
7585.0000 1072 1041 0.9711
7585.0000 1072 1042 0.9720
7594.0000 1073 1042 0.9711
7600.0000 1073 1043 0.9720
7602.0000 1074 1043 0.9711
7602.0000 1074 1044 0.9721
7609.0000 1075 1044 0.9712
7613.0000 1075 1045 0.9721
7617.0000 1076 1045 0.9712
7620.0000 1076 1046 0.9721
7625.0000 1077 1046 0.9712
7625.0000 1077 1047 0.9721
7630.0000 1078 1047 0.9712
7635.0000 1079 1047 0.9703
7644.0000 1080 1047 0.9694
7648.0000 1080 1048 0.9704
7649.0000 1080 1049 0.9713
7650.0000 1080 1050 0.9722
7652.0000 1081 1050 0.9713
7657.0000 1082 1050 0.9704
7659.0000 1082 1051 0.9713
7661.0000 1082 1052 0.9723
7662.0000 1083 1052 0.9714
7663.0000 1083 1053 0.9723
7666.0000 1083 1054 0.9732
7667.0000 1084 1054 0.9723
7667.0000 1084 1055 0.9732
7672.0000 1085 1055 0.9724
7678.0000 1085 1056 0.9733
7679.0000 1085 1057 0.9742
7680.0000 1086 1057 0.9733
7688.0000 1087 1057 0.9724
7697.0000 1088 1057 0.9715
7705.0000 1088 1058 0.9724
7706.0000 1089 1058 0.9715
7713.0000 1090 1058 0.9706
7720.0000 1090 1059 0.9716
7721.0000 1091 1059 0.9707
7721.0000 1091 1060 0.9716
7729.0000 1092 1060 0.9707
7729.0000 1092 1061 0.9716
7733.0000 1092 1062 0.9725
7736.0000 1092 1063 0.9734
7737.0000 1092 1064 0.9744
7738.0000 1093 1064 0.9735
7743.0000 1094 1064 0.9726
7748.0000 1095 1064 0.9717
7753.0000 1096 1064 0.9708
7757.0000 1096 1065 0.9717
7762.0000 1097 1065 0.9708
7770.0000 1098 1065 0.9699
7776.0000 1099 1065 0.9691
7779.0000 1099 1066 0.9700
7779.0000 1099 1067 0.9709
7784.0000 1099 1068 0.9718
7785.0000 1100 1068 0.9709
7791.0000 1101 1068 0.9700
7796.0000 1102 1068 0.9691
7800.0000 1102 1069 0.9701
7801.0000 1102 1070 0.9710
7804.0000 1103 1070 0.9701
7811.0000 1104 1070 0.9692
7811.0000 1104 1071 0.9701
7818.0000 1104 1072 0.9710
7820.0000 1105 1072 0.9701
7826.0000 1106 1072 0.9693
7832.0000 1107 1072 0.9684
7832.0000 1107 1073 0.9693
7838.0000 1107 1074 0.9702
7839.0000 1108 1074 0.9693
7842.0000 1108 1075 0.9702
7845.0000 1109 1075 0.9693
7850.0000 1109 1076 0.9702
7854.0000 1110 1076 0.9694
7863.0000 1111 1076 0.9685
7864.0000 1111 1077 0.9694
7865.0000 1111 1078 0.9703
7870.0000 1112 1078 0.9694
7870.0000 1112 1079 0.9703
7877.0000 1113 1079 0.9695
7879.0000 1113 1080 0.9704
7884.0000 1114 1080 0.9695
7890.0000 1114 1081 0.9704
7891.0000 1115 1081 0.9695
7891.0000 1115 1082 0.9704
7897.0000 1116 1082 0.9695
7901.0000 1116 1083 0.9704
7902.0000 1117 1083 0.9696
7905.0000 1117 1084 0.9705
7910.0000 1118 1084 0.9696
7911.0000 1118 1085 0.9705
7915.0000 1118 1086 0.9714
7918.0000 1119 1086 0.9705
7922.0000 1119 1087 0.9714
7923.0000 1120 1087 0.9705
7925.0000 1120 1088 0.9714
7928.0000 1121 1088 0.9706
7928.0000 1121 1089 0.9715
7929.0000 1121 1090 0.9723
7930.0000 1121 1091 0.9732
7934.0000 1122 1091 0.9724
7939.0000 1123 1091 0.9715
7944.0000 1124 1091 0.9706
7949.0000 1124 1092 0.9715
7950.0000 1125 1092 0.9707
7958.0000 1126 1092 0.9698
7966.0000 1127 1092 0.9689
7966.0000 1127 1093 0.9698
7973.0000 1128 1093 0.9690
7980.0000 1129 1093 0.9681
7987.0000 1130 1093 0.9673
7991.0000 1130 1094 0.9681
7993.0000 1130 1095 0.9690
7996.0000 1131 1095 0.9682
8005.0000 1132 1095 0.9673
8008.0000 1132 1096 0.9682
8011.0000 1133 1096 0.9673
8018.0000 1134 1096 0.9665
8019.0000 1134 1097 0.9674
8020.0000 1134 1098 0.9683
8021.0000 1134 1099 0.9691
8026.0000 1135 1099 0.9683
8028.0000 1135 1100 0.9692
8029.0000 1135 1101 0.9700
8035.0000 1136 1101 0.9692
8035.0000 1136 1102 0.9701
8036.0000 1136 1103 0.9710
8037.0000 1136 1104 0.9718
8037.0000 1136 1105 0.9727
8040.0000 1137 1105 0.9719
8045.0000 1138 1105 0.9710
8052.0000 1139 1105 0.9701
8053.0000 1139 1106 0.9710
8054.0000 1139 1107 0.9719
8057.0000 1140 1107 0.9711
8063.0000 1141 1107 0.9702
8063.0000 1141 1108 0.9711
8069.0000 1142 1108 0.9702
8074.0000 1143 1108 0.9694
8078.0000 1143 1109 0.9703
8079.0000 1144 1109 0.9694
8079.0000 1144 1110 0.9703
8084.0000 1145 1110 0.9694
8085.0000 1145 1111 0.9703
8087.0000 1145 1112 0.9712
8092.0000 1146 1112 0.9703
8098.0000 1146 1113 0.9712
8101.0000 1147 1113 0.9704
8109.0000 1147 1114 0.9712
8110.0000 1148 1114 0.9704
8117.0000 1149 1114 0.9695
8124.0000 1150 1114 0.9687
8133.0000 1151 1114 0.9679
8134.0000 1151 1115 0.9687
8138.0000 1152 1115 0.9679
8142.0000 1152 1116 0.9688
8144.0000 1153 1116 0.9679
8153.0000 1154 1116 0.9671
8153.0000 1154 1117 0.9679
8154.0000 1154 1118 0.9688
8162.0000 1155 1118 0.9680
8165.0000 1155 1119 0.9688
8167.0000 1155 1120 0.9697
8168.0000 1155 1121 0.9706
8169.0000 1156 1121 0.9697
8172.0000 1156 1122 0.9706
8178.0000 1157 1122 0.9697
8184.0000 1158 1122 0.9689
8186.0000 1158 1123 0.9698
8187.0000 1158 1124 0.9706
8191.0000 1159 1124 0.9698
8191.0000 1159 1125 0.9707
8193.0000 1159 1126 0.9715
8193.0000 1159 1127 0.9724
8199.0000 1160 1127 0.9716
8201.0000 1160 1128 0.9724
8201.0000 1160 1129 0.9733
8204.0000 1161 1129 0.9724
8206.0000 1161 1130 0.9733
8212.0000 1162 1130 0.9725
8218.0000 1163 1130 0.9716
8223.0000 1164 1130 0.9708
8227.0000 1164 1131 0.9716
8231.0000 1165 1131 0.9708
8239.0000 1166 1131 0.9700
8243.0000 1166 1132 0.9708
8245.0000 1166 1133 0.9717
8247.0000 1167 1133 0.9709
8247.0000 1167 1134 0.9717
8253.0000 1167 1135 0.9726
8256.0000 1168 1135 0.9717
8263.0000 1168 1136 0.9726
8264.0000 1169 1136 0.9718
8264.0000 1169 1137 0.9726
8272.0000 1170 1137 0.9718
8276.0000 1170 1138 0.9726
8277.0000 1170 1139 0.9735
8278.0000 1170 1140 0.9744
8279.0000 1171 1140 0.9735
8279.0000 1171 1141 0.9744
8287.0000 1172 1141 0.9735
8288.0000 1172 1142 0.9744
8293.0000 1173 1142 0.9736
8302.0000 1174 1142 0.9727
8308.0000 1175 1142 0.9719
8314.0000 1175 1143 0.9728
8316.0000 1175 1144 0.9736
8317.0000 1176 1144 0.9728
8321.0000 1176 1145 0.9736
8325.0000 1177 1145 0.9728
8325.0000 1177 1146 0.9737
8332.0000 1178 1146 0.9728
8336.0000 1178 1147 0.9737
8340.0000 1179 1147 0.9729
8344.0000 1179 1148 0.9737
8344.0000 1179 1149 0.9746
8345.0000 1180 1149 0.9737
8348.0000 1180 1150 0.9746
8349.0000 1180 1151 0.9754
8350.0000 1180 1152 0.9763
8354.0000 1181 1152 0.9754
8354.0000 1181 1153 0.9763
8356.0000 1181 1154 0.9771
8358.0000 1181 1155 0.9780
8359.0000 1182 1155 0.9772
8365.0000 1182 1156 0.9780
8366.0000 1183 1156 0.9772
8368.0000 1183 1157 0.9780
8369.0000 1183 1158 0.9789
8369.0000 1183 1159 0.9797
8374.0000 1184 1159 0.9789
8379.0000 1184 1160 0.9797
8382.0000 1185 1160 0.9789
8384.0000 1185 1161 0.9797
8385.0000 1185 1162 0.9806
8388.0000 1185 1163 0.9814
8390.0000 1186 1163 0.9806
8397.0000 1187 1163 0.9798
8401.0000 1187 1164 0.9806
8401.0000 1187 1165 0.9815
8403.0000 1188 1165 0.9806
8410.0000 1189 1165 0.9798
8416.0000 1190 1165 0.9790
8421.0000 1191 1165 0.9782
8426.0000 1192 1165 0.9773
8426.0000 1192 1166 0.9782
8433.0000 1192 1167 0.9790
8435.0000 1193 1167 0.9782
8437.0000 1193 1168 0.9790
8440.0000 1193 1169 0.9799
8441.0000 1194 1169 0.9791
8445.0000 1194 1170 0.9799
8447.0000 1195 1170 0.9791
8451.0000 1195 1171 0.9799
8455.0000 1196 1171 0.9791
8464.0000 1197 1171 0.9783
8464.0000 1197 1172 0.9791
8465.0000 1197 1173 0.9799
8472.0000 1198 1173 0.9791
8481.0000 1199 1173 0.9783
8482.0000 1199 1174 0.9791
8485.0000 1199 1175 0.9800
8488.0000 1200 1175 0.9792
8497.0000 1201 1175 0.9784
8506.0000 1202 1175 0.9775
8507.0000 1202 1176 0.9784
8507.0000 1202 1177 0.9792
8511.0000 1203 1177 0.9784
8513.0000 1203 1178 0.9792
8516.0000 1204 1178 0.9784
8518.0000 1204 1179 0.9792
8523.0000 1204 1180 0.9801
8524.0000 1205 1180 0.9793
8525.0000 1205 1181 0.9801
8526.0000 1205 1182 0.9809
8530.0000 1206 1182 0.9801
8535.0000 1207 1182 0.9793
8544.0000 1208 1182 0.9785
8544.0000 1208 1183 0.9793
8549.0000 1209 1183 0.9785
8556.0000 1210 1183 0.9777
8558.0000 1210 1184 0.9785
8560.0000 1210 1185 0.9793
8561.0000 1211 1185 0.9785
8569.0000 1212 1185 0.9777
8578.0000 1213 1185 0.9769
8582.0000 1213 1186 0.9777
8583.0000 1213 1187 0.9786
8585.0000 1214 1187 0.9778
8593.0000 1215 1187 0.9770
8599.0000 1216 1187 0.9762
8608.0000 1217 1187 0.9753
8617.0000 1218 1187 0.9745
8622.0000 1219 1187 0.9737
8631.0000 1220 1187 0.9730
8631.0000 1220 1188 0.9738
8640.0000 1221 1188 0.9730
8644.0000 1221 1189 0.9738
8644.0000 1221 1190 0.9746
8647.0000 1222 1190 0.9738
8654.0000 1223 1190 0.9730
8659.0000 1224 1190 0.9722
8662.0000 1224 1191 0.9730
8663.0000 1224 1192 0.9739
8664.0000 1224 1193 0.9747
8665.0000 1225 1193 0.9739
8665.0000 1225 1194 0.9747
8666.0000 1225 1195 0.9755
8672.0000 1226 1195 0.9747
8679.0000 1227 1195 0.9739
8679.0000 1227 1196 0.9747
8686.0000 1228 1196 0.9739
8686.0000 1228 1197 0.9748
8693.0000 1229 1197 0.9740
8693.0000 1229 1198 0.9748
8699.0000 1229 1199 0.9756
8701.0000 1230 1199 0.9748
8706.0000 1231 1199 0.9740
8709.0000 1231 1200 0.9748
8712.0000 1232 1200 0.9740
8712.0000 1232 1201 0.9748
8717.0000 1232 1202 0.9756
8719.0000 1233 1202 0.9749
8719.0000 1233 1203 0.9757
8719.0000 1233 1204 0.9765
8724.0000 1234 1204 0.9757
8724.0000 1234 1205 0.9765
8727.0000 1234 1206 0.9773
8727.0000 1234 1207 0.9781
8729.0000 1235 1207 0.9773
8732.0000 1235 1208 0.9781
8733.0000 1235 1209 0.9789
8735.0000 1236 1209 0.9782
8736.0000 1236 1210 0.9790
8737.0000 1236 1211 0.9798
8743.0000 1237 1211 0.9790
8743.0000 1237 1212 0.9798
8749.0000 1238 1212 0.9790
8750.0000 1238 1213 0.9798
8753.0000 1238 1214 0.9806
8757.0000 1239 1214 0.9798
8759.0000 1239 1215 0.9806
8763.0000 1240 1215 0.9798
8769.0000 1240 1216 0.9806
8770.0000 1240 1217 0.9815
8772.0000 1241 1217 0.9807
8773.0000 1241 1218 0.9815
8778.0000 1242 1218 0.9807
8782.0000 1242 1219 0.9815
8784.0000 1243 1219 0.9807
8790.0000 1244 1219 0.9799
8798.0000 1245 1219 0.9791
8799.0000 1245 1220 0.9799
8804.0000 1246 1220 0.9791
8812.0000 1247 1220 0.9783
8820.0000 1248 1220 0.9776
8825.0000 1249 1220 0.9768
8826.0000 1249 1221 0.9776
8832.0000 1250 1221 0.9768
8837.0000 1251 1221 0.9760
8844.0000 1251 1222 0.9768
8846.0000 1252 1222 0.9760
8851.0000 1253 1222 0.9753
8851.0000 1253 1223 0.9761
8852.0000 1253 1224 0.9769
8852.0000 1253 1225 0.9777
8853.0000 1253 1226 0.9785
8860.0000 1254 1226 0.9777
8862.0000 1254 1227 0.9785
8863.0000 1254 1228 0.9793
8865.0000 1255 1228 0.9785
8869.0000 1255 1229 0.9793
8870.0000 1256 1229 0.9785
8878.0000 1257 1229 0.9777
8885.0000 1258 1229 0.9769
8892.0000 1259 1229 0.9762
8896.0000 1259 1230 0.9770
8900.0000 1260 1230 0.9762
8901.0000 1260 1231 0.9770
8907.0000 1260 1232 0.9778
8909.0000 1261 1232 0.9770
8910.0000 1261 1233 0.9778
8918.0000 1262 1233 0.9770
8925.0000 1263 1233 0.9762
8928.0000 1263 1234 0.9770
8931.0000 1264 1234 0.9763
8933.0000 1264 1235 0.9771
8939.0000 1265 1235 0.9763
8940.0000 1265 1236 0.9771
8942.0000 1265 1237 0.9779
8944.0000 1266 1237 0.9771
8948.0000 1266 1238 0.9779
8949.0000 1266 1239 0.9787
8953.0000 1267 1239 0.9779
8953.0000 1267 1240 0.9787
8958.0000 1267 1241 0.9795
8959.0000 1268 1241 0.9787
8959.0000 1268 1242 0.9795
8967.0000 1269 1242 0.9787
8975.0000 1270 1242 0.9780
8975.0000 1270 1243 0.9787
8981.0000 1271 1243 0.9780
8990.0000 1272 1243 0.9772
8996.0000 1272 1244 0.9780
8999.0000 1273 1244 0.9772
9000.0000 1273 1245 0.9780
9006.0000 1274 1245 0.9772
9012.0000 1274 1246 0.9780
9015.0000 1275 1246 0.9773
9021.0000 1276 1246 0.9765
9023.0000 1276 1247 0.9773
9025.0000 1276 1248 0.9781
9025.0000 1276 1249 0.9788
9028.0000 1277 1249 0.9781
9036.0000 1278 1249 0.9773
9038.0000 1278 1250 0.9781
9043.0000 1279 1250 0.9773
9047.0000 1279 1251 0.9781
9052.0000 1280 1251 0.9773
9053.0000 1280 1252 0.9781
9060.0000 1281 1252 0.9774
9066.0000 1282 1252 0.9766
9074.0000 1283 1252 0.9758
9077.0000 1283 1253 0.9766
9077.0000 1283 1254 0.9774
9077.0000 1283 1255 0.9782
9081.0000 1284 1255 0.9774
9086.0000 1285 1255 0.9767
9091.0000 1285 1256 0.9774
9092.0000 1285 1257 0.9782
9092.0000 1285 1258 0.9790
9093.0000 1286 1258 0.9782
9093.0000 1286 1259 0.9790
9100.0000 1287 1259 0.9782
9107.0000 1288 1259 0.9775
9108.0000 1288 1260 0.9783
9112.0000 1288 1261 0.9790
9112.0000 1288 1262 0.9798
9113.0000 1288 1263 0.9806
9114.0000 1289 1263 0.9798
9114.0000 1289 1264 0.9806
9117.0000 1289 1265 0.9814
9119.0000 1290 1265 0.9806
9125.0000 1290 1266 0.9814
9127.0000 1291 1266 0.9806
9128.0000 1291 1267 0.9814
9134.0000 1292 1267 0.9807
9140.0000 1293 1267 0.9799
9147.0000 1294 1267 0.9791
9153.0000 1295 1267 0.9784
9158.0000 1296 1267 0.9776
9165.0000 1296 1268 0.9784
9166.0000 1296 1269 0.9792
9167.0000 1297 1269 0.9784
9171.0000 1297 1270 0.9792
9176.0000 1298 1270 0.9784
9176.0000 1298 1271 0.9792
9180.0000 1298 1272 0.9800
9185.0000 1299 1272 0.9792
9186.0000 1299 1273 0.9800
9187.0000 1299 1274 0.9808
9191.0000 1300 1274 0.9800
9200.0000 1301 1274 0.9792
9205.0000 1301 1275 0.9800
9208.0000 1302 1275 0.9793
9209.0000 1302 1276 0.9800
9210.0000 1302 1277 0.9808
9216.0000 1303 1277 0.9800
9218.0000 1303 1278 0.9808
9218.0000 1303 1279 0.9816
9223.0000 1304 1279 0.9808
9223.0000 1304 1280 0.9816
9223.0000 1304 1281 0.9824
9229.0000 1305 1281 0.9816
9238.0000 1306 1281 0.9809
9245.0000 1307 1281 0.9801
9253.0000 1308 1281 0.9794
9260.0000 1309 1281 0.9786
9260.0000 1309 1282 0.9794
9261.0000 1309 1283 0.9801
9267.0000 1309 1284 0.9809
9268.0000 1310 1284 0.9802
9268.0000 1310 1285 0.9809
9275.0000 1311 1285 0.9802
9283.0000 1312 1285 0.9794
9289.0000 1313 1285 0.9787
9295.0000 1314 1285 0.9779
9300.0000 1315 1285 0.9772
9307.0000 1316 1285 0.9764
9307.0000 1316 1286 0.9772
9316.0000 1317 1286 0.9765
9319.0000 1317 1287 0.9772
9320.0000 1317 1288 0.9780
9324.0000 1318 1288 0.9772
9326.0000 1318 1289 0.9780
9329.0000 1318 1290 0.9788
9330.0000 1319 1290 0.9780
9338.0000 1320 1290 0.9773
9346.0000 1320 1291 0.9780
9347.0000 1321 1291 0.9773
9351.0000 1321 1292 0.9780
9354.0000 1321 1293 0.9788
9354.0000 1321 1294 0.9796
9355.0000 1322 1294 0.9788
9362.0000 1323 1294 0.9781
9369.0000 1324 1294 0.9773
9370.0000 1324 1295 0.9781
9374.0000 1324 1296 0.9789
9378.0000 1325 1296 0.9781
9379.0000 1325 1297 0.9789
9383.0000 1325 1298 0.9796
9384.0000 1326 1298 0.9789
9390.0000 1327 1298 0.9781
9395.0000 1327 1299 0.9789
9396.0000 1327 1300 0.9797
9397.0000 1328 1300 0.9789
9404.0000 1328 1301 0.9797
9405.0000 1329 1301 0.9789
9408.0000 1329 1302 0.9797
9412.0000 1330 1302 0.9789
9412.0000 1330 1303 0.9797
9418.0000 1331 1303 0.9790
9422.0000 1331 1304 0.9797
9423.0000 1331 1305 0.9805
9424.0000 1332 1305 0.9797
9429.0000 1332 1306 0.9805
9430.0000 1333 1306 0.9797
9436.0000 1333 1307 0.9805
9436.0000 1333 1308 0.9812
9438.0000 1334 1308 0.9805
9439.0000 1334 1309 0.9813
9443.0000 1335 1309 0.9805
9449.0000 1336 1309 0.9798
9458.0000 1337 1309 0.9791
9459.0000 1337 1310 0.9798
9465.0000 1338 1310 0.9791
9473.0000 1339 1310 0.9783
9478.0000 1340 1310 0.9776
9487.0000 1341 1310 0.9769
9488.0000 1341 1311 0.9776
9489.0000 1341 1312 0.9784
9490.0000 1341 1313 0.9791
9491.0000 1341 1314 0.9799
9493.0000 1342 1314 0.9791
9493.0000 1342 1315 0.9799
9500.0000 1342 1316 0.9806
9502.0000 1343 1316 0.9799
9507.0000 1344 1316 0.9792
9509.0000 1344 1317 0.9799
9513.0000 1344 1318 0.9807
9514.0000 1345 1318 0.9799
9515.0000 1345 1319 0.9807
9517.0000 1345 1320 0.9814
9519.0000 1346 1320 0.9807
9528.0000 1347 1320 0.9800
9533.0000 1347 1321 0.9807
9534.0000 1348 1321 0.9800
9536.0000 1348 1322 0.9807
9539.0000 1349 1322 0.9800
9545.0000 1349 1323 0.9807
9547.0000 1350 1323 0.9800
9550.0000 1350 1324 0.9807
9551.0000 1350 1325 0.9815
9554.0000 1351 1325 0.9808
9563.0000 1352 1325 0.9800
9572.0000 1353 1325 0.9793
9577.0000 1354 1325 0.9786
9577.0000 1354 1326 0.9793
9585.0000 1355 1326 0.9786
9593.0000 1356 1326 0.9779
9600.0000 1356 1327 0.9786
9602.0000 1357 1327 0.9779
9602.0000 1357 1328 0.9786
9603.0000 1357 1329 0.9794
9607.0000 1358 1329 0.9786
9607.0000 1358 1330 0.9794
9609.0000 1358 1331 0.9801
9610.0000 1358 1332 0.9809
9612.0000 1358 1333 0.9816
9616.0000 1359 1333 0.9809
9625.0000 1360 1333 0.9801
9632.0000 1361 1333 0.9794
9641.0000 1362 1333 0.9787
9648.0000 1363 1333 0.9780
9657.0000 1364 1333 0.9773
9660.0000 1364 1334 0.9780
9660.0000 1364 1335 0.9787
9661.0000 1364 1336 0.9795
9666.0000 1365 1336 0.9788
9671.0000 1366 1336 0.9780
9671.0000 1366 1337 0.9788
9674.0000 1366 1338 0.9795
9677.0000 1367 1338 0.9788
9686.0000 1368 1338 0.9781
9687.0000 1368 1339 0.9788
9694.0000 1369 1339 0.9781
9696.0000 1369 1340 0.9788
9701.0000 1369 1341 0.9795
9702.0000 1370 1341 0.9788
9708.0000 1370 1342 0.9796
9709.0000 1371 1342 0.9788
9717.0000 1372 1342 0.9781
9719.0000 1372 1343 0.9789
9726.0000 1373 1343 0.9782
9732.0000 1374 1343 0.9774
9733.0000 1374 1344 0.9782
9740.0000 1375 1344 0.9775
9749.0000 1376 1344 0.9767
9756.0000 1377 1344 0.9760
9762.0000 1378 1344 0.9753
9768.0000 1379 1344 0.9746
9775.0000 1380 1344 0.9739
9781.0000 1381 1344 0.9732
9787.0000 1382 1344 0.9725
9789.0000 1382 1345 0.9732
9796.0000 1383 1345 0.9725
9804.0000 1384 1345 0.9718
9806.0000 1384 1346 0.9725
9812.0000 1385 1346 0.9718
9815.0000 1385 1347 0.9726
9821.0000 1386 1347 0.9719
9821.0000 1386 1348 0.9726
9827.0000 1386 1349 0.9733
9829.0000 1386 1350 0.9740
9830.0000 1387 1350 0.9733
9831.0000 1387 1351 0.9740
9833.0000 1387 1352 0.9748
9838.0000 1388 1352 0.9741
9842.0000 1388 1353 0.9748
9843.0000 1389 1353 0.9741
9845.0000 1389 1354 0.9748
9846.0000 1389 1355 0.9755
9849.0000 1390 1355 0.9748
9852.0000 1390 1356 0.9755
9854.0000 1390 1357 0.9763
9857.0000 1391 1357 0.9756
9864.0000 1392 1357 0.9749
9866.0000 1392 1358 0.9756
9867.0000 1392 1359 0.9763
9871.0000 1393 1359 0.9756
9877.0000 1394 1359 0.9749
9882.0000 1395 1359 0.9742
9890.0000 1396 1359 0.9735
9890.0000 1396 1360 0.9742
9891.0000 1396 1361 0.9749
9892.0000 1396 1362 0.9756
9893.0000 1396 1363 0.9764
9897.0000 1396 1364 0.9771
9898.0000 1396 1365 0.9778
9899.0000 1397 1365 0.9771
9904.0000 1397 1366 0.9778
9908.0000 1398 1366 0.9771
9911.0000 1398 1367 0.9778
9912.0000 1398 1368 0.9785
9913.0000 1399 1368 0.9778
9913.0000 1399 1369 0.9786
9921.0000 1400 1369 0.9779
9928.0000 1401 1369 0.9772
9935.0000 1402 1369 0.9765
9935.0000 1402 1370 0.9772
9936.0000 1402 1371 0.9779
9942.0000 1403 1371 0.9772
9948.0000 1403 1372 0.9779
9949.0000 1404 1372 0.9772
9951.0000 1404 1373 0.9779
9957.0000 1405 1373 0.9772
9957.0000 1405 1374 0.9779
9962.0000 1405 1375 0.9786
9963.0000 1405 1376 0.9794
9964.0000 1406 1376 0.9787
9970.0000 1407 1376 0.9780
9978.0000 1408 1376 0.9773
9984.0000 1409 1376 0.9766
9985.0000 1409 1377 0.9773
9986.0000 1409 1378 0.9780
9991.0000 1410 1378 0.9773
9997.0000 1410 1379 0.9780
9998.0000 1411 1379 0.9773
9998.0000 1411 1380 0.9780
9999.0000 1411 1381 0.9787
