# Scenario da2_epidemic2
# distance at msg send, delivery time, hop count, MSG_ID
43.5523 2.0000 1 M12
101.7647 113.0000 3 M6
230.8805 16.0000 1 M22
1.9657 2.0000 1 M26
101.4562 24.0000 6 M25
211.3722 19.0000 8 M31
350.0777 57.0000 2 M28
282.8726 39.0000 4 M35
274.1445 180.0000 2 M15
369.3343 164.0000 2 M20
186.2468 211.0000 4 M16
140.0809 268.0000 3 M13
272.7154 355.0000 6 M3
171.6993 103.0000 2 M43
493.7789 414.0000 3 M1
66.7195 11.0000 2 M60
281.4473 26.0000 2 M62
70.0031 17.0000 2 M65
316.0716 381.0000 1 M17
293.7744 237.0000 3 M40
299.8346 335.0000 2 M27
249.3785 357.0000 4 M24
150.6845 116.0000 3 M59
214.0168 341.0000 4 M33
29.8161 10.0000 1 M80
216.6734 470.0000 6 M19
53.4334 28.0000 2 M82
394.5811 327.0000 3 M41
280.7793 100.0000 3 M79
385.0708 630.0000 12 M5
127.6976 572.0000 2 M14
474.7254 347.0000 2 M47
512.2855 154.0000 4 M77
376.7660 296.0000 3 M57
330.5456 575.0000 2 M18
395.8026 558.0000 2 M21
776.0012 505.0000 5 M30
510.3749 217.0000 3 M70
373.8700 653.0000 8 M8
561.6234 225.0000 3 M69
438.4279 647.0000 5 M9
117.3508 54.0000 4 M92
350.0309 255.0000 4 M66
216.8735 459.0000 3 M37
356.9096 199.0000 5 M74
555.9671 410.0000 6 M44
149.0709 96.0000 5 M88
261.4848 135.0000 5 M84
112.3025 84.0000 7 M91
194.9640 380.0000 2 M53
572.9417 419.0000 6 M49
351.0246 634.0000 3 M23
284.9636 499.0000 4 M42
209.7115 409.0000 5 M56
342.9391 321.0000 3 M71
594.4050 751.0000 6 M10
166.0134 216.0000 2 M86
215.6022 461.0000 4 M54
193.9447 100.0000 2 M105
397.3981 799.0000 2 M7
311.3657 518.0000 5 M51
198.8988 160.0000 2 M103
352.4277 194.0000 2 M98
180.3140 873.0000 4 M4
104.2110 55.0000 1 M122
246.9571 181.0000 1 M108
72.3044 313.0000 3 M90
273.0906 48.0000 1 M129
168.1586 288.0000 3 M94
129.7199 180.0000 1 M111
311.9276 276.0000 3 M99
320.0449 158.0000 2 M121
206.9917 534.0000 5 M68
255.5067 51.0000 1 M137
394.6089 711.0000 6 M45
140.9055 705.0000 2 M48
199.6743 436.0000 2 M85
416.4302 369.0000 4 M95
458.5401 324.0000 3 M104
754.5075 647.0000 5 M61
261.8291 556.0000 1 M76
396.9540 771.0000 9 M46
48.7124 30.0000 2 M154
628.8108 665.0000 7 M64
99.5089 26.0000 1 M155
332.4136 360.0000 5 M107
327.4486 678.0000 5 M67
275.0950 646.0000 3 M73
28.6580 185.0000 1 M140
39.7313 2.0000 1 M167
417.8256 513.0000 1 M93
321.8478 414.0000 3 M109
222.0418 214.0000 3 M141
232.7752 662.0000 5 M81
576.8309 873.0000 7 M52
170.2097 274.0000 3 M138
214.8935 399.0000 2 M120
246.5276 152.0000 2 M158
178.6095 458.0000 2 M114
69.7966 719.0000 2 M78
55.1960 4.0000 1 M181
371.7244 326.0000 1 M135
246.9467 31.0000 1 M180
200.5747 64.0000 2 M176
195.2689 549.0000 3 M106
461.9632 1290.0000 3 M2
575.2835 789.0000 11 M75
92.2838 249.0000 2 M152
360.2795 448.0000 4 M125
307.7532 767.0000 7 M83
316.0090 148.0000 1 M173
136.7353 64.0000 2 M186
98.9767 153.0000 2 M175
231.2829 1067.0000 7 M50
257.0202 1357.0000 3 M11
179.6725 10.0000 1 M205
196.0625 155.0000 1 M187
596.4131 1189.0000 9 M39
9.5979 24.0000 1 M206
203.3015 1093.0000 11 M55
112.6866 120.0000 2 M195
235.0056 102.0000 1 M199
126.5953 250.0000 1 M178
485.4688 599.0000 3 M128
171.6533 759.0000 9 M112
126.6407 47.0000 1 M217
475.1114 674.0000 8 M130
325.8655 210.0000 1 M198
209.9788 31.0000 3 M223
151.4537 57.0000 1 M221
170.7809 445.0000 3 M168
826.6780 749.0000 6 M126
422.9027 914.0000 11 M102
312.0307 51.0000 1 M227
79.1977 305.0000 2 M194
137.6972 292.0000 2 M196
179.3543 533.0000 3 M164
241.5481 243.0000 2 M207
60.4977 168.0000 3 M224
258.2918 268.0000 3 M213
458.3702 850.0000 8 M132
3.9244 460.0000 4 M197
35.9934 224.0000 3 M229
295.8361 214.0000 1 M235
237.7552 443.0000 3 M204
144.5178 113.0000 2 M250
181.0672 410.0000 3 M210
87.7969 21.0000 1 M264
321.4900 420.0000 2 M211
316.4389 579.0000 1 M193
361.5241 363.0000 2 M225
129.6593 406.0000 2 M219
395.5088 89.0000 1 M267
637.0811 1812.0000 8 M29
164.7091 102.0000 1 M271
331.9889 1087.0000 7 M133
331.8331 322.0000 1 M246
223.8528 217.0000 3 M260
92.7174 131.0000 2 M272
2.1561 153.0000 1 M270
190.3352 108.0000 2 M280
37.8651 3.0000 1 M297
473.1839 713.0000 3 M200
525.0232 1215.0000 6 M127
135.8306 151.0000 2 M278
348.0030 798.0000 3 M189
151.7384 259.0000 2 M263
104.1354 69.0000 1 M291
169.5282 74.0000 1 M293
20.2086 2.0000 1 M304
82.7264 410.0000 2 M252
27.4184 67.0000 1 M299
86.3479 104.0000 1 M295
422.8052 376.0000 2 M258
128.7948 243.0000 1 M279
187.2402 14.0000 1 M315
299.1517 576.0000 4 M238
424.6174 540.0000 3 M247
100.7318 102.0000 1 M309
326.2359 1886.0000 5 M63
509.9637 1523.0000 10 M115
369.7131 600.0000 3 M249
298.2924 1079.0000 5 M183
349.9655 1561.0000 8 M113
234.8494 585.0000 5 M253
85.5728 1655.0000 11 M101
192.0962 876.0000 4 M215
257.8995 760.0000 2 M233
123.9494 234.0000 1 M307
389.2364 591.0000 3 M259
181.6574 51.0000 1 M336
24.7596 2.0000 1 M343
12.2093 242.0000 3 M310
150.6350 1100.0000 6 M191
483.6969 540.0000 6 M268
243.3031 40.0000 1 M341
172.8893 418.0000 2 M288
106.3251 87.0000 2 M339
101.5886 158.0000 2 M329
167.8294 518.0000 2 M285
161.8460 765.0000 3 M251
154.1504 916.0000 3 M234
256.7623 647.0000 4 M276
142.4611 142.0000 2 M351
262.3844 519.0000 2 M300
26.8722 2.0000 1 M378
528.2434 93.0000 1 M367
121.9408 404.0000 2 M326
230.7751 1113.0000 5 M230
162.7357 555.0000 3 M316
359.1592 528.0000 6 M323
292.4572 937.0000 4 M266
108.9845 327.0000 2 M356
20.1107 2.0000 1 M405
347.6454 183.0000 1 M380
134.8751 395.0000 1 M355
193.1722 1896.0000 6 M147
336.5710 165.0000 1 M392
121.9373 765.0000 4 M306
382.4605 1395.0000 8 M218
500.3945 2006.0000 12 M136
339.7756 135.0000 2 M403
465.8508 201.0000 1 M395
80.5918 191.0000 2 M398
437.7446 1402.0000 7 M228
48.6902 3.0000 1 M427
318.1451 1115.0000 8 M269
264.0557 432.0000 4 M369
203.4206 769.0000 4 M322
553.7387 354.0000 1 M384
102.5351 114.0000 1 M419
185.7187 203.0000 1 M407
198.3956 433.0000 2 M376
635.8351 2674.0000 11 M58
114.2506 36.0000 2 M432
207.1597 721.0000 5 M335
257.1871 283.0000 1 M400
299.0605 1174.0000 8 M277
52.9224 24.0000 1 M451
176.7583 62.0000 1 M450
491.9995 2611.0000 12 M89
266.4541 247.0000 2 M428
255.6132 2076.0000 10 M170
105.4446 22.0000 1 M460
240.0692 1234.0000 6 M290
141.4904 226.0000 2 M434
78.2525 42.0000 1 M464
115.8488 294.0000 1 M430
320.4844 564.0000 2 M393
261.8083 303.0000 1 M435
148.4740 96.0000 2 M466
330.9389 1591.0000 3 M257
142.0945 248.0000 3 M448
341.7213 307.0000 2 M445
288.2194 529.0000 3 M417
482.0649 280.0000 2 M455
553.4427 2249.0000 14 M182
28.4476 2.0000 1 M502
192.9305 77.0000 1 M499
288.0639 1013.0000 5 M374
34.9556 3.0000 1 M519
424.4744 2670.0000 13 M146
310.3083 229.0000 2 M493
81.4215 20.0000 1 M526
75.3204 412.0000 1 M469
176.5429 125.0000 1 M511
436.2520 619.0000 2 M443
269.5995 17.0000 1 M528
296.0809 151.0000 1 M509
233.1418 170.0000 2 M508
277.5857 515.0000 1 M461
216.8303 1616.0000 7 M308
186.7383 328.0000 1 M494
510.6208 1013.0000 4 M399
268.7096 2058.0000 14 M255
307.5729 290.0000 3 M505
464.1420 2864.0000 13 M143
130.3681 837.0000 3 M429
43.0941 17.0000 1 M548
127.6615 473.0000 3 M483
509.8821 2977.0000 15 M134
138.3943 111.0000 1 M540
224.9970 178.0000 1 M536
136.9701 974.0000 1 M425
5.6812 21.0000 1 M560
160.1644 260.0000 1 M527
224.0792 103.0000 1 M551
108.5725 311.0000 2 M523
362.2156 678.0000 2 M470
233.4059 86.0000 2 M556
223.4248 441.0000 3 M515
127.3940 129.0000 1 M563
144.0465 72.0000 1 M572
221.5580 921.0000 3 M457
7.5619 116.0000 1 M574
203.7565 1695.0000 12 M350
108.3427 141.0000 1 M571
377.4905 257.0000 4 M554
303.1556 563.0000 2 M514
339.7604 1935.0000 7 M324
57.2635 102.0000 1 M583
95.4708 12.0000 1 M598
214.2054 1343.0000 7 M414
127.6685 463.0000 4 M539
331.3325 1694.0000 10 M375
200.4004 24.0000 1 M611
188.8497 100.0000 1 M603
179.1166 617.0000 3 M532
124.4279 925.0000 3 M488
30.3846 2.0000 1 M622
245.0394 1175.0000 6 M456
178.2499 168.0000 2 M599
506.8388 4149.0000 18 M38
199.8174 1048.0000 7 M477
388.2383 197.0000 1 M597
6.1709 172.0000 2 M601
18.5036 45.0000 2 M621
40.9595 17.0000 2 M625
151.8540 130.0000 2 M609
121.6400 1044.0000 7 M479
138.9845 63.0000 1 M620
319.6686 1822.0000 10 M379
242.6711 263.0000 2 M600
11.1552 88.0000 1 M630
171.0963 83.0000 1 M634
280.9715 118.0000 1 M629
142.3534 509.0000 3 M573
66.8819 82.0000 1 M640
164.9284 168.0000 1 M632
83.9309 1756.0000 7 M409
349.5078 586.0000 4 M575
246.4352 516.0000 2 M585
379.7517 2574.0000 11 M296
381.2956 589.0000 4 M577
323.0596 1147.0000 5 M501
77.2652 63.0000 1 M656
211.0267 848.0000 3 M543
105.3065 124.0000 2 M648
211.6445 208.0000 2 M639
108.9530 49.0000 2 M662
223.7257 853.0000 4 M547
8.6381 267.0000 3 M637
284.4460 284.0000 1 M635
228.4574 469.0000 2 M607
91.2010 488.0000 3 M605
29.0714 196.0000 3 M657
177.1662 882.0000 4 M558
95.5487 181.0000 1 M665
406.8058 132.0000 1 M672
49.0654 477.0000 3 M623
52.5961 25.0000 1 M690
373.8695 1797.0000 9 M439
253.0574 2582.0000 12 M331
236.6880 780.0000 3 M590
215.9490 210.0000 2 M675
494.3300 3230.0000 11 M254
40.4185 2.0000 1 M714
346.1935 252.0000 3 M680
212.0133 1197.0000 4 M545
209.8232 103.0000 2 M703
164.4362 2926.0000 11 M301
202.0739 359.0000 5 M667
160.7807 990.0000 4 M576
306.1743 2368.0000 11 M382
283.1780 617.0000 3 M636
335.1917 2732.0000 13 M340
180.1846 1011.0000 8 M587
288.8440 139.0000 2 M717
407.4654 203.0000 2 M711
398.4243 26.0000 1 M736
223.2442 976.0000 5 M602
122.8880 334.0000 2 M697
254.1855 3706.0000 21 M220
264.2730 202.0000 1 M721
79.7117 1855.0000 6 M485
537.7502 652.0000 4 M659
90.6403 190.0000 1 M726
339.8710 2253.0000 7 M436
152.4520 113.0000 1 M744
54.5000 275.0000 3 M722
205.0832 364.0000 1 M712
206.5472 242.0000 3 M730
135.8786 800.0000 3 M652
165.6196 261.0000 1 M731
245.3368 2844.0000 15 M371
279.9711 4503.0000 17 M149
29.3985 17.0000 1 M790
232.7678 196.0000 1 M770
131.3319 868.0000 3 M676
238.3605 63.0000 2 M789
79.4480 59.0000 1 M792
36.1542 305.0000 2 M761
292.9252 1727.0000 8 M565
3.6589 674.0000 5 M723
226.6238 889.0000 4 M698
69.0628 369.0000 2 M774
574.7751 1553.0000 7 M608
41.7037 2.0000 1 M828
29.0441 2.0000 1 M829
334.5133 970.0000 4 M704
127.1329 442.0000 3 M778
152.1243 301.0000 4 M798
224.0176 308.0000 2 M799
31.0668 3.0000 1 M841
105.1386 80.0000 1 M833
166.5754 673.0000 5 M755
130.9901 44.0000 1 M842
268.9529 4343.0000 18 M236
201.5455 1666.0000 10 M615
70.1085 607.0000 2 M769
493.5193 2016.0000 8 M569
54.0962 100.0000 1 M844
533.3691 838.0000 5 M746
333.9770 845.0000 4 M745
7.9632 24.0000 1 M859
233.9439 71.0000 1 M860
188.2289 129.0000 2 M855
113.8629 163.0000 2 M851
98.3050 527.0000 3 M804
264.0737 599.0000 1 M795
358.8857 447.0000 2 M817
119.1203 61.0000 2 M872
118.3425 145.0000 2 M862
387.9797 1355.0000 6 M695
246.4233 2347.0000 12 M555
183.4754 486.0000 3 M825
153.6730 43.0000 1 M887
175.8662 186.0000 1 M868
181.1457 146.0000 1 M877
465.6859 626.0000 3 M811
500.4689 2422.0000 11 M561
312.8075 667.0000 3 M809
140.2481 281.0000 1 M863
112.7733 175.0000 3 M880
283.0421 401.0000 3 M849
201.3590 184.0000 1 M881
203.9641 89.0000 1 M900
3.1735 3.0000 1 M914
119.5773 11.0000 1 M916
125.3226 984.0000 4 M784
121.8231 231.0000 1 M888
282.6242 291.0000 2 M884
194.9051 199.0000 2 M904
139.8694 304.0000 2 M890
48.7302 72.0000 1 M923
89.2730 60.0000 2 M925
15.5997 3.0000 1 M934
134.7100 45.0000 1 M930
517.7362 5646.0000 22 M142
380.1801 1133.0000 7 M783
380.9012 950.0000 8 M816
251.0718 351.0000 3 M899
267.2773 269.0000 2 M913
103.6671 331.0000 1 M905
349.1592 267.0000 1 M915
140.6159 115.0000 1 M939
279.4433 485.0000 3 M889
267.4947 114.0000 1 M942
106.6587 683.0000 1 M861
249.9508 270.0000 1 M920
48.2170 30.0000 1 M956
423.7903 4791.0000 23 M284
492.2876 349.0000 1 M911
351.9907 633.0000 5 M871
271.0839 864.0000 4 M852
536.2398 2329.0000 8 M649
77.1801 174.0000 2 M952
64.0791 790.0000 2 M864
109.0271 551.0000 3 M901
190.1179 137.0000 1 M960
356.3418 1682.0000 8 M748
243.2125 111.0000 1 M979
487.3387 4832.0000 20 M314
180.1815 42.0000 1 M992
217.2299 192.0000 1 M971
159.7456 343.0000 4 M953
118.7549 89.0000 1 M993
117.9992 258.0000 2 M969
103.9429 26.0000 1 M1005
213.2350 235.0000 3 M976
86.4774 132.0000 1 M990
293.6470 1533.0000 11 M794
514.4262 336.0000 2 M964
74.8856 969.0000 4 M874
58.1760 34.0000 1 M1009
244.8332 155.0000 2 M994
192.5715 1691.0000 5 M781
143.5024 810.0000 5 M903
396.0934 826.0000 4 M909
163.6875 645.0000 3 M935
374.9915 236.0000 1 M997
18.7320 61.0000 1 M1027
263.0647 143.0000 1 M1016
136.2429 504.0000 1 M968
124.9025 540.0000 1 M963
53.2167 18.0000 1 M1038
18.2290 5.0000 1 M1040
230.3629 1323.0000 4 M857
353.7639 2329.0000 12 M724
174.8419 1306.0000 8 M866
192.7922 38.0000 1 M1048
485.5205 85.0000 1 M1043
78.5082 335.0000 4 M1010
184.6226 127.0000 1 M1039
743.5056 7271.0000 35 M32
478.9294 543.0000 3 M982
65.3454 225.0000 1 M1030
17.1601 3.0000 1 M1068
320.6247 1519.0000 6 M856
173.5490 745.0000 3 M965
119.8778 329.0000 2 M1026
148.8558 20.0000 1 M1073
67.6626 159.0000 2 M1056
499.7788 804.0000 3 M966
645.8679 3665.0000 15 M567
185.2101 147.0000 1 M1064
222.2136 140.0000 1 M1072
52.0330 312.0000 1 M1050
404.0951 680.0000 6 M1000
103.3643 25.0000 1 M1093
169.5232 612.0000 3 M1011
361.5007 2288.0000 8 M779
49.0966 12.0000 2 M1099
110.9418 374.0000 2 M1052
108.8758 267.0000 1 M1067
396.8492 2478.0000 15 M767
223.9778 1508.0000 5 M902
441.2919 949.0000 4 M987
93.5614 469.0000 1 M1058
54.7377 71.0000 1 M1116
167.7048 856.0000 5 M1006
334.6429 1476.0000 8 M918
442.1385 2645.0000 15 M756
492.9171 2081.0000 10 M834
292.1586 581.0000 1 M1049
438.1356 56.0000 2 M1129
623.9674 476.0000 3 M1069
153.0122 297.0000 3 M1096
386.8774 603.0000 4 M1055
136.4384 430.0000 3 M1083
163.8541 440.0000 4 M1081
191.5544 472.0000 3 M1078
402.4867 450.0000 2 M1084
158.4286 156.0000 1 M1133
226.5602 1564.0000 5 M933
105.3005 169.0000 2 M1135
251.2608 184.0000 1 M1134
142.6087 176.0000 2 M1137
141.8094 798.0000 7 M1051
155.0260 141.0000 1 M1152
250.2727 1062.0000 6 M1022
260.8076 489.0000 3 M1106
60.5617 140.0000 1 M1157
449.5011 237.0000 2 M1145
309.0886 278.0000 1 M1142
244.5544 1052.0000 7 M1031
63.5453 16.0000 1 M1180
100.5800 409.0000 2 M1130
266.8603 159.0000 1 M1166
333.7326 34.0000 1 M1184
213.0601 489.0000 5 M1120
260.4371 3542.0000 13 M692
103.2871 413.0000 1 M1132
167.0146 248.0000 2 M1161
444.5012 1076.0000 2 M1042
188.9813 102.0000 1 M1181
222.3993 1871.0000 7 M931
229.3186 847.0000 3 M1076
43.1057 3.0000 1 M1197
28.9775 3.0000 1 M1202
81.4547 101.0000 1 M1189
102.6519 239.0000 1 M1173
284.1574 1021.0000 5 M1063
178.2299 821.0000 4 M1097
254.6932 804.0000 4 M1108
634.7681 628.0000 4 M1136
360.0304 324.0000 2 M1185
172.9952 87.0000 2 M1219
29.3921 288.0000 3 M1193
241.9790 315.0000 3 M1191
513.1653 481.0000 2 M1169
64.0133 433.0000 1 M1179
252.7496 1151.0000 6 M1077
170.0481 83.0000 1 M1229
164.7136 59.0000 1 M1233
81.3183 40.0000 1 M1237
252.7336 936.0000 4 M1110
586.9291 853.0000 6 M1128
356.9312 1517.0000 8 M1034
129.0769 522.0000 2 M1177
143.8676 567.0000 1 M1175
397.2958 1567.0000 9 M1033
201.0882 115.0000 1 M1249
297.2243 314.0000 2 M1220
168.2886 247.0000 1 M1232
136.9176 383.0000 1 M1213
424.3214 1029.0000 7 M1122
591.1547 5250.0000 26 M530
113.6550 169.0000 1 M1248
354.2681 1071.0000 9 M1119
132.4323 636.0000 3 M1182
197.7591 332.0000 3 M1225
63.0553 361.0000 3 M1221
92.3300 199.0000 1 M1246
340.5520 3634.0000 17 M762
33.3925 26.0000 1 M1280
315.8846 257.0000 2 M1250
314.6610 167.0000 2 M1263
169.8427 58.0000 2 M1279
417.4820 256.0000 3 M1258
82.3979 924.0000 7 M1165
93.4614 27.0000 1 M1295
176.5346 403.0000 3 M1244
510.8375 5886.0000 21 M476
165.0465 101.0000 1 M1297
534.0482 2352.0000 6 M978
158.9043 218.0000 1 M1281
463.3903 727.0000 3 M1214
179.0882 174.0000 1 M1293
106.4747 1176.0000 4 M1154
275.1072 434.0000 3 M1262
86.2206 242.0000 2 M1289
267.2076 1006.0000 3 M1183
193.7037 1244.0000 4 M1151
462.6623 116.0000 1 M1313
175.8495 1592.0000 5 M1105
388.2179 2021.0000 9 M1044
69.8577 100.0000 1 M1321
121.7763 69.0000 1 M1329
203.8212 374.0000 3 M1290
98.9333 436.0000 1 M1283
198.2347 638.0000 3 M1259
264.8235 100.0000 2 M1339
142.7600 182.0000 3 M1328
471.1122 1623.0000 9 M1126
206.8777 1066.0000 5 M1204
199.0739 610.0000 4 M1273
159.9772 551.0000 2 M1286
218.1569 314.0000 3 M1324
114.1756 145.0000 1 M1351
202.3513 215.0000 1 M1343
197.9248 363.0000 2 M1326
210.6565 893.0000 3 M1254
343.8930 135.0000 1 M1362
361.0520 27.0000 1 M1379
263.5589 2125.0000 8 M1085
207.8989 547.0000 2 M1316
76.2285 60.0000 1 M1388
507.5078 355.0000 2 M1350
89.6323 709.0000 4 M1301
212.6973 296.0000 2 M1359
110.7880 152.0000 2 M1384
480.3199 173.0000 1 M1385
580.0815 966.0000 5 M1276
315.0746 3125.0000 14 M970
530.8091 -1.0000 -1 M87
684.6804 -1.0000 -1 M97
365.1460 -1.0000 -1 M96
280.9976 -1.0000 -1 M910
243.0635 -1.0000 -1 M912
556.7914 -1.0000 -1 M917
228.6505 -1.0000 -1 M919
182.3725 -1.0000 -1 M907
177.7418 -1.0000 -1 M906
390.6980 -1.0000 -1 M908
369.0006 -1.0000 -1 M932
483.6477 -1.0000 -1 M810
257.0220 -1.0000 -1 M815
463.5797 -1.0000 -1 M936
529.1293 -1.0000 -1 M814
483.6176 -1.0000 -1 M813
498.1121 -1.0000 -1 M812
389.3185 -1.0000 -1 M819
320.7592 -1.0000 -1 M818
349.9604 -1.0000 -1 M938
82.2102 -1.0000 -1 M937
297.0237 -1.0000 -1 M800
469.3493 -1.0000 -1 M921
314.5413 -1.0000 -1 M803
417.9088 -1.0000 -1 M924
373.6221 -1.0000 -1 M802
408.3213 -1.0000 -1 M801
166.1705 -1.0000 -1 M922
358.5659 -1.0000 -1 M808
121.6585 -1.0000 -1 M929
233.1599 -1.0000 -1 M807
391.2945 -1.0000 -1 M928
186.2043 -1.0000 -1 M806
328.4200 -1.0000 -1 M927
345.5605 -1.0000 -1 M805
468.0976 -1.0000 -1 M926
508.5262 -1.0000 -1 M950
219.5945 -1.0000 -1 M1411
355.7960 -1.0000 -1 M954
601.5156 -1.0000 -1 M832
198.5542 -1.0000 -1 M710
254.9885 -1.0000 -1 M831
472.0293 -1.0000 -1 M830
355.6413 -1.0000 -1 M951
268.8621 -1.0000 -1 M716
151.4286 -1.0000 -1 M837
171.8966 -1.0000 -1 M958
307.3066 -1.0000 -1 M715
247.5081 -1.0000 -1 M836
425.1814 -1.0000 -1 M957
222.1296 -1.0000 -1 M835
236.3279 -1.0000 -1 M713
313.2896 -1.0000 -1 M955
530.4743 -1.0000 -1 M719
31.5946 -1.0000 -1 M718
118.4242 -1.0000 -1 M839
255.5059 -1.0000 -1 M838
108.1323 -1.0000 -1 M959
297.1274 -1.0000 -1 M1410
391.3491 -1.0000 -1 M1305
253.1032 -1.0000 -1 M1306
300.1963 -1.0000 -1 M1307
252.3838 -1.0000 -1 M1308
305.9664 -1.0000 -1 M1302
495.0958 -1.0000 -1 M1303
308.6083 -1.0000 -1 M1304
535.7480 -1.0000 -1 M701
219.6083 -1.0000 -1 M822
256.6386 -1.0000 -1 M943
490.3090 -1.0000 -1 M700
383.4701 -1.0000 -1 M821
317.8922 -1.0000 -1 M820
293.6003 -1.0000 -1 M941
262.8873 -1.0000 -1 M940
90.2699 -1.0000 -1 M705
211.2596 -1.0000 -1 M826
74.7212 -1.0000 -1 M947
134.0423 -1.0000 -1 M1309
132.1637 -1.0000 -1 M946
315.3700 -1.0000 -1 M824
212.3390 -1.0000 -1 M945
246.6964 -1.0000 -1 M702
236.1485 -1.0000 -1 M823
204.3350 -1.0000 -1 M944
372.8212 -1.0000 -1 M709
626.0358 -1.0000 -1 M708
221.0071 -1.0000 -1 M707
527.5954 -1.0000 -1 M949
350.4399 -1.0000 -1 M706
172.0450 -1.0000 -1 M827
207.2681 -1.0000 -1 M948
141.4914 -1.0000 -1 M1300
204.7021 -1.0000 -1 M972
365.2775 -1.0000 -1 M850
311.6986 -1.0000 -1 M613
456.3549 -1.0000 -1 M734
405.6775 -1.0000 -1 M612
499.7411 -1.0000 -1 M733
275.3331 -1.0000 -1 M854
327.6850 -1.0000 -1 M975
432.6769 -1.0000 -1 M732
342.5176 -1.0000 -1 M853
176.1293 -1.0000 -1 M974
272.8193 -1.0000 -1 M610
154.1751 -1.0000 -1 M973
169.8953 -1.0000 -1 M617
57.2591 -1.0000 -1 M738
76.8223 -1.0000 -1 M616
171.0868 -1.0000 -1 M737
273.1444 -1.0000 -1 M858
232.4432 -1.0000 -1 M614
344.0412 -1.0000 -1 M735
312.2583 -1.0000 -1 M977
251.8027 -1.0000 -1 M619
230.7905 -1.0000 -1 M618
87.4640 -1.0000 -1 M739
75.8174 -1.0000 -1 M1404
433.8691 -1.0000 -1 M1405
437.6661 -1.0000 -1 M1406
311.2649 -1.0000 -1 M1407
135.8702 -1.0000 -1 M840
247.7060 -1.0000 -1 M961
187.7499 -1.0000 -1 M1400
386.3395 -1.0000 -1 M1401
134.1936 -1.0000 -1 M1402
321.3431 -1.0000 -1 M1403
241.7649 -1.0000 -1 M843
264.0652 -1.0000 -1 M720
198.7914 -1.0000 -1 M962
508.9224 -1.0000 -1 M606
324.5334 -1.0000 -1 M727
471.3119 -1.0000 -1 M848
140.0365 -1.0000 -1 M1408
620.4327 -1.0000 -1 M847
136.6883 -1.0000 -1 M1409
187.6606 -1.0000 -1 M604
335.8998 -1.0000 -1 M725
440.8163 -1.0000 -1 M846
249.2053 -1.0000 -1 M967
279.8569 -1.0000 -1 M845
451.1525 -1.0000 -1 M729
269.3730 -1.0000 -1 M728
224.9324 -1.0000 -1 M1217
200.8124 -1.0000 -1 M1338
453.4053 -1.0000 -1 M1218
364.7473 -1.0000 -1 M510
437.1496 -1.0000 -1 M631
237.3571 -1.0000 -1 M752
391.0785 -1.0000 -1 M873
144.8021 -1.0000 -1 M1334
170.8345 -1.0000 -1 M751
303.9934 -1.0000 -1 M1335
464.8012 -1.0000 -1 M750
262.7787 -1.0000 -1 M1215
266.2786 -1.0000 -1 M1336
694.4249 -1.0000 -1 M870
77.7430 -1.0000 -1 M991
240.6035 -1.0000 -1 M1216
172.3572 -1.0000 -1 M1337
146.6699 -1.0000 -1 M998
145.0233 -1.0000 -1 M513
404.7633 -1.0000 -1 M876
339.6527 -1.0000 -1 M512
213.6636 -1.0000 -1 M633
325.9623 -1.0000 -1 M754
661.5350 -1.0000 -1 M875
417.1519 -1.0000 -1 M996
289.2983 -1.0000 -1 M753
298.3648 -1.0000 -1 M995
170.7099 -1.0000 -1 M518
338.9872 -1.0000 -1 M517
570.1547 -1.0000 -1 M638
509.7400 -1.0000 -1 M759
278.1473 -1.0000 -1 M516
462.0679 -1.0000 -1 M758
113.0175 -1.0000 -1 M879
461.8831 -1.0000 -1 M757
343.0374 -1.0000 -1 M878
249.4456 -1.0000 -1 M999
449.6116 -1.0000 -1 M1330
177.9108 -1.0000 -1 M1210
210.5412 -1.0000 -1 M1331
313.8434 -1.0000 -1 M1211
281.8205 -1.0000 -1 M1332
196.5698 -1.0000 -1 M1212
107.1298 -1.0000 -1 M1333
280.9643 -1.0000 -1 M1107
498.0505 -1.0000 -1 M1228
454.8343 -1.0000 -1 M1349
290.8674 -1.0000 -1 M1109
42.4754 -1.0000 -1 M741
154.9251 -1.0000 -1 M983
363.9995 -1.0000 -1 M1103
391.4439 -1.0000 -1 M1224
435.9433 -1.0000 -1 M1345
216.6796 -1.0000 -1 M740
426.9270 -1.0000 -1 M1104
169.7989 -1.0000 -1 M1346
277.0791 -1.0000 -1 M981
458.3083 -1.0000 -1 M1226
602.1066 -1.0000 -1 M1347
264.7481 -1.0000 -1 M980
379.9207 -1.0000 -1 M1227
459.0998 -1.0000 -1 M1348
119.0779 -1.0000 -1 M503
141.2001 -1.0000 -1 M624
325.8559 -1.0000 -1 M865
321.7522 -1.0000 -1 M986
357.1731 -1.0000 -1 M743
355.4611 -1.0000 -1 M985
312.2211 -1.0000 -1 M500
348.9971 -1.0000 -1 M742
136.9260 -1.0000 -1 M984
228.1493 -1.0000 -1 M507
47.1158 -1.0000 -1 M628
306.3029 -1.0000 -1 M749
597.4541 -1.0000 -1 M506
627.2312 -1.0000 -1 M627
385.9509 -1.0000 -1 M869
256.9163 -1.0000 -1 M626
303.0190 -1.0000 -1 M747
20.7780 -1.0000 -1 M989
336.9504 -1.0000 -1 M504
315.0542 -1.0000 -1 M867
474.4062 -1.0000 -1 M988
601.9053 -1.0000 -1 M1341
262.8595 -1.0000 -1 M1100
189.3098 -1.0000 -1 M1342
490.9812 -1.0000 -1 M1101
194.9968 -1.0000 -1 M1222
482.4652 -1.0000 -1 M1102
489.2904 -1.0000 -1 M1223
121.0862 -1.0000 -1 M1344
322.3228 -1.0000 -1 M1340
513.4354 -1.0000 -1 M891
354.3943 -1.0000 -1 M1317
92.0081 -1.0000 -1 M1318
122.9315 -1.0000 -1 M1319
312.2968 -1.0000 -1 M411
547.5436 -1.0000 -1 M653
264.1052 -1.0000 -1 M895
220.7951 -1.0000 -1 M1312
420.2607 -1.0000 -1 M410
426.1062 -1.0000 -1 M531
189.7882 -1.0000 -1 M773
436.1148 -1.0000 -1 M894
471.3559 -1.0000 -1 M651
450.9462 -1.0000 -1 M772
251.1039 -1.0000 -1 M893
290.7175 -1.0000 -1 M1314
200.1778 -1.0000 -1 M650
280.0583 -1.0000 -1 M771
406.3315 -1.0000 -1 M892
453.1998 -1.0000 -1 M1315
360.6227 -1.0000 -1 M415
437.0770 -1.0000 -1 M535
224.5765 -1.0000 -1 M777
189.9390 -1.0000 -1 M898
592.5254 -1.0000 -1 M413
153.6666 -1.0000 -1 M534
281.1495 -1.0000 -1 M655
150.3497 -1.0000 -1 M776
323.0127 -1.0000 -1 M897
470.0885 -1.0000 -1 M412
493.1083 -1.0000 -1 M533
234.8901 -1.0000 -1 M654
405.4429 -1.0000 -1 M775
381.9125 -1.0000 -1 M896
280.1715 -1.0000 -1 M418
182.7756 -1.0000 -1 M538
261.0684 -1.0000 -1 M416
94.7104 -1.0000 -1 M537
328.6009 -1.0000 -1 M658
245.8245 -1.0000 -1 M1310
309.0586 -1.0000 -1 M1311
497.0130 -1.0000 -1 M1206
240.3841 -1.0000 -1 M1327
350.0351 -1.0000 -1 M1207
180.8726 -1.0000 -1 M1208
148.1640 -1.0000 -1 M1209
322.1513 -1.0000 -1 M521
304.4009 -1.0000 -1 M642
483.5302 -1.0000 -1 M763
496.6156 -1.0000 -1 M1323
343.2771 -1.0000 -1 M520
19.6672 -1.0000 -1 M641
454.6364 -1.0000 -1 M883
204.8772 -1.0000 -1 M1203
447.8947 -1.0000 -1 M882
262.3246 -1.0000 -1 M1325
436.5538 -1.0000 -1 M760
288.5093 -1.0000 -1 M1205
496.8517 -1.0000 -1 M404
618.9224 -1.0000 -1 M525
587.6857 -1.0000 -1 M646
38.1360 -1.0000 -1 M524
472.3420 -1.0000 -1 M645
92.3607 -1.0000 -1 M766
124.2189 -1.0000 -1 M402
284.0207 -1.0000 -1 M644
204.7828 -1.0000 -1 M765
390.2864 -1.0000 -1 M886
301.7866 -1.0000 -1 M401
140.4366 -1.0000 -1 M522
323.2351 -1.0000 -1 M643
345.7744 -1.0000 -1 M764
405.3885 -1.0000 -1 M885
240.5468 -1.0000 -1 M408
400.8740 -1.0000 -1 M529
164.2994 -1.0000 -1 M406
354.1620 -1.0000 -1 M647
345.8096 -1.0000 -1 M768
624.0969 -1.0000 -1 M1320
460.2700 -1.0000 -1 M1200
168.9399 -1.0000 -1 M1201
87.4347 -1.0000 -1 M1322
257.7769 -1.0000 -1 M550
601.2115 -1.0000 -1 M671
295.7307 -1.0000 -1 M1019
401.1958 -1.0000 -1 M670
194.9588 -1.0000 -1 M791
145.8223 -1.0000 -1 M312
237.9373 -1.0000 -1 M433
249.7394 -1.0000 -1 M796
277.3974 -1.0000 -1 M1015
225.8110 -1.0000 -1 M1257
243.5358 -1.0000 -1 M1378
383.3188 -1.0000 -1 M311
328.1636 -1.0000 -1 M553
227.9822 -1.0000 -1 M674
388.3326 -1.0000 -1 M431
180.9291 -1.0000 -1 M552
472.5253 -1.0000 -1 M673
75.7830 -1.0000 -1 M1017
499.8624 -1.0000 -1 M1138
367.0496 -1.0000 -1 M793
466.9977 -1.0000 -1 M1018
272.8632 -1.0000 -1 M1139
138.9148 -1.0000 -1 M437
244.9252 -1.0000 -1 M679
95.7033 -1.0000 -1 M557
381.3949 -1.0000 -1 M678
481.9408 -1.0000 -1 M677
253.3608 -1.0000 -1 M313
648.1345 -1.0000 -1 M797
164.1627 -1.0000 -1 M319
311.7350 -1.0000 -1 M318
435.5198 -1.0000 -1 M317
332.1316 -1.0000 -1 M438
409.3741 -1.0000 -1 M559
304.9049 -1.0000 -1 M1253
428.4759 -1.0000 -1 M1374
402.5334 -1.0000 -1 M1012
188.0451 -1.0000 -1 M1375
625.2461 -1.0000 -1 M1013
61.6151 -1.0000 -1 M1255
358.3134 -1.0000 -1 M1376
567.4979 -1.0000 -1 M1014
433.2708 -1.0000 -1 M1256
238.4908 -1.0000 -1 M1377
416.0641 -1.0000 -1 M1370
453.0678 -1.0000 -1 M1371
477.8187 -1.0000 -1 M1251
221.6582 -1.0000 -1 M1372
351.0735 -1.0000 -1 M1131
438.1848 -1.0000 -1 M1252
463.1764 -1.0000 -1 M1373
373.9812 -1.0000 -1 M660
395.9066 -1.0000 -1 M780
349.1627 -1.0000 -1 M422
297.9905 -1.0000 -1 M664
387.6602 -1.0000 -1 M785
331.3859 -1.0000 -1 M1147
280.2482 -1.0000 -1 M1268
13.8469 -1.0000 -1 M1389
117.3952 -1.0000 -1 M421
214.9865 -1.0000 -1 M542
415.5005 -1.0000 -1 M663
104.8094 -1.0000 -1 M1148
366.5071 -1.0000 -1 M1269
533.2857 -1.0000 -1 M420
354.7387 -1.0000 -1 M541
378.6355 -1.0000 -1 M1028
189.7478 -1.0000 -1 M1149
252.7090 -1.0000 -1 M661
60.6581 -1.0000 -1 M782
284.0725 -1.0000 -1 M1029
184.6254 -1.0000 -1 M305
453.1480 -1.0000 -1 M426
54.9377 -1.0000 -1 M668
250.3767 -1.0000 -1 M546
242.8424 -1.0000 -1 M788
368.1782 -1.0000 -1 M303
230.4960 -1.0000 -1 M424
323.9612 -1.0000 -1 M666
96.7908 -1.0000 -1 M787
76.4414 -1.0000 -1 M302
245.1939 -1.0000 -1 M423
225.9448 -1.0000 -1 M544
452.8481 -1.0000 -1 M786
22.8350 -1.0000 -1 M549
526.7796 -1.0000 -1 M669
416.0726 -1.0000 -1 M1380
232.4859 -1.0000 -1 M1143
238.3283 -1.0000 -1 M1264
364.1330 -1.0000 -1 M1023
471.6230 -1.0000 -1 M1144
375.6063 -1.0000 -1 M1265
47.5635 -1.0000 -1 M1386
223.4068 -1.0000 -1 M1024
472.6843 -1.0000 -1 M1266
230.6409 -1.0000 -1 M1387
636.7619 -1.0000 -1 M1025
468.8229 -1.0000 -1 M1146
313.8808 -1.0000 -1 M1267
84.2422 -1.0000 -1 M1260
318.7037 -1.0000 -1 M1381
614.7648 -1.0000 -1 M1140
45.8064 -1.0000 -1 M1261
545.8331 -1.0000 -1 M1382
152.1342 -1.0000 -1 M1020
408.9630 -1.0000 -1 M1141
243.6783 -1.0000 -1 M1383
138.5484 -1.0000 -1 M1021
291.1384 -1.0000 -1 M330
307.8486 -1.0000 -1 M693
459.7662 -1.0000 -1 M1118
311.8829 -1.0000 -1 M1239
557.6655 -1.0000 -1 M570
204.0650 -1.0000 -1 M691
622.8564 -1.0000 -1 M334
213.0553 -1.0000 -1 M1114
315.0456 -1.0000 -1 M1235
379.0252 -1.0000 -1 M1356
282.9454 -1.0000 -1 M212
484.3064 -1.0000 -1 M333
268.0735 -1.0000 -1 M454
239.2935 -1.0000 -1 M696
271.9275 -1.0000 -1 M1115
383.8511 -1.0000 -1 M1236
153.0210 -1.0000 -1 M1357
90.2456 -1.0000 -1 M332
421.1074 -1.0000 -1 M453
472.4339 -1.0000 -1 M1358
463.2790 -1.0000 -1 M452
223.8610 -1.0000 -1 M694
441.8731 -1.0000 -1 M1117
324.6829 -1.0000 -1 M1238
336.3385 -1.0000 -1 M338
168.3445 -1.0000 -1 M459
341.2380 -1.0000 -1 M216
282.7448 -1.0000 -1 M337
458.1899 -1.0000 -1 M458
248.6972 -1.0000 -1 M579
468.8481 -1.0000 -1 M578
319.9693 -1.0000 -1 M699
42.8959 -1.0000 -1 M214
541.3020 -1.0000 -1 M1231
274.5329 -1.0000 -1 M1352
507.5526 -1.0000 -1 M1111
530.9224 -1.0000 -1 M1353
631.0704 -1.0000 -1 M1112
183.4630 -1.0000 -1 M1354
278.8539 -1.0000 -1 M1113
261.5533 -1.0000 -1 M1234
190.7145 -1.0000 -1 M1355
427.6582 -1.0000 -1 M1230
504.4052 -1.0000 -1 M440
221.3733 -1.0000 -1 M682
179.1213 -1.0000 -1 M1008
189.3528 -1.0000 -1 M681
162.4350 -1.0000 -1 M202
187.1372 -1.0000 -1 M444
441.8949 -1.0000 -1 M686
463.7317 -1.0000 -1 M1004
341.4586 -1.0000 -1 M1125
194.8973 -1.0000 -1 M1367
147.2537 -1.0000 -1 M201
288.6878 -1.0000 -1 M564
226.8191 -1.0000 -1 M685
474.0176 -1.0000 -1 M1247
47.4343 -1.0000 -1 M1368
148.4171 -1.0000 -1 M321
199.9706 -1.0000 -1 M442
95.4813 -1.0000 -1 M684
165.3185 -1.0000 -1 M1127
190.9209 -1.0000 -1 M1369
310.3769 -1.0000 -1 M320
147.7812 -1.0000 -1 M441
525.2584 -1.0000 -1 M562
651.7694 -1.0000 -1 M683
216.4277 -1.0000 -1 M1007
282.6215 -1.0000 -1 M327
206.7963 -1.0000 -1 M447
46.1714 -1.0000 -1 M568
506.5390 -1.0000 -1 M689
91.7791 -1.0000 -1 M325
286.6325 -1.0000 -1 M446
553.0323 -1.0000 -1 M688
144.8050 -1.0000 -1 M203
564.3445 -1.0000 -1 M566
661.1940 -1.0000 -1 M687
608.3410 -1.0000 -1 M209
135.2666 -1.0000 -1 M208
339.3497 -1.0000 -1 M328
332.0407 -1.0000 -1 M449
74.5483 -1.0000 -1 M1121
157.9124 -1.0000 -1 M1242
258.3154 -1.0000 -1 M1363
403.4959 -1.0000 -1 M1001
468.2701 -1.0000 -1 M1243
729.7232 -1.0000 -1 M1364
315.6510 -1.0000 -1 M1002
502.4775 -1.0000 -1 M1123
480.5495 -1.0000 -1 M1365
209.2923 -1.0000 -1 M1003
99.0620 -1.0000 -1 M1124
556.5610 -1.0000 -1 M1245
270.9032 -1.0000 -1 M1366
478.7895 -1.0000 -1 M1360
99.6954 -1.0000 -1 M1240
162.7353 -1.0000 -1 M1361
312.4246 -1.0000 -1 M1241
575.5858 -1.0000 -1 M110
350.5400 -1.0000 -1 M231
219.2350 -1.0000 -1 M352
464.3092 -1.0000 -1 M473
254.6866 -1.0000 -1 M594
117.9726 -1.0000 -1 M472
396.7670 -1.0000 -1 M593
212.2484 -1.0000 -1 M471
438.7970 -1.0000 -1 M592
304.2768 -1.0000 -1 M591
210.1491 -1.0000 -1 M1059
435.9212 -1.0000 -1 M354
509.0445 -1.0000 -1 M475
275.2556 -1.0000 -1 M596
236.3065 -1.0000 -1 M232
321.7212 -1.0000 -1 M353
393.4238 -1.0000 -1 M474
608.8942 -1.0000 -1 M595
624.0035 -1.0000 -1 M118
237.0125 -1.0000 -1 M239
515.5404 -1.0000 -1 M117
313.0394 -1.0000 -1 M359
585.1632 -1.0000 -1 M116
314.1992 -1.0000 -1 M237
108.1658 -1.0000 -1 M358
424.3254 -1.0000 -1 M357
555.6367 -1.0000 -1 M478
619.3891 -1.0000 -1 M119
523.4316 -1.0000 -1 M1170
309.5707 -1.0000 -1 M1291
244.3396 -1.0000 -1 M1171
520.9897 -1.0000 -1 M1292
198.4207 -1.0000 -1 M1176
164.9264 -1.0000 -1 M1298
361.3664 -1.0000 -1 M1057
515.7420 -1.0000 -1 M1178
438.9377 -1.0000 -1 M1299
320.7224 -1.0000 -1 M480
341.1913 -1.0000 -1 M1172
99.6821 -1.0000 -1 M1294
388.2409 -1.0000 -1 M1053
355.3458 -1.0000 -1 M1174
151.3297 -1.0000 -1 M1054
511.6868 -1.0000 -1 M1296
358.4019 -1.0000 -1 M462
225.8215 -1.0000 -1 M582
375.6575 -1.0000 -1 M581
241.1200 -1.0000 -1 M580
243.6818 -1.0000 -1 M345
407.4572 -1.0000 -1 M344
124.4770 -1.0000 -1 M465
129.4162 -1.0000 -1 M586
429.4361 -1.0000 -1 M222
422.5827 -1.0000 -1 M100
501.9098 -1.0000 -1 M342
189.8816 -1.0000 -1 M463
218.9161 -1.0000 -1 M584
294.3819 -1.0000 -1 M349
600.7115 -1.0000 -1 M348
218.9576 -1.0000 -1 M226
48.9108 -1.0000 -1 M347
305.3142 -1.0000 -1 M468
140.9947 -1.0000 -1 M589
148.1220 -1.0000 -1 M346
271.0902 -1.0000 -1 M467
344.3293 -1.0000 -1 M588
345.3275 -1.0000 -1 M1060
354.3142 -1.0000 -1 M1061
364.7651 -1.0000 -1 M1066
449.8724 -1.0000 -1 M1187
262.0903 -1.0000 -1 M1188
381.1767 -1.0000 -1 M1062
335.3013 -1.0000 -1 M1065
340.8840 -1.0000 -1 M1186
262.2064 -1.0000 -1 M495
381.3233 -1.0000 -1 M131
87.4842 -1.0000 -1 M373
540.2498 -1.0000 -1 M372
164.1909 -1.0000 -1 M492
232.2521 -1.0000 -1 M1037
299.5846 -1.0000 -1 M1158
188.9471 -1.0000 -1 M256
183.5285 -1.0000 -1 M377
460.7292 -1.0000 -1 M498
569.9697 -1.0000 -1 M1159
118.7439 -1.0000 -1 M497
97.7896 -1.0000 -1 M496
701.2235 -1.0000 -1 M139
253.0325 -1.0000 -1 M1390
185.6133 -1.0000 -1 M1270
660.7706 -1.0000 -1 M1391
73.2678 -1.0000 -1 M1275
91.8188 -1.0000 -1 M1396
405.9334 -1.0000 -1 M1155
227.3204 -1.0000 -1 M1397
321.0205 -1.0000 -1 M1035
171.4410 -1.0000 -1 M1156
423.5701 -1.0000 -1 M1277
282.2006 -1.0000 -1 M1398
317.3102 -1.0000 -1 M1036
122.3418 -1.0000 -1 M1278
153.6952 -1.0000 -1 M1399
327.2208 -1.0000 -1 M381
246.4967 -1.0000 -1 M1150
539.2555 -1.0000 -1 M1271
519.1862 -1.0000 -1 M1392
310.0781 -1.0000 -1 M1272
359.1487 -1.0000 -1 M1393
248.1331 -1.0000 -1 M1394
386.5348 -1.0000 -1 M1032
411.7181 -1.0000 -1 M1153
499.1351 -1.0000 -1 M1274
174.3359 -1.0000 -1 M1395
135.6526 -1.0000 -1 M242
150.7620 -1.0000 -1 M363
301.8879 -1.0000 -1 M484
234.0720 -1.0000 -1 M241
439.3412 -1.0000 -1 M362
462.2585 -1.0000 -1 M240
438.8222 -1.0000 -1 M361
249.0451 -1.0000 -1 M482
178.9182 -1.0000 -1 M360
279.0668 -1.0000 -1 M481
568.9222 -1.0000 -1 M124
37.4106 -1.0000 -1 M245
218.7871 -1.0000 -1 M366
140.2190 -1.0000 -1 M487
224.8466 -1.0000 -1 M123
441.2925 -1.0000 -1 M244
390.0578 -1.0000 -1 M365
93.2283 -1.0000 -1 M486
421.4104 -1.0000 -1 M243
149.4749 -1.0000 -1 M364
192.0220 -1.0000 -1 M248
450.0211 -1.0000 -1 M368
309.1469 -1.0000 -1 M489
368.4888 -1.0000 -1 M1160
151.1982 -1.0000 -1 M1045
251.9535 -1.0000 -1 M1287
166.4442 -1.0000 -1 M1046
435.3753 -1.0000 -1 M1167
78.3198 -1.0000 -1 M1288
227.6175 -1.0000 -1 M1047
209.8094 -1.0000 -1 M1168
248.7333 -1.0000 -1 M370
162.4637 -1.0000 -1 M491
427.6431 -1.0000 -1 M1282
282.1814 -1.0000 -1 M490
242.6740 -1.0000 -1 M1041
530.2004 -1.0000 -1 M1162
142.9765 -1.0000 -1 M1163
333.1541 -1.0000 -1 M1284
222.4484 -1.0000 -1 M1164
193.8753 -1.0000 -1 M1285
199.0788 -1.0000 -1 M275
159.6167 -1.0000 -1 M396
92.8143 -1.0000 -1 M153
407.1160 -1.0000 -1 M274
230.5910 -1.0000 -1 M273
464.9966 -1.0000 -1 M394
335.0038 -1.0000 -1 M151
559.4297 -1.0000 -1 M157
269.4994 -1.0000 -1 M156
408.2424 -1.0000 -1 M397
639.5202 -1.0000 -1 M159
386.2097 -1.0000 -1 M1091
253.4391 -1.0000 -1 M1092
366.8655 -1.0000 -1 M1094
281.7627 -1.0000 -1 M1090
147.8204 -1.0000 -1 M161
567.3815 -1.0000 -1 M282
426.7936 -1.0000 -1 M1095
431.3547 -1.0000 -1 M160
74.9126 -1.0000 -1 M281
287.9396 -1.0000 -1 M1098
219.3694 -1.0000 -1 M385
363.0449 -1.0000 -1 M262
376.2594 -1.0000 -1 M383
427.3024 -1.0000 -1 M261
453.7882 -1.0000 -1 M389
187.5680 -1.0000 -1 M388
420.1918 -1.0000 -1 M145
366.4191 -1.0000 -1 M387
287.6223 -1.0000 -1 M144
308.7074 -1.0000 -1 M265
249.0536 -1.0000 -1 M386
499.6542 -1.0000 -1 M148
128.9700 -1.0000 -1 M150
268.9199 -1.0000 -1 M391
186.0415 -1.0000 -1 M390
422.2762 -1.0000 -1 M174
596.4101 -1.0000 -1 M294
594.9135 -1.0000 -1 M179
284.7728 -1.0000 -1 M177
239.4039 -1.0000 -1 M298
243.0961 -1.0000 -1 M1190
240.4069 -1.0000 -1 M1070
159.0267 -1.0000 -1 M1071
259.3175 -1.0000 -1 M1192
267.7438 -1.0000 -1 M1198
289.9318 -1.0000 -1 M1199
226.7311 -1.0000 -1 M1079
215.7825 -1.0000 -1 M1194
180.6343 -1.0000 -1 M1074
318.5021 -1.0000 -1 M1195
266.2168 -1.0000 -1 M1075
242.2792 -1.0000 -1 M1196
290.0850 -1.0000 -1 M165
230.4907 -1.0000 -1 M286
264.6469 -1.0000 -1 M163
344.3459 -1.0000 -1 M162
176.0887 -1.0000 -1 M283
273.1986 -1.0000 -1 M169
679.3517 -1.0000 -1 M289
195.0723 -1.0000 -1 M166
266.2510 -1.0000 -1 M287
273.8319 -1.0000 -1 M34
167.7331 -1.0000 -1 M1080
578.0732 -1.0000 -1 M36
419.5985 -1.0000 -1 M1082
338.0167 -1.0000 -1 M1088
297.5906 -1.0000 -1 M1089
283.6215 -1.0000 -1 M172
300.7653 -1.0000 -1 M171
475.7541 -1.0000 -1 M292
497.3669 -1.0000 -1 M1086
354.5517 -1.0000 -1 M1087
580.2084 -1.0000 -1 M185
126.1038 -1.0000 -1 M184
396.3420 -1.0000 -1 M188
294.2799 -1.0000 -1 M190
147.4979 -1.0000 -1 M192
450.3447 -1.0000 -1 M72
