# messageDelay  cumulativeProbability
1.0000 0.0007
1.0000 0.0014
1.0000 0.0021
1.0000 0.0028
1.0000 0.0035
1.0000 0.0043
1.0000 0.0050
1.0000 0.0057
1.0000 0.0064
1.0000 0.0071
1.0000 0.0078
1.0000 0.0085
1.0000 0.0092
1.0000 0.0099
1.0000 0.0106
1.0000 0.0113
1.0000 0.0120
1.0000 0.0128
1.0000 0.0135
1.0000 0.0142
1.0000 0.0149
1.0000 0.0156
1.0000 0.0163
2.0000 0.0170
2.0000 0.0177
2.0000 0.0184
3.0000 0.0191
3.0000 0.0198
5.0000 0.0206
5.0000 0.0213
6.0000 0.0220
8.0000 0.0227
10.0000 0.0234
10.0000 0.0241
11.0000 0.0248
11.0000 0.0255
12.0000 0.0262
13.0000 0.0269
13.0000 0.0276
13.0000 0.0283
14.0000 0.0291
15.0000 0.0298
16.0000 0.0305
16.0000 0.0312
18.0000 0.0319
18.0000 0.0326
19.0000 0.0333
19.0000 0.0340
20.0000 0.0347
20.0000 0.0354
21.0000 0.0361
22.0000 0.0369
22.0000 0.0376
23.0000 0.0383
23.0000 0.0390
23.0000 0.0397
25.0000 0.0404
25.0000 0.0411
26.0000 0.0418
26.0000 0.0425
27.0000 0.0432
28.0000 0.0439
29.0000 0.0446
30.0000 0.0454
30.0000 0.0461
33.0000 0.0468
34.0000 0.0475
34.0000 0.0482
35.0000 0.0489
36.0000 0.0496
36.0000 0.0503
37.0000 0.0510
37.0000 0.0517
37.0000 0.0524
38.0000 0.0532
38.0000 0.0539
39.0000 0.0546
39.0000 0.0553
39.0000 0.0560
40.0000 0.0567
41.0000 0.0574
41.0000 0.0581
43.0000 0.0588
44.0000 0.0595
44.0000 0.0602
46.0000 0.0609
48.0000 0.0617
50.0000 0.0624
50.0000 0.0631
51.0000 0.0638
52.0000 0.0645
52.0000 0.0652
53.0000 0.0659
53.0000 0.0666
54.0000 0.0673
55.0000 0.0680
55.0000 0.0687
55.0000 0.0695
55.0000 0.0702
56.0000 0.0709
57.0000 0.0716
58.0000 0.0723
59.0000 0.0730
60.0000 0.0737
61.0000 0.0744
62.0000 0.0751
62.0000 0.0758
64.0000 0.0765
66.0000 0.0773
68.0000 0.0780
68.0000 0.0787
69.0000 0.0794
69.0000 0.0801
70.0000 0.0808
70.0000 0.0815
70.0000 0.0822
71.0000 0.0829
71.0000 0.0836
74.0000 0.0843
74.0000 0.0850
76.0000 0.0858
76.0000 0.0865
78.0000 0.0872
79.0000 0.0879
80.0000 0.0886
81.0000 0.0893
81.0000 0.0900
82.0000 0.0907
82.0000 0.0914
82.0000 0.0921
84.0000 0.0928
84.0000 0.0936
85.0000 0.0943
86.0000 0.0950
87.0000 0.0957
88.0000 0.0964
89.0000 0.0971
89.0000 0.0978
90.0000 0.0985
90.0000 0.0992
90.0000 0.0999
91.0000 0.1006
91.0000 0.1013
92.0000 0.1021
94.0000 0.1028
96.0000 0.1035
99.0000 0.1042
100.0000 0.1049
100.0000 0.1056
101.0000 0.1063
101.0000 0.1070
101.0000 0.1077
102.0000 0.1084
102.0000 0.1091
103.0000 0.1099
105.0000 0.1106
105.0000 0.1113
107.0000 0.1120
108.0000 0.1127
109.0000 0.1134
109.0000 0.1141
110.0000 0.1148
110.0000 0.1155
111.0000 0.1162
111.0000 0.1169
113.0000 0.1176
114.0000 0.1184
114.0000 0.1191
114.0000 0.1198
114.0000 0.1205
115.0000 0.1212
115.0000 0.1219
117.0000 0.1226
117.0000 0.1233
118.0000 0.1240
119.0000 0.1247
120.0000 0.1254
121.0000 0.1262
122.0000 0.1269
123.0000 0.1276
124.0000 0.1283
124.0000 0.1290
126.0000 0.1297
126.0000 0.1304
126.0000 0.1311
126.0000 0.1318
128.0000 0.1325
128.0000 0.1332
129.0000 0.1339
131.0000 0.1347
132.0000 0.1354
134.0000 0.1361
134.0000 0.1368
134.0000 0.1375
134.0000 0.1382
138.0000 0.1389
138.0000 0.1396
139.0000 0.1403
139.0000 0.1410
143.0000 0.1417
144.0000 0.1425
147.0000 0.1432
148.0000 0.1439
148.0000 0.1446
150.0000 0.1453
150.0000 0.1460
151.0000 0.1467
152.0000 0.1474
152.0000 0.1481
152.0000 0.1488
154.0000 0.1495
154.0000 0.1502
155.0000 0.1510
157.0000 0.1517
157.0000 0.1524
157.0000 0.1531
159.0000 0.1538
159.0000 0.1545
163.0000 0.1552
163.0000 0.1559
164.0000 0.1566
168.0000 0.1573
168.0000 0.1580
169.0000 0.1588
172.0000 0.1595
172.0000 0.1602
172.0000 0.1609
173.0000 0.1616
173.0000 0.1623
174.0000 0.1630
174.0000 0.1637
176.0000 0.1644
177.0000 0.1651
179.0000 0.1658
179.0000 0.1665
179.0000 0.1673
180.0000 0.1680
180.0000 0.1687
180.0000 0.1694
181.0000 0.1701
182.0000 0.1708
185.0000 0.1715
185.0000 0.1722
189.0000 0.1729
192.0000 0.1736
192.0000 0.1743
193.0000 0.1751
195.0000 0.1758
196.0000 0.1765
197.0000 0.1772
198.0000 0.1779
198.0000 0.1786
199.0000 0.1793
202.0000 0.1800
202.0000 0.1807
205.0000 0.1814
206.0000 0.1821
206.0000 0.1828
207.0000 0.1836
209.0000 0.1843
209.0000 0.1850
210.0000 0.1857
210.0000 0.1864
210.0000 0.1871
211.0000 0.1878
212.0000 0.1885
212.0000 0.1892
214.0000 0.1899
214.0000 0.1906
215.0000 0.1914
215.0000 0.1921
217.0000 0.1928
222.0000 0.1935
223.0000 0.1942
224.0000 0.1949
226.0000 0.1956
226.0000 0.1963
229.0000 0.1970
229.0000 0.1977
229.0000 0.1984
233.0000 0.1991
234.0000 0.1999
234.0000 0.2006
236.0000 0.2013
238.0000 0.2020
239.0000 0.2027
241.0000 0.2034
241.0000 0.2041
243.0000 0.2048
244.0000 0.2055
245.0000 0.2062
248.0000 0.2069
249.0000 0.2077
250.0000 0.2084
252.0000 0.2091
253.0000 0.2098
254.0000 0.2105
257.0000 0.2112
261.0000 0.2119
262.0000 0.2126
263.0000 0.2133
264.0000 0.2140
265.0000 0.2147
265.0000 0.2155
266.0000 0.2162
266.0000 0.2169
266.0000 0.2176
271.0000 0.2183
273.0000 0.2190
273.0000 0.2197
274.0000 0.2204
275.0000 0.2211
276.0000 0.2218
276.0000 0.2225
279.0000 0.2232
280.0000 0.2240
280.0000 0.2247
282.0000 0.2254
282.0000 0.2261
283.0000 0.2268
284.0000 0.2275
286.0000 0.2282
287.0000 0.2289
290.0000 0.2296
291.0000 0.2303
292.0000 0.2310
293.0000 0.2318
293.0000 0.2325
294.0000 0.2332
296.0000 0.2339
301.0000 0.2346
307.0000 0.2353
308.0000 0.2360
309.0000 0.2367
319.0000 0.2374
321.0000 0.2381
326.0000 0.2388
326.0000 0.2395
329.0000 0.2403
330.0000 0.2410
332.0000 0.2417
335.0000 0.2424
338.0000 0.2431
339.0000 0.2438
340.0000 0.2445
340.0000 0.2452
342.0000 0.2459
342.0000 0.2466
345.0000 0.2473
345.0000 0.2481
345.0000 0.2488
345.0000 0.2495
345.0000 0.2502
347.0000 0.2509
352.0000 0.2516
353.0000 0.2523
354.0000 0.2530
354.0000 0.2537
356.0000 0.2544
359.0000 0.2551
360.0000 0.2558
362.0000 0.2566
362.0000 0.2573
363.0000 0.2580
366.0000 0.2587
367.0000 0.2594
370.0000 0.2601
372.0000 0.2608
374.0000 0.2615
375.0000 0.2622
375.0000 0.2629
375.0000 0.2636
376.0000 0.2644
380.0000 0.2651
381.0000 0.2658
383.0000 0.2665
384.0000 0.2672
388.0000 0.2679
390.0000 0.2686
394.0000 0.2693
397.0000 0.2700
398.0000 0.2707
399.0000 0.2714
399.0000 0.2721
404.0000 0.2729
404.0000 0.2736
408.0000 0.2743
415.0000 0.2750
418.0000 0.2757
421.0000 0.2764
421.0000 0.2771
427.0000 0.2778
429.0000 0.2785
433.0000 0.2792
435.0000 0.2799
436.0000 0.2807
441.0000 0.2814
442.0000 0.2821
450.0000 0.2828
456.0000 0.2835
457.0000 0.2842
459.0000 0.2849
460.0000 0.2856
460.0000 0.2863
464.0000 0.2870
465.0000 0.2877
465.0000 0.2884
466.0000 0.2892
469.0000 0.2899
475.0000 0.2906
482.0000 0.2913
485.0000 0.2920
487.0000 0.2927
493.0000 0.2934
497.0000 0.2941
498.0000 0.2948
502.0000 0.2955
504.0000 0.2962
504.0000 0.2970
514.0000 0.2977
517.0000 0.2984
520.0000 0.2991
524.0000 0.2998
526.0000 0.3005
527.0000 0.3012
529.0000 0.3019
531.0000 0.3026
533.0000 0.3033
542.0000 0.3040
545.0000 0.3047
549.0000 0.3055
550.0000 0.3062
552.0000 0.3069
552.0000 0.3076
557.0000 0.3083
557.0000 0.3090
560.0000 0.3097
563.0000 0.3104
565.0000 0.3111
569.0000 0.3118
569.0000 0.3125
573.0000 0.3133
587.0000 0.3140
589.0000 0.3147
596.0000 0.3154
597.0000 0.3161
603.0000 0.3168
604.0000 0.3175
606.0000 0.3182
609.0000 0.3189
610.0000 0.3196
611.0000 0.3203
627.0000 0.3210
628.0000 0.3218
634.0000 0.3225
642.0000 0.3232
644.0000 0.3239
648.0000 0.3246
651.0000 0.3253
655.0000 0.3260
656.0000 0.3267
661.0000 0.3274
663.0000 0.3281
663.0000 0.3288
674.0000 0.3296
675.0000 0.3303
686.0000 0.3310
707.0000 0.3317
711.0000 0.3324
711.0000 0.3331
711.0000 0.3338
717.0000 0.3345
721.0000 0.3352
724.0000 0.3359
724.0000 0.3366
730.0000 0.3373
731.0000 0.3381
738.0000 0.3388
750.0000 0.3395
751.0000 0.3402
751.0000 0.3409
752.0000 0.3416
761.0000 0.3423
766.0000 0.3430
779.0000 0.3437
781.0000 0.3444
782.0000 0.3451
795.0000 0.3459
800.0000 0.3466
801.0000 0.3473
803.0000 0.3480
807.0000 0.3487
822.0000 0.3494
827.0000 0.3501
845.0000 0.3508
851.0000 0.3515
866.0000 0.3522
872.0000 0.3529
873.0000 0.3536
877.0000 0.3544
885.0000 0.3551
892.0000 0.3558
915.0000 0.3565
919.0000 0.3572
921.0000 0.3579
945.0000 0.3586
949.0000 0.3593
981.0000 0.3600
982.0000 0.3607
1000.0000 0.3614
1002.0000 0.3622
1009.0000 0.3629
1014.0000 0.3636
1026.0000 0.3643
1027.0000 0.3650
1029.0000 0.3657
1040.0000 0.3664
1083.0000 0.3671
1105.0000 0.3678
1120.0000 0.3685
1122.0000 0.3692
1122.0000 0.3700
1128.0000 0.3707
1151.0000 0.3714
1179.0000 0.3721
1180.0000 0.3728
1187.0000 0.3735
1193.0000 0.3742
1204.0000 0.3749
1220.0000 0.3756
1256.0000 0.3763
1267.0000 0.3770
1283.0000 0.3777
1308.0000 0.3785
1318.0000 0.3792
1324.0000 0.3799
1336.0000 0.3806
1340.0000 0.3813
1360.0000 0.3820
1417.0000 0.3827
1421.0000 0.3834
1432.0000 0.3841
1442.0000 0.3848
1462.0000 0.3855
1492.0000 0.3863
1512.0000 0.3870
1529.0000 0.3877
1543.0000 0.3884
1552.0000 0.3891
1566.0000 0.3898
1576.0000 0.3905
1623.0000 0.3912
1648.0000 0.3919
1670.0000 0.3926
1710.0000 0.3933
1715.0000 0.3940
1734.0000 0.3948
1758.0000 0.3955
1760.0000 0.3962
1770.0000 0.3969
1778.0000 0.3976
1786.0000 0.3983
1831.0000 0.3990
1833.0000 0.3997
1857.0000 0.4004
1873.0000 0.4011
1876.0000 0.4018
1886.0000 0.4026
1921.0000 0.4033
1931.0000 0.4040
1969.0000 0.4047
2095.0000 0.4054
2098.0000 0.4061
2122.0000 0.4068
2123.0000 0.4075
2139.0000 0.4082
2253.0000 0.4089
2254.0000 0.4096
2323.0000 0.4103
2341.0000 0.4111
2347.0000 0.4118
2414.0000 0.4125
2420.0000 0.4132
2433.0000 0.4139
2462.0000 0.4146
2507.0000 0.4153
2621.0000 0.4160
2649.0000 0.4167
2653.0000 0.4174
2768.0000 0.4181
2797.0000 0.4189
2863.0000 0.4196
2906.0000 0.4203
2912.0000 0.4210
3001.0000 0.4217
3159.0000 0.4224
3212.0000 0.4231
3619.0000 0.4238
3800.0000 0.4245
3803.0000 0.4252
4079.0000 0.4259
4501.0000 0.4266
5968.0000 0.4274
