# Scenario da2_prophet
# distance at msg send, delivery time, hop count, MSG_ID
43.5523 1.0000 1 M12
101.7647 84.0000 4 M6
140.0809 71.0000 4 M13
230.8805 14.0000 1 M22
1.9657 1.0000 1 M26
101.4562 20.0000 5 M25
211.3722 60.0000 3 M31
282.8726 38.0000 3 M35
186.2468 190.0000 4 M16
350.0777 117.0000 3 M28
272.7154 354.0000 5 M3
171.6993 101.0000 5 M43
66.7195 2.0000 2 M60
216.8735 185.0000 6 M37
281.4473 15.0000 3 M62
70.0031 5.0000 2 M65
316.0716 339.0000 2 M17
293.7744 220.0000 4 M40
231.2829 178.0000 4 M50
350.0309 77.0000 5 M66
150.6845 125.0000 4 M59
29.8161 1.0000 1 M80
53.4334 9.0000 2 M82
216.6734 469.0000 5 M19
280.7793 90.0000 3 M79
127.6976 560.0000 4 M14
474.7254 337.0000 3 M47
561.6234 187.0000 2 M69
572.9417 337.0000 5 M49
510.3749 193.0000 4 M70
369.3343 554.0000 5 M20
555.9671 386.0000 5 M44
493.7789 690.0000 5 M1
203.3015 336.0000 6 M55
261.4848 134.0000 3 M84
194.9640 369.0000 2 M53
166.0134 132.0000 3 M86
376.7660 368.0000 2 M57
356.9096 248.0000 2 M74
311.9276 62.0000 2 M99
397.3981 723.0000 2 M7
394.6089 479.0000 4 M45
214.0168 567.0000 4 M33
351.0246 633.0000 3 M23
209.7115 405.0000 2 M56
284.9636 498.0000 3 M42
199.6743 196.0000 3 M85
327.4486 342.0000 4 M67
594.4050 750.0000 6 M10
193.9447 77.0000 4 M105
85.5728 117.0000 2 M101
273.8319 604.0000 3 M34
129.7199 51.0000 2 M111
512.2855 302.0000 1 M77
299.8346 663.0000 3 M27
311.3657 517.0000 2 M51
198.8988 144.0000 4 M103
180.3140 872.0000 4 M4
104.2110 54.0000 1 M122
206.9917 444.0000 4 M68
458.5401 198.0000 6 M104
273.0906 35.0000 2 M129
246.9571 174.0000 1 M108
72.3044 305.0000 4 M90
168.1586 286.0000 3 M94
342.9391 466.0000 5 M71
255.5067 41.0000 2 M137
320.0449 152.0000 3 M121
117.3508 387.0000 2 M92
485.4688 144.0000 4 M128
261.8291 526.0000 1 M76
274.1445 975.0000 1 M15
416.4302 405.0000 3 M95
257.0202 1008.0000 3 M11
637.0811 898.0000 5 M29
287.6223 99.0000 3 M144
99.5089 14.0000 1 M155
48.7124 26.0000 2 M154
112.3025 459.0000 5 M91
275.0950 597.0000 2 M73
149.0709 488.0000 5 M88
92.8143 42.0000 2 M153
381.3233 249.0000 2 M131
214.8935 341.0000 3 M120
321.8478 416.0000 3 M109
222.0418 204.0000 4 M141
307.7532 602.0000 6 M83
39.7313 21.0000 1 M167
509.8821 260.0000 3 M134
417.8256 538.0000 1 M93
178.6095 408.0000 2 M114
69.7966 668.0000 2 M78
170.2097 250.0000 5 M138
335.0038 171.0000 2 M151
420.1918 216.0000 2 M145
371.7244 296.0000 3 M135
246.5276 150.0000 2 M158
98.9767 34.0000 2 M175
269.4994 167.0000 3 M156
365.1460 576.0000 2 M96
147.8204 136.0000 1 M161
55.1960 3.0000 1 M181
246.9467 30.0000 1 M180
394.5811 1011.0000 6 M41
200.5747 71.0000 3 M176
316.0090 90.0000 3 M173
170.7809 128.0000 4 M168
126.5953 64.0000 3 M178
273.1986 131.0000 3 M169
28.6580 350.0000 5 M140
136.7353 43.0000 1 M186
438.4279 1284.0000 10 M9
776.0012 1147.0000 7 M30
575.2835 828.0000 8 M75
509.9637 551.0000 6 M115
360.2795 491.0000 3 M125
249.3785 1206.0000 6 M24
3.9244 1.0000 1 M197
195.2689 625.0000 5 M106
140.9055 1044.0000 4 M48
196.0625 93.0000 2 M187
684.6804 709.0000 5 M97
79.1977 51.0000 2 M194
235.0056 23.0000 3 M199
585.1632 609.0000 4 M116
179.3543 280.0000 3 M164
461.9632 1419.0000 2 M2
373.8700 1378.0000 4 M8
9.5979 3.0000 1 M206
179.6725 12.0000 1 M205
215.6022 1073.0000 6 M54
395.8026 1303.0000 5 M21
499.6542 431.0000 6 M148
112.6866 97.0000 3 M195
284.7728 222.0000 4 M177
330.5456 1364.0000 5 M18
321.4900 16.0000 1 M211
596.4131 1227.0000 9 M39
42.8959 29.0000 2 M214
316.4389 202.0000 4 M193
126.6407 27.0000 1 M217
128.9700 538.0000 8 M150
60.4977 16.0000 2 M224
298.2924 322.0000 5 M183
209.9788 28.0000 1 M223
151.4537 54.0000 2 M221
35.9934 6.0000 1 M229
92.2838 557.0000 2 M152
312.0307 50.0000 1 M227
241.5481 227.0000 3 M207
135.2666 229.0000 6 M208
290.0850 536.0000 5 M165
193.1722 677.0000 8 M147
348.0030 387.0000 4 M189
129.6593 164.0000 3 M219
237.7552 293.0000 4 M204
37.4106 1.0000 1 M245
279.9711 690.0000 11 M149
326.2359 1297.0000 4 M63
743.5056 1525.0000 7 M32
283.6215 541.0000 3 M172
150.6350 412.0000 4 M191
635.8351 1347.0000 5 M58
237.0125 119.0000 3 M239
144.8050 392.0000 4 M203
126.1038 534.0000 2 M184
135.6526 162.0000 3 M242
87.7969 20.0000 1 M264
218.9576 299.0000 4 M226
295.8361 237.0000 1 M235
144.5178 150.0000 2 M250
2.1561 3.0000 1 M270
147.2537 533.0000 5 M201
361.5241 350.0000 2 M225
395.5088 52.0000 2 M267
192.0220 214.0000 4 M248
151.7384 148.0000 3 M263
236.3065 376.0000 2 M232
164.7091 101.0000 1 M271
331.8331 293.0000 2 M246
422.8052 218.0000 3 M258
257.8995 394.0000 4 M233
92.7174 117.0000 4 M272
188.9471 258.0000 2 M256
154.1504 432.0000 2 M234
128.7948 115.0000 3 M279
176.0887 94.0000 4 M283
37.8651 1.0000 1 M297
169.5282 35.0000 2 M293
82.7264 332.0000 4 M252
135.8306 150.0000 2 M278
162.4350 717.0000 11 M202
167.8294 123.0000 2 M285
20.2086 1.0000 1 M304
86.3479 87.0000 3 M295
330.9389 374.0000 3 M257
172.8893 154.0000 4 M288
239.4039 88.0000 2 M298
104.1354 169.0000 6 M291
187.2402 13.0000 1 M315
100.7318 68.0000 2 M309
223.8528 420.0000 5 M260
299.1517 587.0000 5 M238
379.7517 236.0000 2 M296
90.2456 15.0000 2 M332
292.4572 480.0000 4 M266
148.4171 105.0000 2 M321
181.6574 50.0000 1 M336
24.7596 1.0000 1 M343
243.3031 38.0000 2 M341
121.9373 283.0000 5 M306
121.9408 147.0000 2 M326
106.3251 96.0000 2 M339
101.5886 166.0000 2 M329
282.6215 193.0000 2 M327
240.0692 508.0000 2 M290
335.1917 169.0000 2 M340
48.9108 130.0000 4 M347
203.4206 308.0000 2 M322
142.4611 145.0000 4 M351
26.8722 1.0000 1 M378
528.2434 93.0000 1 M367
553.7387 46.0000 2 M384
145.8223 569.0000 6 M312
264.0557 209.0000 1 M369
465.8508 44.0000 1 M395
313.0394 399.0000 4 M359
164.1627 693.0000 5 M319
435.9212 441.0000 2 M354
249.0536 252.0000 5 M386
321.7212 487.0000 1 M353
117.3952 32.0000 2 M421
102.5351 62.0000 2 M419
20.1107 180.0000 3 M405
48.6902 31.0000 1 M427
159.6167 287.0000 5 M396
114.2506 37.0000 2 M432
115.8488 66.0000 1 M430
80.5918 305.0000 4 M398
138.9148 38.0000 2 M437
134.8751 620.0000 4 M355
87.4842 547.0000 5 M373
52.9224 31.0000 1 M451
237.9373 193.0000 1 M433
142.0945 96.0000 1 M448
266.4541 239.0000 2 M428
176.7583 82.0000 2 M450
187.1372 165.0000 2 M444
268.0735 98.0000 1 M454
78.2525 41.0000 1 M464
168.3445 125.0000 1 M459
148.4740 122.0000 3 M466
360.6227 523.0000 3 M415
136.9701 495.0000 2 M425
117.9726 159.0000 3 M472
362.2156 203.0000 3 M470
28.4476 1.0000 1 M502
359.1592 1286.0000 6 M323
121.6400 178.0000 4 M479
305.3142 298.0000 3 M468
233.1418 18.0000 1 M508
118.7439 114.0000 2 M497
192.9305 102.0000 1 M499
312.2211 99.0000 2 M500
240.5468 790.0000 2 M408
34.9556 1.0000 1 M519
307.5729 101.0000 1 M505
212.2484 359.0000 3 M471
186.7383 222.0000 2 M494
436.2520 595.0000 4 M443
81.4215 11.0000 2 M526
38.1360 28.0000 2 M524
176.5429 124.0000 1 M511
269.5995 16.0000 1 M528
310.3083 263.0000 2 M493
296.0809 150.0000 1 M509
336.9504 188.0000 3 M504
223.4248 126.0000 3 M515
94.7104 25.0000 2 M537
124.4770 540.0000 5 M465
43.0941 1.0000 1 M548
22.8350 16.0000 1 M549
338.9872 256.0000 2 M517
140.4366 225.0000 2 M522
138.3943 101.0000 2 M540
153.6666 173.0000 1 M534
5.6812 1.0000 1 M560
160.1644 252.0000 1 M527
177.1662 51.0000 1 M558
224.0792 97.0000 2 M551
46.1714 7.0000 2 M568
182.7756 239.0000 1 M538
127.3940 69.0000 2 M563
7.5619 9.0000 1 M574
180.9291 166.0000 2 M552
278.1473 435.0000 2 M516
57.2635 24.0000 2 M583
108.3427 120.0000 2 M571
97.7896 703.0000 2 M496
124.4279 757.0000 3 M488
180.1846 66.0000 1 M587
140.2190 775.0000 2 M487
233.4059 307.0000 2 M556
95.4708 6.0000 1 M598
388.2383 25.0000 1 M597
6.1709 2.0000 1 M601
140.9947 124.0000 3 M589
91.2010 16.0000 2 M605
225.8215 204.0000 2 M582
178.2499 82.0000 2 M599
242.6711 88.0000 2 M600
200.4004 31.0000 1 M611
30.3846 1.0000 1 M622
76.8223 60.0000 2 M616
272.8193 103.0000 2 M610
18.5036 35.0000 1 M621
138.9845 42.0000 1 M620
40.9595 17.0000 2 M625
11.1552 1.0000 1 M630
164.9284 41.0000 1 M632
187.6606 237.0000 2 M604
8.6381 26.0000 2 M637
280.9715 95.0000 2 M629
171.0963 61.0000 1 M634
160.7807 474.0000 3 M576
66.8819 31.0000 2 M640
201.5455 248.0000 3 M615
77.2652 52.0000 1 M656
284.4460 208.0000 1 M635
105.3065 130.0000 3 M648
288.0639 2099.0000 13 M374
211.6445 241.0000 4 M639
406.8058 60.0000 1 M672
328.6009 177.0000 2 M658
200.1778 232.0000 1 M650
52.5961 23.0000 1 M690
54.9377 181.0000 4 M668
29.0714 318.0000 2 M657
95.4813 149.0000 4 M684
234.8901 360.0000 4 M654
223.8610 91.0000 3 M694
215.9490 247.0000 2 M675
209.8232 74.0000 1 M703
535.7480 88.0000 1 M701
40.4185 1.0000 1 M714
346.1935 251.0000 2 M680
31.5946 33.0000 1 M718
246.6964 146.0000 3 M702
54.5000 20.0000 2 M722
401.1958 413.0000 2 M670
221.3733 330.0000 3 M682
268.8621 105.0000 2 M716
221.0071 187.0000 5 M707
407.4654 171.0000 3 M711
131.3319 427.0000 2 M676
90.6403 88.0000 2 M726
57.2591 48.0000 1 M738
334.5133 339.0000 1 M704
264.0652 271.0000 3 M720
171.0868 275.0000 4 M737
69.0628 23.0000 2 M774
36.1542 122.0000 3 M761
127.1329 28.0000 2 M778
29.3985 1.0000 1 M790
238.3605 53.0000 2 M789
79.4480 74.0000 1 M792
152.1243 66.0000 2 M798
224.0176 90.0000 1 M799
98.3050 56.0000 2 M804
339.8710 2734.0000 17 M436
395.9066 311.0000 2 M780
242.8424 272.0000 2 M788
41.7037 1.0000 1 M828
29.0441 22.0000 2 M829
186.2043 188.0000 2 M806
465.6859 171.0000 2 M811
105.1386 35.0000 1 M833
31.0668 1.0000 1 M841
54.0962 20.0000 2 M844
118.4242 64.0000 3 M839
312.8075 327.0000 3 M809
7.9632 1.0000 1 M859
183.4754 266.0000 4 M825
113.8629 82.0000 2 M851
3.6589 1029.0000 9 M723
271.0839 100.0000 2 M852
233.9439 56.0000 3 M860
188.2289 128.0000 2 M855
264.0737 581.0000 4 M795
323.9612 1527.0000 11 M666
252.7090 1567.0000 8 M661
257.0220 466.0000 6 M815
230.3629 175.0000 5 M857
153.6730 57.0000 1 M887
175.8662 189.0000 1 M868
181.1457 135.0000 1 M877
239.2935 1452.0000 3 M696
74.8856 176.0000 5 M874
87.4640 1176.0000 12 M739
249.7394 781.0000 6 M796
356.3418 1155.0000 6 M748
513.4354 123.0000 2 M891
106.6587 357.0000 3 M861
139.8694 155.0000 3 M890
283.0421 444.0000 5 M849
405.3885 208.0000 5 M885
447.8947 229.0000 2 M882
203.9641 98.0000 1 M900
3.1735 4.0000 1 M914
119.5773 13.0000 1 M916
177.7418 98.0000 2 M906
273.1444 451.0000 3 M858
224.5765 1054.0000 7 M777
48.7302 1.0000 1 M923
201.3590 305.0000 3 M881
249.9508 56.0000 1 M920
89.2730 24.0000 1 M925
15.5997 8.0000 1 M934
134.7100 46.0000 1 M930
121.6585 139.0000 1 M929
267.2773 263.0000 2 M913
103.6671 330.0000 1 M905
140.6159 124.0000 1 M939
48.2170 16.0000 1 M956
182.3725 387.0000 3 M907
108.1323 20.0000 1 M959
121.8231 549.0000 2 M888
77.1801 118.0000 2 M952
425.1814 105.0000 3 M957
64.0791 775.0000 3 M864
132.1637 200.0000 2 M946
159.7456 167.0000 2 M953
190.1179 128.0000 2 M960
282.6242 797.0000 3 M884
117.9992 199.0000 2 M969
223.9778 674.0000 3 M902
180.1815 52.0000 1 M992
20.7780 120.0000 2 M989
374.9915 80.0000 3 M997
244.8332 118.0000 3 M994
86.4774 148.0000 2 M990
103.9429 45.0000 2 M1005
58.1760 30.0000 2 M1009
136.9260 265.0000 2 M984
263.0647 75.0000 3 M1016
251.1039 966.0000 8 M893
18.7320 50.0000 1 M1027
124.9025 508.0000 2 M963
136.2429 475.0000 2 M968
176.1293 455.0000 5 M974
402.5334 196.0000 4 M1012
53.2167 40.0000 1 M1038
18.2290 27.0000 1 M1040
192.7922 46.0000 3 M1048
485.5205 82.0000 2 M1043
17.1601 1.0000 1 M1068
110.9418 132.0000 2 M1052
75.7830 394.0000 3 M1017
148.8558 19.0000 1 M1073
166.4442 228.0000 4 M1046
242.6740 282.0000 2 M1041
185.2101 132.0000 2 M1064
103.3643 19.0000 1 M1093
317.3102 485.0000 1 M1036
151.1982 474.0000 3 M1045
232.2521 540.0000 4 M1037
163.8541 243.0000 3 M1081
402.4867 238.0000 2 M1084
152.1342 708.0000 9 M1020
54.7377 54.0000 1 M1116
99.0620 8.0000 2 M1124
49.0966 200.0000 1 M1099
213.0553 122.0000 2 M1114
260.8076 203.0000 2 M1106
103.2871 90.0000 2 M1132
105.3005 86.0000 2 M1135
158.4286 154.0000 1 M1133
165.3185 235.0000 3 M1127
251.2608 183.0000 1 M1134
74.5483 274.0000 2 M1121
331.3859 122.0000 2 M1147
82.3979 17.0000 2 M1165
65.3454 987.0000 4 M1030
189.7478 170.0000 1 M1149
341.4586 355.0000 2 M1125
60.5617 139.0000 1 M1157
309.0886 271.0000 2 M1142
63.5453 9.0000 2 M1180
229.3186 755.0000 2 M1076
104.8094 271.0000 4 M1148
333.7326 33.0000 1 M1184
188.9813 78.0000 1 M1181
167.0146 229.0000 2 M1161
29.3921 1.0000 1 M1193
81.4547 41.0000 2 M1189
43.1057 1.0000 1 M1197
210.1491 983.0000 8 M1059
28.9775 1.0000 1 M1202
102.6519 232.0000 1 M1173
405.9334 368.0000 2 M1155
242.2792 78.0000 3 M1196
259.3175 125.0000 3 M1192
360.0304 285.0000 3 M1185
63.0553 42.0000 2 M1221
290.8674 841.0000 7 M1109
240.6035 102.0000 2 M1216
172.9952 86.0000 2 M1219
215.7825 310.0000 3 M1194
170.0481 66.0000 2 M1229
164.7136 56.0000 1 M1233
81.3183 39.0000 1 M1237
197.7591 172.0000 1 M1225
157.9124 104.0000 2 M1242
45.8064 1.0000 1 M1261
168.2886 202.0000 2 M1232
435.3753 668.0000 3 M1167
92.3300 119.0000 2 M1246
136.9176 371.0000 3 M1213
198.2347 77.0000 1 M1259
132.4323 653.0000 3 M1182
204.8772 504.0000 3 M1203
73.2678 17.0000 2 M1275
84.2422 139.0000 2 M1260
199.0739 81.0000 1 M1273
417.4820 201.0000 2 M1258
33.3925 34.0000 1 M1280
580.0815 69.0000 3 M1276
498.0505 418.0000 1 M1228
78.3198 22.0000 2 M1288
159.9772 50.0000 2 M1286
86.2206 74.0000 2 M1289
164.9264 31.0000 2 M1298
93.4614 55.0000 1 M1295
99.6821 95.0000 1 M1294
165.0465 100.0000 1 M1297
158.9043 217.0000 1 M1281
251.9535 277.0000 1 M1287
308.6083 157.0000 1 M1304
462.6623 110.0000 1 M1313
69.8577 67.0000 1 M1321
87.4347 158.0000 2 M1322
98.9333 457.0000 1 M1283
89.6323 376.0000 2 M1301
264.8235 103.0000 2 M1339
185.6133 678.0000 5 M1270
114.1756 142.0000 1 M1351
47.4343 21.0000 1 M1368
122.3418 673.0000 3 M1278
343.8930 73.0000 2 M1362
281.8205 296.0000 5 M1332
262.3246 352.0000 4 M1325
361.0520 26.0000 1 M1379
245.8245 556.0000 3 M1310
240.3841 440.0000 1 M1327
13.8469 9.0000 1 M1389
274.5329 300.0000 4 M1352
169.7989 369.0000 1 M1346
76.2285 63.0000 1 M1388
153.0210 349.0000 3 M1357
134.0423 699.0000 6 M1309
212.6973 364.0000 3 M1359
232.7752 -1.0000 -1 M81
530.8091 -1.0000 -1 M87
491.9995 -1.0000 -1 M89
352.4277 -1.0000 -1 M98
483.6477 -1.0000 -1 M810
529.1293 -1.0000 -1 M814
483.6176 -1.0000 -1 M813
498.1121 -1.0000 -1 M812
389.3185 -1.0000 -1 M819
320.7592 -1.0000 -1 M818
358.8857 -1.0000 -1 M817
380.9012 -1.0000 -1 M816
297.0237 -1.0000 -1 M800
314.5413 -1.0000 -1 M803
373.6221 -1.0000 -1 M802
408.3213 -1.0000 -1 M801
358.5659 -1.0000 -1 M808
233.1599 -1.0000 -1 M807
345.5605 -1.0000 -1 M805
601.5156 -1.0000 -1 M832
254.9885 -1.0000 -1 M831
472.0293 -1.0000 -1 M830
151.4286 -1.0000 -1 M837
247.5081 -1.0000 -1 M836
222.1296 -1.0000 -1 M835
492.9171 -1.0000 -1 M834
255.5059 -1.0000 -1 M838
391.3491 -1.0000 -1 M1305
253.1032 -1.0000 -1 M1306
300.1963 -1.0000 -1 M1307
252.3838 -1.0000 -1 M1308
305.9664 -1.0000 -1 M1302
495.0958 -1.0000 -1 M1303
219.6083 -1.0000 -1 M822
383.4701 -1.0000 -1 M821
317.8922 -1.0000 -1 M820
211.2596 -1.0000 -1 M826
315.3700 -1.0000 -1 M824
236.1485 -1.0000 -1 M823
172.0450 -1.0000 -1 M827
141.4914 -1.0000 -1 M1300
365.2775 -1.0000 -1 M850
311.6986 -1.0000 -1 M613
405.6775 -1.0000 -1 M612
275.3331 -1.0000 -1 M854
342.5176 -1.0000 -1 M853
169.8953 -1.0000 -1 M617
232.4432 -1.0000 -1 M614
320.6247 -1.0000 -1 M856
251.8027 -1.0000 -1 M619
230.7905 -1.0000 -1 M618
135.8702 -1.0000 -1 M840
223.2442 -1.0000 -1 M602
241.7649 -1.0000 -1 M843
130.9901 -1.0000 -1 M842
508.9224 -1.0000 -1 M606
471.3119 -1.0000 -1 M848
620.4327 -1.0000 -1 M847
440.8163 -1.0000 -1 M846
188.8497 -1.0000 -1 M603
279.8569 -1.0000 -1 M845
151.8540 -1.0000 -1 M609
574.7751 -1.0000 -1 M608
228.4574 -1.0000 -1 M607
200.8124 -1.0000 -1 M1338
437.1496 -1.0000 -1 M631
391.0785 -1.0000 -1 M873
144.8021 -1.0000 -1 M1334
119.1203 -1.0000 -1 M872
303.9934 -1.0000 -1 M1335
351.9907 -1.0000 -1 M871
266.2786 -1.0000 -1 M1336
694.4249 -1.0000 -1 M870
172.3572 -1.0000 -1 M1337
385.0708 -1.0000 -1 M5
404.7633 -1.0000 -1 M876
213.6636 -1.0000 -1 M633
661.5350 -1.0000 -1 M875
570.1547 -1.0000 -1 M638
113.0175 -1.0000 -1 M879
283.1780 -1.0000 -1 M636
343.0374 -1.0000 -1 M878
449.6116 -1.0000 -1 M1330
210.5412 -1.0000 -1 M1331
107.1298 -1.0000 -1 M1333
280.9643 -1.0000 -1 M1107
454.8343 -1.0000 -1 M1349
254.6932 -1.0000 -1 M1108
118.3425 -1.0000 -1 M862
363.9995 -1.0000 -1 M1103
435.9433 -1.0000 -1 M1345
426.9270 -1.0000 -1 M1104
175.8495 -1.0000 -1 M1105
602.1066 -1.0000 -1 M1347
459.0998 -1.0000 -1 M1348
141.2001 -1.0000 -1 M624
174.8419 -1.0000 -1 M866
49.0654 -1.0000 -1 M623
325.8559 -1.0000 -1 M865
140.2481 -1.0000 -1 M863
47.1158 -1.0000 -1 M628
627.2312 -1.0000 -1 M627
385.9509 -1.0000 -1 M869
256.9163 -1.0000 -1 M626
315.0542 -1.0000 -1 M867
601.9053 -1.0000 -1 M1341
262.8595 -1.0000 -1 M1100
189.3098 -1.0000 -1 M1342
490.9812 -1.0000 -1 M1101
202.3513 -1.0000 -1 M1343
482.4652 -1.0000 -1 M1102
121.0862 -1.0000 -1 M1344
322.3228 -1.0000 -1 M1340
207.8989 -1.0000 -1 M1316
354.3943 -1.0000 -1 M1317
92.0081 -1.0000 -1 M1318
122.9315 -1.0000 -1 M1319
312.2968 -1.0000 -1 M411
547.5436 -1.0000 -1 M653
264.1052 -1.0000 -1 M895
220.7951 -1.0000 -1 M1312
420.2607 -1.0000 -1 M410
135.8786 -1.0000 -1 M652
436.1148 -1.0000 -1 M894
471.3559 -1.0000 -1 M651
290.7175 -1.0000 -1 M1314
406.3315 -1.0000 -1 M892
453.1998 -1.0000 -1 M1315
251.0718 -1.0000 -1 M899
214.2054 -1.0000 -1 M414
189.9390 -1.0000 -1 M898
592.5254 -1.0000 -1 M413
281.1495 -1.0000 -1 M655
323.0127 -1.0000 -1 M897
470.0885 -1.0000 -1 M412
381.9125 -1.0000 -1 M896
280.1715 -1.0000 -1 M418
288.2194 -1.0000 -1 M417
537.7502 -1.0000 -1 M659
261.0684 -1.0000 -1 M416
309.0586 -1.0000 -1 M1311
112.7733 -1.0000 -1 M880
142.7600 -1.0000 -1 M1328
121.7763 -1.0000 -1 M1329
257.1871 -1.0000 -1 M400
304.4009 -1.0000 -1 M642
496.6156 -1.0000 -1 M1323
19.6672 -1.0000 -1 M641
454.6364 -1.0000 -1 M883
218.1569 -1.0000 -1 M1324
197.9248 -1.0000 -1 M1326
496.8517 -1.0000 -1 M404
587.6857 -1.0000 -1 M646
339.7756 -1.0000 -1 M403
472.3420 -1.0000 -1 M645
124.2189 -1.0000 -1 M402
284.0207 -1.0000 -1 M644
390.2864 -1.0000 -1 M886
301.7866 -1.0000 -1 M401
323.2351 -1.0000 -1 M643
185.7187 -1.0000 -1 M407
536.2398 -1.0000 -1 M649
164.2994 -1.0000 -1 M406
354.1620 -1.0000 -1 M647
279.4433 -1.0000 -1 M889
83.9309 -1.0000 -1 M409
624.0969 -1.0000 -1 M1320
601.2115 -1.0000 -1 M671
634.7681 -1.0000 -1 M1136
243.5358 -1.0000 -1 M1378
227.9822 -1.0000 -1 M674
142.6087 -1.0000 -1 M1137
388.3326 -1.0000 -1 M431
472.5253 -1.0000 -1 M673
499.8624 -1.0000 -1 M1138
272.8632 -1.0000 -1 M1139
244.9252 -1.0000 -1 M679
381.3949 -1.0000 -1 M678
261.8083 -1.0000 -1 M435
481.9408 -1.0000 -1 M677
141.4904 -1.0000 -1 M434
373.8695 -1.0000 -1 M439
332.1316 -1.0000 -1 M438
428.4759 -1.0000 -1 M1374
188.0451 -1.0000 -1 M1375
358.3134 -1.0000 -1 M1376
238.4908 -1.0000 -1 M1377
416.0641 -1.0000 -1 M1370
453.0678 -1.0000 -1 M1371
100.5800 -1.0000 -1 M1130
221.6582 -1.0000 -1 M1372
351.0735 -1.0000 -1 M1131
463.1764 -1.0000 -1 M1373
373.9812 -1.0000 -1 M660
349.1627 -1.0000 -1 M422
297.9905 -1.0000 -1 M664
415.5005 -1.0000 -1 M663
533.2857 -1.0000 -1 M420
108.9530 -1.0000 -1 M662
453.1480 -1.0000 -1 M426
202.0739 -1.0000 -1 M667
230.4960 -1.0000 -1 M424
245.1939 -1.0000 -1 M423
95.5487 -1.0000 -1 M665
130.3681 -1.0000 -1 M429
526.7796 -1.0000 -1 M669
416.0726 -1.0000 -1 M1380
232.4859 -1.0000 -1 M1143
480.3199 -1.0000 -1 M1385
471.6230 -1.0000 -1 M1144
47.5635 -1.0000 -1 M1386
449.5011 -1.0000 -1 M1145
230.6409 -1.0000 -1 M1387
468.8229 -1.0000 -1 M1146
318.7037 -1.0000 -1 M1381
614.7648 -1.0000 -1 M1140
545.8331 -1.0000 -1 M1382
408.9630 -1.0000 -1 M1141
243.6783 -1.0000 -1 M1383
110.7880 -1.0000 -1 M1384
307.8486 -1.0000 -1 M693
459.7662 -1.0000 -1 M1118
260.4371 -1.0000 -1 M692
354.2681 -1.0000 -1 M1119
204.0650 -1.0000 -1 M691
258.2918 -1.0000 -1 M213
482.0649 -1.0000 -1 M455
122.8880 -1.0000 -1 M697
379.0252 -1.0000 -1 M1356
282.9454 -1.0000 -1 M212
271.9275 -1.0000 -1 M1115
421.1074 -1.0000 -1 M453
387.9797 -1.0000 -1 M695
472.4339 -1.0000 -1 M1358
181.0672 -1.0000 -1 M210
463.2790 -1.0000 -1 M452
441.8731 -1.0000 -1 M1117
341.2380 -1.0000 -1 M216
458.1899 -1.0000 -1 M458
192.0962 -1.0000 -1 M215
221.5580 -1.0000 -1 M457
319.9693 -1.0000 -1 M699
245.0394 -1.0000 -1 M456
226.6238 -1.0000 -1 M698
382.4605 -1.0000 -1 M218
252.7336 -1.0000 -1 M1110
507.5526 -1.0000 -1 M1111
530.9224 -1.0000 -1 M1353
631.0704 -1.0000 -1 M1112
183.4630 -1.0000 -1 M1354
278.8539 -1.0000 -1 M1113
190.7145 -1.0000 -1 M1355
507.5078 -1.0000 -1 M1350
504.4052 -1.0000 -1 M440
438.1356 -1.0000 -1 M1129
189.3528 -1.0000 -1 M681
441.8949 -1.0000 -1 M686
194.8973 -1.0000 -1 M1367
226.8191 -1.0000 -1 M685
471.1122 -1.0000 -1 M1126
473.1839 -1.0000 -1 M200
199.9706 -1.0000 -1 M442
190.9209 -1.0000 -1 M1369
147.7812 -1.0000 -1 M441
651.7694 -1.0000 -1 M683
586.9291 -1.0000 -1 M1128
206.7963 -1.0000 -1 M447
506.5390 -1.0000 -1 M689
286.6325 -1.0000 -1 M446
553.0323 -1.0000 -1 M688
341.7213 -1.0000 -1 M445
661.1940 -1.0000 -1 M687
608.3410 -1.0000 -1 M209
332.0407 -1.0000 -1 M449
258.3154 -1.0000 -1 M1363
424.3214 -1.0000 -1 M1122
729.7232 -1.0000 -1 M1364
502.4775 -1.0000 -1 M1123
480.5495 -1.0000 -1 M1365
270.9032 -1.0000 -1 M1366
478.7895 -1.0000 -1 M1360
162.7353 -1.0000 -1 M1361
213.0601 -1.0000 -1 M1120
350.5400 -1.0000 -1 M231
464.3092 -1.0000 -1 M473
230.7751 -1.0000 -1 M230
199.8174 -1.0000 -1 M477
510.8375 -1.0000 -1 M476
509.0445 -1.0000 -1 M475
393.4238 -1.0000 -1 M474
314.1992 -1.0000 -1 M237
268.9529 -1.0000 -1 M236
555.6367 -1.0000 -1 M478
523.4316 -1.0000 -1 M1170
244.3396 -1.0000 -1 M1171
198.4207 -1.0000 -1 M1176
129.0769 -1.0000 -1 M1177
515.7420 -1.0000 -1 M1178
64.0133 -1.0000 -1 M1179
320.7224 -1.0000 -1 M480
341.1913 -1.0000 -1 M1172
355.3458 -1.0000 -1 M1174
143.8676 -1.0000 -1 M1175
254.1855 -1.0000 -1 M220
358.4019 -1.0000 -1 M462
277.5857 -1.0000 -1 M461
105.4446 -1.0000 -1 M460
429.4361 -1.0000 -1 M222
189.8816 -1.0000 -1 M463
437.7446 -1.0000 -1 M228
75.3204 -1.0000 -1 M469
271.0902 -1.0000 -1 M467
449.8724 -1.0000 -1 M1187
262.0903 -1.0000 -1 M1188
267.2076 -1.0000 -1 M1183
340.8840 -1.0000 -1 M1186
234.8494 -1.0000 -1 M253
262.2064 -1.0000 -1 M495
161.8460 -1.0000 -1 M251
164.1909 -1.0000 -1 M492
299.5846 -1.0000 -1 M1158
460.7292 -1.0000 -1 M498
569.9697 -1.0000 -1 M1159
268.7096 -1.0000 -1 M255
494.3300 -1.0000 -1 M254
389.2364 -1.0000 -1 M259
253.0325 -1.0000 -1 M1390
660.7706 -1.0000 -1 M1391
106.4747 -1.0000 -1 M1154
91.8188 -1.0000 -1 M1396
227.3204 -1.0000 -1 M1397
171.4410 -1.0000 -1 M1156
282.2006 -1.0000 -1 M1398
153.6952 -1.0000 -1 M1399
246.4967 -1.0000 -1 M1150
519.1862 -1.0000 -1 M1392
193.7037 -1.0000 -1 M1151
359.1487 -1.0000 -1 M1393
155.0260 -1.0000 -1 M1152
248.1331 -1.0000 -1 M1394
411.7181 -1.0000 -1 M1153
174.3359 -1.0000 -1 M1395
301.8879 -1.0000 -1 M484
234.0720 -1.0000 -1 M241
127.6615 -1.0000 -1 M483
462.2585 -1.0000 -1 M240
249.0451 -1.0000 -1 M482
279.0668 -1.0000 -1 M481
513.1653 -1.0000 -1 M1169
441.2925 -1.0000 -1 M244
93.2283 -1.0000 -1 M486
421.4104 -1.0000 -1 M243
79.7117 -1.0000 -1 M485
369.7131 -1.0000 -1 M249
424.6174 -1.0000 -1 M247
309.1469 -1.0000 -1 M489
368.4888 -1.0000 -1 M1160
266.8603 -1.0000 -1 M1166
209.8094 -1.0000 -1 M1168
162.4637 -1.0000 -1 M491
282.1814 -1.0000 -1 M490
530.2004 -1.0000 -1 M1162
142.9765 -1.0000 -1 M1163
222.4484 -1.0000 -1 M1164
199.0788 -1.0000 -1 M275
407.1160 -1.0000 -1 M274
230.5910 -1.0000 -1 M273
299.0605 -1.0000 -1 M277
256.7623 -1.0000 -1 M276
567.3815 -1.0000 -1 M282
74.9126 -1.0000 -1 M281
190.3352 -1.0000 -1 M280
363.0449 -1.0000 -1 M262
427.3024 -1.0000 -1 M261
483.6969 -1.0000 -1 M268
308.7074 -1.0000 -1 M265
318.1451 -1.0000 -1 M269
596.4101 -1.0000 -1 M294
27.4184 -1.0000 -1 M299
243.0961 -1.0000 -1 M1190
241.9790 -1.0000 -1 M1191
267.7438 -1.0000 -1 M1198
289.9318 -1.0000 -1 M1199
318.5021 -1.0000 -1 M1195
230.4907 -1.0000 -1 M286
423.7903 -1.0000 -1 M284
679.3517 -1.0000 -1 M289
266.2510 -1.0000 -1 M287
475.7541 -1.0000 -1 M292
280.9976 -1.0000 -1 M910
243.0635 -1.0000 -1 M912
492.2876 -1.0000 -1 M911
334.6429 -1.0000 -1 M918
556.7914 -1.0000 -1 M917
349.1592 -1.0000 -1 M915
228.6505 -1.0000 -1 M919
143.5024 -1.0000 -1 M903
109.0271 -1.0000 -1 M901
194.9051 -1.0000 -1 M904
396.0934 -1.0000 -1 M909
390.6980 -1.0000 -1 M908
369.0006 -1.0000 -1 M932
222.3993 -1.0000 -1 M931
463.5797 -1.0000 -1 M936
163.6875 -1.0000 -1 M935
226.5602 -1.0000 -1 M933
349.9604 -1.0000 -1 M938
82.2102 -1.0000 -1 M937
469.3493 -1.0000 -1 M921
417.9088 -1.0000 -1 M924
166.1705 -1.0000 -1 M922
391.2945 -1.0000 -1 M928
328.4200 -1.0000 -1 M927
468.0976 -1.0000 -1 M926
508.5262 -1.0000 -1 M950
219.5945 -1.0000 -1 M1411
205.0832 -1.0000 -1 M712
355.7960 -1.0000 -1 M954
198.5542 -1.0000 -1 M710
355.6413 -1.0000 -1 M951
171.8966 -1.0000 -1 M958
307.3066 -1.0000 -1 M715
236.3279 -1.0000 -1 M713
313.2896 -1.0000 -1 M955
530.4743 -1.0000 -1 M719
288.8440 -1.0000 -1 M717
297.1274 -1.0000 -1 M1410
256.6386 -1.0000 -1 M943
490.3090 -1.0000 -1 M700
267.4947 -1.0000 -1 M942
293.6003 -1.0000 -1 M941
262.8873 -1.0000 -1 M940
90.2699 -1.0000 -1 M705
74.7212 -1.0000 -1 M947
212.3390 -1.0000 -1 M945
204.3350 -1.0000 -1 M944
372.8212 -1.0000 -1 M709
626.0358 -1.0000 -1 M708
527.5954 -1.0000 -1 M949
350.4399 -1.0000 -1 M706
207.2681 -1.0000 -1 M948
206.5472 -1.0000 -1 M730
204.7021 -1.0000 -1 M972
217.2299 -1.0000 -1 M971
315.0746 -1.0000 -1 M970
456.3549 -1.0000 -1 M734
213.2350 -1.0000 -1 M976
499.7411 -1.0000 -1 M733
327.6850 -1.0000 -1 M975
432.6769 -1.0000 -1 M732
165.6196 -1.0000 -1 M731
154.1751 -1.0000 -1 M973
243.2125 -1.0000 -1 M979
398.4243 -1.0000 -1 M736
534.0482 -1.0000 -1 M978
344.0412 -1.0000 -1 M735
312.2583 -1.0000 -1 M977
75.8174 -1.0000 -1 M1404
433.8691 -1.0000 -1 M1405
437.6661 -1.0000 -1 M1406
311.2649 -1.0000 -1 M1407
247.7060 -1.0000 -1 M961
187.7499 -1.0000 -1 M1400
386.3395 -1.0000 -1 M1401
134.1936 -1.0000 -1 M1402
321.3431 -1.0000 -1 M1403
173.5490 -1.0000 -1 M965
514.4262 -1.0000 -1 M964
264.2730 -1.0000 -1 M721
198.7914 -1.0000 -1 M962
324.5334 -1.0000 -1 M727
140.0365 -1.0000 -1 M1408
136.6883 -1.0000 -1 M1409
335.8998 -1.0000 -1 M725
249.2053 -1.0000 -1 M967
353.7639 -1.0000 -1 M724
499.7788 -1.0000 -1 M966
451.1525 -1.0000 -1 M729
269.3730 -1.0000 -1 M728
224.9324 -1.0000 -1 M1217
453.4053 -1.0000 -1 M1218
364.7473 -1.0000 -1 M510
237.3571 -1.0000 -1 M752
170.8345 -1.0000 -1 M751
118.7549 -1.0000 -1 M993
463.3903 -1.0000 -1 M1214
464.8012 -1.0000 -1 M750
262.7787 -1.0000 -1 M1215
77.7430 -1.0000 -1 M991
303.1556 -1.0000 -1 M514
442.1385 -1.0000 -1 M756
146.6699 -1.0000 -1 M998
145.0233 -1.0000 -1 M513
166.5754 -1.0000 -1 M755
339.6527 -1.0000 -1 M512
325.9623 -1.0000 -1 M754
417.1519 -1.0000 -1 M996
289.2983 -1.0000 -1 M753
298.3648 -1.0000 -1 M995
170.7099 -1.0000 -1 M518
509.7400 -1.0000 -1 M759
462.0679 -1.0000 -1 M758
461.8831 -1.0000 -1 M757
249.4456 -1.0000 -1 M999
177.9108 -1.0000 -1 M1210
313.8434 -1.0000 -1 M1211
196.5698 -1.0000 -1 M1212
42.4754 -1.0000 -1 M741
154.9251 -1.0000 -1 M983
391.4439 -1.0000 -1 M1224
216.6796 -1.0000 -1 M740
478.9294 -1.0000 -1 M982
277.0791 -1.0000 -1 M981
458.3083 -1.0000 -1 M1226
264.7481 -1.0000 -1 M980
379.9207 -1.0000 -1 M1227
119.0779 -1.0000 -1 M503
333.9770 -1.0000 -1 M745
441.2919 -1.0000 -1 M987
152.4520 -1.0000 -1 M744
321.7522 -1.0000 -1 M986
323.0596 -1.0000 -1 M501
357.1731 -1.0000 -1 M743
355.4611 -1.0000 -1 M985
348.9971 -1.0000 -1 M742
228.1493 -1.0000 -1 M507
306.3029 -1.0000 -1 M749
597.4541 -1.0000 -1 M506
303.0190 -1.0000 -1 M747
533.3691 -1.0000 -1 M746
474.4062 -1.0000 -1 M988
297.2243 -1.0000 -1 M1220
194.9968 -1.0000 -1 M1222
489.2904 -1.0000 -1 M1223
232.7678 -1.0000 -1 M770
179.1166 -1.0000 -1 M532
426.1062 -1.0000 -1 M531
189.7882 -1.0000 -1 M773
591.1547 -1.0000 -1 M530
450.9462 -1.0000 -1 M772
280.0583 -1.0000 -1 M771
224.9970 -1.0000 -1 M536
437.0770 -1.0000 -1 M535
150.3497 -1.0000 -1 M776
493.1083 -1.0000 -1 M533
405.4429 -1.0000 -1 M775
127.6685 -1.0000 -1 M539
361.5007 -1.0000 -1 M779
497.0130 -1.0000 -1 M1206
350.0351 -1.0000 -1 M1207
180.8726 -1.0000 -1 M1208
148.1640 -1.0000 -1 M1209
322.1513 -1.0000 -1 M521
483.5302 -1.0000 -1 M763
343.2771 -1.0000 -1 M520
340.5520 -1.0000 -1 M762
206.8777 -1.0000 -1 M1204
436.5538 -1.0000 -1 M760
288.5093 -1.0000 -1 M1205
618.9224 -1.0000 -1 M525
396.8492 -1.0000 -1 M767
92.3607 -1.0000 -1 M766
108.5725 -1.0000 -1 M523
204.7828 -1.0000 -1 M765
345.7744 -1.0000 -1 M764
400.8740 -1.0000 -1 M529
70.1085 -1.0000 -1 M769
345.8096 -1.0000 -1 M768
460.2700 -1.0000 -1 M1200
168.9399 -1.0000 -1 M1201
257.7769 -1.0000 -1 M550
295.7307 -1.0000 -1 M1019
194.9588 -1.0000 -1 M791
377.4905 -1.0000 -1 M554
277.3974 -1.0000 -1 M1015
225.8110 -1.0000 -1 M1257
383.3188 -1.0000 -1 M311
328.1636 -1.0000 -1 M553
12.2093 -1.0000 -1 M310
293.6470 -1.0000 -1 M794
367.0496 -1.0000 -1 M793
466.9977 -1.0000 -1 M1018
162.7357 -1.0000 -1 M316
95.7033 -1.0000 -1 M557
487.3387 -1.0000 -1 M314
253.3608 -1.0000 -1 M313
246.4233 -1.0000 -1 M555
648.1345 -1.0000 -1 M797
311.7350 -1.0000 -1 M318
435.5198 -1.0000 -1 M317
409.3741 -1.0000 -1 M559
169.5232 -1.0000 -1 M1011
304.9049 -1.0000 -1 M1253
210.6565 -1.0000 -1 M1254
625.2461 -1.0000 -1 M1013
61.6151 -1.0000 -1 M1255
567.4979 -1.0000 -1 M1014
433.2708 -1.0000 -1 M1256
315.8846 -1.0000 -1 M1250
477.8187 -1.0000 -1 M1251
78.5082 -1.0000 -1 M1010
438.1848 -1.0000 -1 M1252
192.5715 -1.0000 -1 M781
164.4362 -1.0000 -1 M301
211.0267 -1.0000 -1 M543
387.6602 -1.0000 -1 M785
119.8778 -1.0000 -1 M1026
280.2482 -1.0000 -1 M1268
262.3844 -1.0000 -1 M300
214.9865 -1.0000 -1 M542
125.3226 -1.0000 -1 M784
366.5071 -1.0000 -1 M1269
354.7387 -1.0000 -1 M541
380.1801 -1.0000 -1 M783
378.6355 -1.0000 -1 M1028
60.6581 -1.0000 -1 M782
284.0725 -1.0000 -1 M1029
184.6254 -1.0000 -1 M305
223.7257 -1.0000 -1 M547
250.3767 -1.0000 -1 M546
368.1782 -1.0000 -1 M303
212.0133 -1.0000 -1 M545
96.7908 -1.0000 -1 M787
76.4414 -1.0000 -1 M302
225.9448 -1.0000 -1 M544
452.8481 -1.0000 -1 M786
216.8303 -1.0000 -1 M308
123.9494 -1.0000 -1 M307
250.2727 -1.0000 -1 M1022
238.3283 -1.0000 -1 M1264
364.1330 -1.0000 -1 M1023
375.6063 -1.0000 -1 M1265
223.4068 -1.0000 -1 M1024
472.6843 -1.0000 -1 M1266
636.7619 -1.0000 -1 M1025
313.8808 -1.0000 -1 M1267
275.1072 -1.0000 -1 M1262
138.5484 -1.0000 -1 M1021
314.6610 -1.0000 -1 M1263
291.1384 -1.0000 -1 M330
144.0465 -1.0000 -1 M572
311.8829 -1.0000 -1 M1239
557.6655 -1.0000 -1 M570
622.8564 -1.0000 -1 M334
315.0456 -1.0000 -1 M1235
484.3064 -1.0000 -1 M333
349.5078 -1.0000 -1 M575
383.8511 -1.0000 -1 M1236
253.0574 -1.0000 -1 M331
142.3534 -1.0000 -1 M573
324.6829 -1.0000 -1 M1238
336.3385 -1.0000 -1 M338
282.7448 -1.0000 -1 M337
248.6972 -1.0000 -1 M579
468.8481 -1.0000 -1 M578
207.1597 -1.0000 -1 M335
381.2956 -1.0000 -1 M577
541.3020 -1.0000 -1 M1231
261.5533 -1.0000 -1 M1234
427.6582 -1.0000 -1 M1230
500.4689 -1.0000 -1 M561
179.1213 -1.0000 -1 M1008
292.9252 -1.0000 -1 M565
463.7317 -1.0000 -1 M1004
288.6878 -1.0000 -1 M564
474.0176 -1.0000 -1 M1247
167.7048 -1.0000 -1 M1006
113.6550 -1.0000 -1 M1248
310.3769 -1.0000 -1 M320
525.2584 -1.0000 -1 M562
216.4277 -1.0000 -1 M1007
201.0882 -1.0000 -1 M1249
493.5193 -1.0000 -1 M569
91.7791 -1.0000 -1 M325
645.8679 -1.0000 -1 M567
339.7604 -1.0000 -1 M324
564.3445 -1.0000 -1 M566
339.3497 -1.0000 -1 M328
404.0951 -1.0000 -1 M1000
403.4959 -1.0000 -1 M1001
468.2701 -1.0000 -1 M1243
315.6510 -1.0000 -1 M1002
176.5346 -1.0000 -1 M1244
209.2923 -1.0000 -1 M1003
556.5610 -1.0000 -1 M1245
99.6954 -1.0000 -1 M1240
312.4246 -1.0000 -1 M1241
575.5858 -1.0000 -1 M110
219.2350 -1.0000 -1 M352
254.6866 -1.0000 -1 M594
396.7670 -1.0000 -1 M593
203.7565 -1.0000 -1 M350
438.7970 -1.0000 -1 M592
304.2768 -1.0000 -1 M591
108.9845 -1.0000 -1 M356
349.9655 -1.0000 -1 M113
171.6533 -1.0000 -1 M112
275.2556 -1.0000 -1 M596
608.8942 -1.0000 -1 M595
624.0035 -1.0000 -1 M118
515.5404 -1.0000 -1 M117
108.1658 -1.0000 -1 M358
424.3254 -1.0000 -1 M357
619.3891 -1.0000 -1 M119
203.8212 -1.0000 -1 M1290
309.5707 -1.0000 -1 M1291
52.0330 -1.0000 -1 M1050
520.9897 -1.0000 -1 M1292
386.8774 -1.0000 -1 M1055
67.6626 -1.0000 -1 M1056
361.3664 -1.0000 -1 M1057
438.9377 -1.0000 -1 M1299
93.5614 -1.0000 -1 M1058
141.8094 -1.0000 -1 M1051
179.0882 -1.0000 -1 M1293
388.2409 -1.0000 -1 M1053
151.3297 -1.0000 -1 M1054
511.6868 -1.0000 -1 M1296
375.6575 -1.0000 -1 M581
241.1200 -1.0000 -1 M580
243.6818 -1.0000 -1 M345
422.9027 -1.0000 -1 M102
407.4572 -1.0000 -1 M344
129.4162 -1.0000 -1 M586
246.4352 -1.0000 -1 M585
422.5827 -1.0000 -1 M100
501.9098 -1.0000 -1 M342
218.9161 -1.0000 -1 M584
332.4136 -1.0000 -1 M107
294.3819 -1.0000 -1 M349
600.7115 -1.0000 -1 M348
148.1220 -1.0000 -1 M346
344.3293 -1.0000 -1 M588
345.3275 -1.0000 -1 M1060
354.3142 -1.0000 -1 M1061
364.7651 -1.0000 -1 M1066
108.8758 -1.0000 -1 M1067
623.9674 -1.0000 -1 M1069
236.6880 -1.0000 -1 M590
381.1767 -1.0000 -1 M1062
284.1574 -1.0000 -1 M1063
335.3013 -1.0000 -1 M1065
458.3702 -1.0000 -1 M132
475.1114 -1.0000 -1 M130
540.2498 -1.0000 -1 M372
245.3368 -1.0000 -1 M371
500.3945 -1.0000 -1 M136
169.8427 -1.0000 -1 M1279
183.5285 -1.0000 -1 M377
198.3956 -1.0000 -1 M376
184.6226 -1.0000 -1 M1039
331.9889 -1.0000 -1 M133
331.3325 -1.0000 -1 M375
701.2235 -1.0000 -1 M139
319.6686 -1.0000 -1 M379
397.2958 -1.0000 -1 M1033
356.9312 -1.0000 -1 M1034
321.0205 -1.0000 -1 M1035
423.5701 -1.0000 -1 M1277
327.2208 -1.0000 -1 M381
539.2555 -1.0000 -1 M1271
347.6454 -1.0000 -1 M380
310.0781 -1.0000 -1 M1272
244.5544 -1.0000 -1 M1031
386.5348 -1.0000 -1 M1032
499.1351 -1.0000 -1 M1274
150.7620 -1.0000 -1 M363
439.3412 -1.0000 -1 M362
438.8222 -1.0000 -1 M361
178.9182 -1.0000 -1 M360
568.9222 -1.0000 -1 M124
218.7871 -1.0000 -1 M366
292.1586 -1.0000 -1 M1049
224.8466 -1.0000 -1 M123
390.0578 -1.0000 -1 M365
149.4749 -1.0000 -1 M364
525.0232 -1.0000 -1 M127
826.6780 -1.0000 -1 M126
450.0211 -1.0000 -1 M368
388.2179 -1.0000 -1 M1044
227.6175 -1.0000 -1 M1047
248.7333 -1.0000 -1 M370
427.6431 -1.0000 -1 M1282
444.5012 -1.0000 -1 M1042
333.1541 -1.0000 -1 M1284
193.8753 -1.0000 -1 M1285
464.9966 -1.0000 -1 M394
320.4844 -1.0000 -1 M393
559.4297 -1.0000 -1 M157
510.6208 -1.0000 -1 M399
408.2424 -1.0000 -1 M397
639.5202 -1.0000 -1 M159
386.2097 -1.0000 -1 M1091
253.4391 -1.0000 -1 M1092
366.8655 -1.0000 -1 M1094
281.7627 -1.0000 -1 M1090
426.7936 -1.0000 -1 M1095
431.3547 -1.0000 -1 M160
153.0122 -1.0000 -1 M1096
178.2299 -1.0000 -1 M1097
287.9396 -1.0000 -1 M1098
464.1420 -1.0000 -1 M143
219.3694 -1.0000 -1 M385
517.7362 -1.0000 -1 M142
376.2594 -1.0000 -1 M383
306.1743 -1.0000 -1 M382
453.7882 -1.0000 -1 M389
424.4744 -1.0000 -1 M146
187.5680 -1.0000 -1 M388
366.4191 -1.0000 -1 M387
336.5710 -1.0000 -1 M392
268.9199 -1.0000 -1 M391
186.0415 -1.0000 -1 M390
422.2762 -1.0000 -1 M174
594.9135 -1.0000 -1 M179
240.4069 -1.0000 -1 M1070
159.0267 -1.0000 -1 M1071
222.2136 -1.0000 -1 M1072
252.7496 -1.0000 -1 M1077
191.5544 -1.0000 -1 M1078
226.7311 -1.0000 -1 M1079
553.4427 -1.0000 -1 M182
180.6343 -1.0000 -1 M1074
266.2168 -1.0000 -1 M1075
264.6469 -1.0000 -1 M163
344.3459 -1.0000 -1 M162
195.0723 -1.0000 -1 M166
167.7331 -1.0000 -1 M1080
578.0732 -1.0000 -1 M36
419.5985 -1.0000 -1 M1082
506.8388 -1.0000 -1 M38
136.4384 -1.0000 -1 M1083
338.0167 -1.0000 -1 M1088
297.5906 -1.0000 -1 M1089
300.7653 -1.0000 -1 M171
263.5589 -1.0000 -1 M1085
255.6132 -1.0000 -1 M170
497.3669 -1.0000 -1 M1086
354.5517 -1.0000 -1 M1087
325.8655 -1.0000 -1 M198
137.6972 -1.0000 -1 M196
396.9540 -1.0000 -1 M46
580.2084 -1.0000 -1 M185
396.3420 -1.0000 -1 M188
576.8309 -1.0000 -1 M52
294.2799 -1.0000 -1 M190
147.4979 -1.0000 -1 M192
754.5075 -1.0000 -1 M61
628.8108 -1.0000 -1 M64
450.3447 -1.0000 -1 M72
