# messageDelay  cumulativeProbability
2.0000 0.0007
2.0000 0.0014
2.0000 0.0021
2.0000 0.0028
2.0000 0.0035
2.0000 0.0043
2.0000 0.0050
2.0000 0.0057
2.0000 0.0064
2.0000 0.0071
2.0000 0.0078
2.0000 0.0085
3.0000 0.0092
3.0000 0.0099
3.0000 0.0106
3.0000 0.0113
3.0000 0.0120
3.0000 0.0128
3.0000 0.0135
3.0000 0.0142
3.0000 0.0149
3.0000 0.0156
3.0000 0.0163
3.0000 0.0170
3.0000 0.0177
3.0000 0.0184
4.0000 0.0191
4.0000 0.0198
4.0000 0.0206
4.0000 0.0213
4.0000 0.0220
5.0000 0.0227
6.0000 0.0234
6.0000 0.0241
7.0000 0.0248
7.0000 0.0255
7.0000 0.0262
10.0000 0.0269
10.0000 0.0276
10.0000 0.0283
12.0000 0.0291
12.0000 0.0298
13.0000 0.0305
14.0000 0.0312
14.0000 0.0319
15.0000 0.0326
16.0000 0.0333
16.0000 0.0340
16.0000 0.0347
16.0000 0.0354
17.0000 0.0361
18.0000 0.0369
18.0000 0.0376
19.0000 0.0383
19.0000 0.0390
20.0000 0.0397
21.0000 0.0404
21.0000 0.0411
21.0000 0.0418
21.0000 0.0425
23.0000 0.0432
24.0000 0.0439
26.0000 0.0446
27.0000 0.0454
27.0000 0.0461
28.0000 0.0468
29.0000 0.0475
29.0000 0.0482
30.0000 0.0489
30.0000 0.0496
30.0000 0.0503
31.0000 0.0510
31.0000 0.0517
31.0000 0.0524
31.0000 0.0532
31.0000 0.0539
32.0000 0.0546
33.0000 0.0553
34.0000 0.0560
34.0000 0.0567
35.0000 0.0574
36.0000 0.0581
36.0000 0.0588
36.0000 0.0595
37.0000 0.0602
39.0000 0.0609
40.0000 0.0617
40.0000 0.0624
40.0000 0.0631
42.0000 0.0638
42.0000 0.0645
42.0000 0.0652
43.0000 0.0659
44.0000 0.0666
44.0000 0.0673
45.0000 0.0680
45.0000 0.0687
46.0000 0.0695
47.0000 0.0702
47.0000 0.0709
47.0000 0.0716
48.0000 0.0723
48.0000 0.0730
51.0000 0.0737
51.0000 0.0744
52.0000 0.0751
52.0000 0.0758
52.0000 0.0765
53.0000 0.0773
53.0000 0.0780
54.0000 0.0787
55.0000 0.0794
56.0000 0.0801
57.0000 0.0808
57.0000 0.0815
57.0000 0.0822
57.0000 0.0829
58.0000 0.0836
58.0000 0.0843
58.0000 0.0850
59.0000 0.0858
60.0000 0.0865
61.0000 0.0872
63.0000 0.0879
63.0000 0.0886
63.0000 0.0893
64.0000 0.0900
64.0000 0.0907
65.0000 0.0914
65.0000 0.0921
65.0000 0.0928
65.0000 0.0936
66.0000 0.0943
67.0000 0.0950
69.0000 0.0957
71.0000 0.0964
71.0000 0.0971
72.0000 0.0978
72.0000 0.0985
73.0000 0.0992
74.0000 0.0999
75.0000 0.1006
75.0000 0.1013
75.0000 0.1021
76.0000 0.1028
76.0000 0.1035
76.0000 0.1042
77.0000 0.1049
78.0000 0.1056
78.0000 0.1063
78.0000 0.1070
78.0000 0.1077
78.0000 0.1084
81.0000 0.1091
82.0000 0.1099
85.0000 0.1106
85.0000 0.1113
85.0000 0.1120
85.0000 0.1127
86.0000 0.1134
87.0000 0.1141
88.0000 0.1148
89.0000 0.1155
93.0000 0.1162
93.0000 0.1169
93.0000 0.1176
94.0000 0.1184
94.0000 0.1191
95.0000 0.1198
96.0000 0.1205
96.0000 0.1212
96.0000 0.1219
97.0000 0.1226
98.0000 0.1233
98.0000 0.1240
98.0000 0.1247
99.0000 0.1254
100.0000 0.1262
100.0000 0.1269
101.0000 0.1276
102.0000 0.1283
102.0000 0.1290
102.0000 0.1297
103.0000 0.1304
103.0000 0.1311
103.0000 0.1318
104.0000 0.1325
105.0000 0.1332
105.0000 0.1339
105.0000 0.1347
107.0000 0.1354
107.0000 0.1361
108.0000 0.1368
109.0000 0.1375
109.0000 0.1382
112.0000 0.1389
113.0000 0.1396
115.0000 0.1403
115.0000 0.1410
116.0000 0.1417
116.0000 0.1425
116.0000 0.1432
117.0000 0.1439
117.0000 0.1446
117.0000 0.1453
117.0000 0.1460
118.0000 0.1467
120.0000 0.1474
121.0000 0.1481
121.0000 0.1488
124.0000 0.1495
125.0000 0.1502
125.0000 0.1510
126.0000 0.1517
126.0000 0.1524
126.0000 0.1531
126.0000 0.1538
127.0000 0.1545
127.0000 0.1552
128.0000 0.1559
128.0000 0.1566
129.0000 0.1573
129.0000 0.1580
129.0000 0.1588
133.0000 0.1595
135.0000 0.1602
135.0000 0.1609
135.0000 0.1616
138.0000 0.1623
139.0000 0.1630
139.0000 0.1637
140.0000 0.1644
140.0000 0.1651
142.0000 0.1658
142.0000 0.1665
144.0000 0.1673
144.0000 0.1680
146.0000 0.1687
146.0000 0.1694
147.0000 0.1701
148.0000 0.1708
148.0000 0.1715
148.0000 0.1722
150.0000 0.1729
151.0000 0.1736
152.0000 0.1743
152.0000 0.1751
152.0000 0.1758
155.0000 0.1765
156.0000 0.1772
156.0000 0.1779
157.0000 0.1786
158.0000 0.1793
158.0000 0.1800
160.0000 0.1807
160.0000 0.1814
160.0000 0.1821
161.0000 0.1828
164.0000 0.1836
165.0000 0.1843
165.0000 0.1850
167.0000 0.1857
168.0000 0.1864
170.0000 0.1871
171.0000 0.1878
171.0000 0.1885
171.0000 0.1892
173.0000 0.1899
174.0000 0.1906
175.0000 0.1914
176.0000 0.1921
176.0000 0.1928
176.0000 0.1935
177.0000 0.1942
177.0000 0.1949
178.0000 0.1956
178.0000 0.1963
179.0000 0.1970
180.0000 0.1977
180.0000 0.1984
180.0000 0.1991
181.0000 0.1999
181.0000 0.2006
183.0000 0.2013
185.0000 0.2020
187.0000 0.2027
188.0000 0.2034
189.0000 0.2041
190.0000 0.2048
190.0000 0.2055
191.0000 0.2062
191.0000 0.2069
192.0000 0.2077
193.0000 0.2084
194.0000 0.2091
195.0000 0.2098
196.0000 0.2105
196.0000 0.2112
197.0000 0.2119
198.0000 0.2126
199.0000 0.2133
199.0000 0.2140
201.0000 0.2147
201.0000 0.2155
203.0000 0.2162
203.0000 0.2169
203.0000 0.2176
204.0000 0.2183
204.0000 0.2190
204.0000 0.2197
205.0000 0.2204
205.0000 0.2211
206.0000 0.2218
207.0000 0.2225
208.0000 0.2232
208.0000 0.2240
208.0000 0.2247
208.0000 0.2254
211.0000 0.2261
216.0000 0.2268
217.0000 0.2275
219.0000 0.2282
219.0000 0.2289
219.0000 0.2296
221.0000 0.2303
221.0000 0.2310
221.0000 0.2318
225.0000 0.2325
225.0000 0.2332
225.0000 0.2339
226.0000 0.2346
227.0000 0.2353
228.0000 0.2360
229.0000 0.2367
231.0000 0.2374
232.0000 0.2381
232.0000 0.2388
233.0000 0.2395
234.0000 0.2403
234.0000 0.2410
235.0000 0.2417
235.0000 0.2424
236.0000 0.2431
237.0000 0.2438
237.0000 0.2445
241.0000 0.2452
241.0000 0.2459
241.0000 0.2466
242.0000 0.2473
243.0000 0.2481
246.0000 0.2488
246.0000 0.2495
246.0000 0.2502
248.0000 0.2509
249.0000 0.2516
251.0000 0.2523
251.0000 0.2530
251.0000 0.2537
252.0000 0.2544
252.0000 0.2551
253.0000 0.2558
256.0000 0.2566
257.0000 0.2573
258.0000 0.2580
259.0000 0.2587
259.0000 0.2594
260.0000 0.2601
263.0000 0.2608
264.0000 0.2615
265.0000 0.2622
265.0000 0.2629
266.0000 0.2636
268.0000 0.2644
269.0000 0.2651
269.0000 0.2658
272.0000 0.2665
273.0000 0.2672
273.0000 0.2679
274.0000 0.2686
274.0000 0.2693
275.0000 0.2700
278.0000 0.2707
280.0000 0.2714
281.0000 0.2721
281.0000 0.2729
282.0000 0.2736
283.0000 0.2743
284.0000 0.2750
284.0000 0.2757
287.0000 0.2764
289.0000 0.2771
290.0000 0.2778
291.0000 0.2785
292.0000 0.2792
294.0000 0.2799
294.0000 0.2807
296.0000 0.2814
297.0000 0.2821
297.0000 0.2828
299.0000 0.2835
302.0000 0.2842
302.0000 0.2849
305.0000 0.2856
305.0000 0.2863
308.0000 0.2870
308.0000 0.2877
309.0000 0.2884
309.0000 0.2892
309.0000 0.2899
310.0000 0.2906
313.0000 0.2913
316.0000 0.2920
316.0000 0.2927
317.0000 0.2934
320.0000 0.2941
324.0000 0.2948
326.0000 0.2955
326.0000 0.2962
331.0000 0.2970
331.0000 0.2977
332.0000 0.2984
332.0000 0.2991
333.0000 0.2998
333.0000 0.3005
333.0000 0.3012
333.0000 0.3019
334.0000 0.3026
337.0000 0.3033
338.0000 0.3040
338.0000 0.3047
339.0000 0.3055
339.0000 0.3062
340.0000 0.3069
341.0000 0.3076
343.0000 0.3083
344.0000 0.3090
346.0000 0.3097
347.0000 0.3104
348.0000 0.3111
352.0000 0.3118
357.0000 0.3125
359.0000 0.3133
360.0000 0.3140
362.0000 0.3147
362.0000 0.3154
365.0000 0.3161
365.0000 0.3168
367.0000 0.3175
369.0000 0.3182
373.0000 0.3189
373.0000 0.3196
374.0000 0.3203
378.0000 0.3210
381.0000 0.3218
382.0000 0.3225
383.0000 0.3232
384.0000 0.3239
384.0000 0.3246
384.0000 0.3253
386.0000 0.3260
388.0000 0.3267
388.0000 0.3274
389.0000 0.3281
389.0000 0.3288
390.0000 0.3296
392.0000 0.3303
396.0000 0.3310
397.0000 0.3317
402.0000 0.3324
406.0000 0.3331
409.0000 0.3338
414.0000 0.3345
414.0000 0.3352
415.0000 0.3359
416.0000 0.3366
416.0000 0.3373
416.0000 0.3381
423.0000 0.3388
431.0000 0.3395
433.0000 0.3402
438.0000 0.3409
439.0000 0.3416
440.0000 0.3423
444.0000 0.3430
446.0000 0.3437
447.0000 0.3444
449.0000 0.3451
449.0000 0.3459
452.0000 0.3466
456.0000 0.3473
459.0000 0.3480
462.0000 0.3487
463.0000 0.3494
470.0000 0.3501
470.0000 0.3508
473.0000 0.3515
477.0000 0.3522
478.0000 0.3529
479.0000 0.3536
480.0000 0.3544
481.0000 0.3551
482.0000 0.3558
482.0000 0.3565
482.0000 0.3572
485.0000 0.3579
488.0000 0.3586
496.0000 0.3593
496.0000 0.3600
499.0000 0.3607
502.0000 0.3614
502.0000 0.3622
509.0000 0.3629
512.0000 0.3636
513.0000 0.3643
513.0000 0.3650
518.0000 0.3657
518.0000 0.3664
523.0000 0.3671
527.0000 0.3678
533.0000 0.3685
534.0000 0.3692
539.0000 0.3700
541.0000 0.3707
545.0000 0.3714
550.0000 0.3721
550.0000 0.3728
554.0000 0.3735
554.0000 0.3742
558.0000 0.3749
566.0000 0.3756
566.0000 0.3763
569.0000 0.3770
572.0000 0.3777
577.0000 0.3785
581.0000 0.3792
583.0000 0.3799
598.0000 0.3806
603.0000 0.3813
605.0000 0.3820
611.0000 0.3827
612.0000 0.3834
616.0000 0.3841
623.0000 0.3848
624.0000 0.3855
625.0000 0.3863
633.0000 0.3870
634.0000 0.3877
636.0000 0.3884
637.0000 0.3891
640.0000 0.3898
641.0000 0.3905
650.0000 0.3912
654.0000 0.3919
664.0000 0.3926
665.0000 0.3933
670.0000 0.3940
677.0000 0.3948
685.0000 0.3955
686.0000 0.3962
690.0000 0.3969
691.0000 0.3976
691.0000 0.3983
692.0000 0.3990
693.0000 0.3997
703.0000 0.4004
709.0000 0.4011
713.0000 0.4018
722.0000 0.4026
724.0000 0.4033
729.0000 0.4040
731.0000 0.4047
740.0000 0.4054
745.0000 0.4061
751.0000 0.4068
767.0000 0.4075
781.0000 0.4082
794.0000 0.4089
800.0000 0.4096
833.0000 0.4103
868.0000 0.4111
868.0000 0.4118
873.0000 0.4125
873.0000 0.4132
873.0000 0.4139
884.0000 0.4146
888.0000 0.4153
899.0000 0.4160
899.0000 0.4167
906.0000 0.4174
915.0000 0.4181
930.0000 0.4189
932.0000 0.4196
948.0000 0.4203
953.0000 0.4210
977.0000 0.4217
995.0000 0.4224
1017.0000 0.4231
1037.0000 0.4238
1075.0000 0.4245
1081.0000 0.4252
1082.0000 0.4259
1106.0000 0.4266
1114.0000 0.4274
1149.0000 0.4281
1189.0000 0.4288
1224.0000 0.4295
1250.0000 0.4302
1252.0000 0.4309
1284.0000 0.4316
1296.0000 0.4323
1306.0000 0.4330
1450.0000 0.4337
1455.0000 0.4344
1458.0000 0.4352
1501.0000 0.4359
1530.0000 0.4366
1607.0000 0.4373
1791.0000 0.4380
1805.0000 0.4387
3878.0000 0.4394
