# Scenario da2_maxprop2
# distance at msg send, delivery time, hop count, MSG_ID
43.5523 2.0000 1 M12
101.7647 113.0000 3 M6
230.8805 16.0000 1 M22
1.9657 2.0000 1 M26
101.4562 18.0000 6 M25
211.3722 19.0000 8 M31
350.0777 59.0000 2 M28
282.8726 39.0000 3 M35
274.1445 180.0000 2 M15
369.3343 163.0000 3 M20
186.2468 211.0000 4 M16
140.0809 262.0000 3 M13
272.7154 355.0000 6 M3
493.7789 400.0000 4 M1
171.6993 104.0000 5 M43
66.7195 18.0000 3 M60
281.4473 14.0000 3 M62
70.0031 9.0000 2 M65
293.7744 228.0000 3 M40
316.0716 395.0000 1 M17
299.8346 335.0000 3 M27
249.3785 357.0000 4 M24
150.6845 116.0000 3 M59
214.0168 311.0000 4 M33
29.8161 5.0000 1 M80
53.4334 6.0000 2 M82
394.5811 327.0000 4 M41
280.7793 100.0000 2 M79
385.0708 630.0000 9 M5
127.6976 572.0000 2 M14
149.0709 42.0000 3 M88
216.6734 538.0000 2 M19
561.6234 188.0000 2 M69
206.9917 201.0000 7 M68
216.8735 422.0000 3 M37
510.3749 193.0000 5 M70
474.7254 357.0000 2 M47
395.8026 542.0000 2 M21
512.2855 154.0000 4 M77
376.7660 296.0000 4 M57
555.9671 390.0000 6 M44
117.3508 41.0000 4 M92
330.5456 575.0000 2 M18
350.0309 245.0000 4 M66
373.8700 651.0000 7 M8
438.4279 647.0000 6 M9
203.3015 327.0000 9 M55
776.0012 511.0000 4 M30
572.9417 373.0000 8 M49
261.4848 135.0000 3 M84
356.9096 217.0000 6 M74
194.9640 380.0000 2 M53
311.9276 63.0000 3 M99
397.3981 724.0000 2 M7
596.4131 518.0000 10 M39
166.0134 180.0000 3 M86
351.0246 634.0000 4 M23
284.9636 499.0000 4 M42
209.7115 409.0000 2 M56
199.6743 205.0000 3 M85
112.3025 163.0000 4 M91
193.9447 72.0000 5 M105
327.4486 352.0000 3 M67
594.4050 751.0000 6 M10
342.9391 325.0000 3 M71
215.6022 461.0000 6 M54
85.5728 118.0000 3 M101
352.4277 149.0000 3 M98
140.9055 533.0000 2 M48
311.3657 518.0000 4 M51
275.0950 369.0000 5 M73
198.8988 162.0000 2 M103
180.3140 873.0000 2 M4
257.0202 829.0000 2 M11
332.4136 151.0000 2 M107
129.7199 125.0000 3 M111
104.2110 55.0000 1 M122
754.5075 495.0000 5 M61
458.5401 201.0000 8 M104
246.9571 175.0000 1 M108
273.0906 36.0000 2 M129
72.3044 306.0000 2 M90
168.1586 287.0000 3 M94
28.6580 9.0000 1 M140
273.8319 759.0000 4 M34
255.5067 42.0000 3 M137
320.0449 155.0000 3 M121
416.4302 343.0000 6 M95
628.8108 576.0000 6 M64
394.6089 712.0000 4 M45
195.2689 287.0000 3 M106
485.4688 143.0000 5 M128
261.8291 527.0000 1 M76
396.9540 748.0000 10 M46
420.1918 69.0000 6 M145
576.8309 716.0000 8 M52
48.7124 2.0000 1 M154
287.6223 84.0000 3 M144
515.5404 265.0000 6 M117
637.0811 895.0000 6 M29
99.5089 15.0000 1 M155
92.8143 42.0000 2 M153
509.9637 313.0000 4 M115
381.3233 226.0000 6 M131
92.2838 106.0000 2 M152
321.8478 402.0000 4 M109
246.5276 71.0000 7 M158
417.8256 519.0000 1 M93
171.6533 394.0000 12 M112
39.7313 12.0000 2 M167
335.0038 134.0000 3 M151
307.7532 602.0000 6 M83
509.8821 251.0000 3 M134
222.0418 205.0000 5 M141
232.7752 622.0000 7 M81
147.8204 82.0000 3 M161
195.0723 43.0000 3 M166
371.7244 266.0000 3 M135
170.2097 251.0000 4 M138
360.2795 348.0000 2 M125
214.8935 384.0000 2 M120
178.6095 436.0000 2 M114
98.9767 21.0000 3 M175
69.7966 707.0000 2 M78
575.2835 742.0000 8 M75
55.1960 4.0000 1 M181
273.1986 84.0000 2 M169
200.5747 42.0000 3 M176
269.4994 188.0000 3 M156
246.9467 29.0000 1 M180
170.7809 110.0000 4 M168
316.0090 79.0000 4 M173
193.1722 272.0000 3 M147
461.9632 1290.0000 3 M2
500.3945 358.0000 4 M136
136.7353 19.0000 2 M186
126.1038 53.0000 4 M184
578.0732 1092.0000 4 M36
300.7653 143.0000 6 M171
128.9700 313.0000 4 M150
179.3543 211.0000 4 M164
506.8388 1100.0000 5 M38
331.9889 438.0000 9 M133
450.3447 867.0000 10 M72
126.5953 131.0000 3 M178
684.6804 693.0000 2 M97
255.6132 192.0000 2 M170
3.9244 12.0000 2 M197
196.0625 98.0000 3 M187
284.7728 169.0000 6 M177
235.0056 23.0000 3 M199
326.2359 975.0000 6 M63
231.2829 1067.0000 6 M50
475.1114 507.0000 9 M130
424.4744 402.0000 5 M146
298.2924 142.0000 4 M183
147.2537 44.0000 5 M201
9.5979 2.0000 1 M206
179.6725 13.0000 1 M205
147.4979 108.0000 4 M192
264.6469 309.0000 8 M163
559.4297 356.0000 3 M157
568.9222 584.0000 3 M124
112.6866 96.0000 2 M195
290.0850 301.0000 4 M165
224.8466 608.0000 3 M123
585.1632 659.0000 4 M116
365.1460 792.0000 3 M96
325.8655 119.0000 4 M198
321.4900 17.0000 1 M211
464.1420 507.0000 7 M143
517.7362 516.0000 7 M142
144.8050 90.0000 3 M203
826.6780 622.0000 6 M126
422.9027 784.0000 7 M102
316.4389 166.0000 1 M193
279.9711 481.0000 4 M149
639.5202 409.0000 4 M159
42.8959 21.0000 1 M214
294.2799 203.0000 4 M190
162.4350 120.0000 2 M202
79.1977 193.0000 3 M194
701.2235 593.0000 5 M139
181.0672 92.0000 5 M210
126.6407 38.0000 1 M217
624.0035 736.0000 7 M118
431.3547 458.0000 8 M160
241.5481 135.0000 2 M207
344.3459 461.0000 7 M162
237.7552 170.0000 4 M204
209.9788 28.0000 2 M223
151.4537 43.0000 2 M221
491.9995 969.0000 3 M89
60.4977 29.0000 3 M224
137.6972 239.0000 3 M196
192.0962 104.0000 3 M215
35.9934 7.0000 1 M229
396.3420 321.0000 9 M188
312.0307 49.0000 1 M227
499.6542 623.0000 6 M148
135.2666 191.0000 3 M208
594.9135 404.0000 10 M179
575.5858 876.0000 10 M110
349.9655 858.0000 8 M113
530.8091 1038.0000 6 M87
743.5056 1441.0000 10 M32
422.2762 469.0000 4 M174
580.2084 412.0000 6 M185
283.6215 501.0000 3 M172
282.9454 216.0000 4 M212
150.6350 373.0000 5 M191
129.6593 165.0000 4 M219
458.3702 782.0000 9 M132
258.2918 214.0000 2 M213
348.0030 396.0000 3 M189
422.5827 1003.0000 10 M100
635.8351 1313.0000 7 M58
37.4106 6.0000 1 M245
237.0125 54.0000 3 M239
299.1517 69.0000 4 M238
619.3891 914.0000 11 M119
236.3065 126.0000 3 M232
234.0720 70.0000 7 M241
553.4427 500.0000 11 M182
473.1839 388.0000 7 M200
230.7751 173.0000 9 M230
525.0232 904.0000 4 M127
382.4605 265.0000 6 M218
144.5178 78.0000 3 M250
608.3410 374.0000 6 M209
429.4361 282.0000 5 M222
295.8361 198.0000 1 M235
218.9576 262.0000 2 M226
154.1504 207.0000 6 M234
257.8995 217.0000 4 M233
234.8494 86.0000 4 M253
331.8331 137.0000 3 M246
135.6526 163.0000 3 M242
441.2925 155.0000 7 M244
87.7969 23.0000 1 M264
341.2380 385.0000 6 M216
361.5241 323.0000 7 M225
2.1561 2.0000 1 M270
395.5088 37.0000 3 M267
437.7446 336.0000 4 M228
192.0220 200.0000 4 M248
92.7174 24.0000 5 M272
462.2585 264.0000 5 M240
268.9529 303.0000 4 M236
82.7264 202.0000 3 M252
350.5400 362.0000 5 M231
151.7384 133.0000 3 M263
164.7091 75.0000 2 M271
135.8306 43.0000 3 M278
223.8528 174.0000 5 M260
389.2364 189.0000 4 M259
188.9471 218.0000 3 M256
421.4104 313.0000 5 M243
422.8052 218.0000 3 M258
190.3352 61.0000 4 M280
176.0887 52.0000 4 M283
483.6969 160.0000 4 M268
424.6174 321.0000 5 M247
254.1855 520.0000 7 M220
128.7948 118.0000 2 M279
86.3479 15.0000 3 M295
37.8651 2.0000 1 M297
230.4907 84.0000 2 M286
169.5282 41.0000 5 M293
104.1354 57.0000 5 M291
167.8294 102.0000 4 M285
172.8893 93.0000 3 M288
27.4184 14.0000 1 M299
230.5910 198.0000 5 M273
292.4572 251.0000 2 M266
20.2086 2.0000 1 M304
256.7623 207.0000 5 M276
164.4362 41.0000 4 M301
239.4039 68.0000 3 M298
330.9389 370.0000 3 M257
12.2093 4.0000 1 M310
161.8460 437.0000 6 M251
76.4414 71.0000 6 M302
74.9126 222.0000 4 M281
187.2402 13.0000 1 M315
100.7318 54.0000 3 M309
407.1160 326.0000 8 M274
262.3844 150.0000 4 M300
379.7517 192.0000 5 M296
199.0788 341.0000 5 M275
363.0449 441.0000 9 M262
314.1992 621.0000 9 M237
121.9373 129.0000 4 M306
369.7131 545.0000 9 M249
123.9494 132.0000 4 M307
91.7791 24.0000 4 M325
310.3769 61.0000 3 M320
359.1592 67.0000 5 M323
101.5886 26.0000 5 M329
427.3024 509.0000 8 M261
148.4171 97.0000 4 M321
90.2456 21.0000 1 M332
268.7096 594.0000 7 M255
308.7074 515.0000 4 M265
184.6254 235.0000 4 M305
679.3517 354.0000 6 M289
423.7903 394.0000 14 M284
121.9408 116.0000 2 M326
311.7350 176.0000 6 M318
181.6574 51.0000 1 M336
24.7596 2.0000 1 M343
240.0692 380.0000 3 M290
253.3608 215.0000 7 M313
318.1451 533.0000 9 M269
243.3031 31.0000 2 M341
266.2510 421.0000 11 M287
106.3251 76.0000 2 M339
216.8303 298.0000 10 M308
435.5198 243.0000 9 M317
596.4101 408.0000 13 M294
383.3188 288.0000 6 M311
282.6215 205.0000 2 M327
142.4611 57.0000 5 M351
600.7115 79.0000 3 M348
335.1917 148.0000 2 M340
145.8223 358.0000 6 M312
164.1627 310.0000 5 M319
475.7541 506.0000 6 M292
203.4206 300.0000 4 M322
243.6818 135.0000 3 M345
148.1220 130.0000 4 M346
313.0394 58.0000 4 M359
48.9108 155.0000 5 M347
339.7604 321.0000 5 M324
622.8564 250.0000 3 M334
108.9845 105.0000 4 M356
207.1597 262.0000 3 M335
407.4572 210.0000 5 M344
26.8722 2.0000 1 M378
528.2434 68.0000 3 M367
288.0639 35.0000 4 M374
134.8751 166.0000 5 M355
87.4842 58.0000 2 M373
162.7357 462.0000 8 M316
108.1658 158.0000 4 M358
264.0557 98.0000 3 M369
299.0605 772.0000 10 M277
282.7448 354.0000 2 M337
553.7387 40.0000 2 M384
291.1384 426.0000 7 M330
149.4749 192.0000 2 M364
219.3694 95.0000 4 M385
567.3815 823.0000 5 M282
501.9098 398.0000 4 M342
494.3300 1030.0000 3 M254
80.5918 16.0000 4 M398
465.8508 45.0000 1 M395
187.5680 114.0000 6 M388
327.2208 169.0000 6 M381
20.1107 2.0000 1 M405
347.6454 183.0000 1 M380
294.3819 392.0000 4 M349
218.7871 275.0000 5 M366
124.2189 38.0000 4 M402
219.2350 395.0000 4 M352
540.2498 265.0000 3 M372
487.3387 668.0000 6 M314
439.3412 327.0000 5 M362
249.0536 175.0000 8 M386
203.7565 430.0000 6 M350
484.3064 562.0000 4 M333
83.9309 35.0000 2 M409
321.7212 424.0000 3 M353
336.5710 172.0000 1 M392
240.5468 67.0000 2 M408
435.9212 438.0000 5 M354
253.0574 611.0000 6 M331
164.2994 92.0000 5 M406
306.1743 280.0000 4 M382
368.1782 828.0000 4 M303
336.3385 586.0000 5 M338
178.9182 428.0000 2 M360
257.1871 154.0000 2 M400
183.5285 325.0000 3 M377
339.7756 137.0000 2 M403
102.5351 30.0000 3 M419
159.6167 191.0000 3 M396
339.3497 666.0000 11 M328
117.3952 33.0000 3 M421
198.3956 351.0000 5 M376
288.2194 67.0000 2 M417
464.9966 236.0000 2 M394
48.6902 6.0000 1 M427
450.0211 435.0000 5 M368
248.7333 432.0000 8 M370
130.3681 19.0000 2 M429
185.7187 196.0000 1 M407
114.2506 15.0000 2 M432
115.8488 50.0000 2 M430
366.4191 365.0000 6 M387
138.9148 21.0000 3 M437
390.0578 543.0000 7 M365
245.3368 512.0000 6 M371
420.2607 242.0000 3 M410
424.3254 604.0000 8 M357
312.2968 235.0000 3 M411
438.8222 579.0000 7 M361
266.4541 115.0000 3 M428
261.8083 66.0000 2 M435
261.0684 210.0000 6 M416
136.9701 151.0000 3 M425
230.4960 172.0000 6 M424
141.4904 102.0000 2 M434
339.8710 114.0000 4 M436
52.9224 13.0000 1 M451
199.9706 94.0000 5 M442
142.0945 51.0000 4 M448
319.6686 545.0000 6 M379
176.7583 38.0000 3 M450
320.4844 455.0000 5 M393
214.2054 318.0000 5 M414
237.9373 203.0000 1 M433
280.1715 316.0000 3 M418
186.0415 515.0000 6 M390
105.4446 23.0000 1 M460
331.3325 637.0000 4 M375
187.1372 147.0000 2 M444
268.0735 104.0000 2 M454
245.0394 100.0000 4 M456
78.2525 42.0000 1 M464
268.9199 567.0000 5 M391
168.3445 103.0000 4 M459
148.4740 54.0000 6 M466
453.7882 622.0000 12 M389
360.6227 444.0000 8 M415
147.7812 260.0000 5 M441
533.2857 411.0000 8 M420
388.3326 332.0000 5 M431
206.7963 227.0000 6 M447
277.5857 122.0000 4 M461
470.0885 477.0000 7 M412
373.8695 295.0000 5 M439
510.6208 575.0000 4 M399
408.2424 609.0000 10 M397
453.1480 406.0000 11 M426
332.0407 246.0000 4 M449
458.1899 179.0000 4 M458
150.7620 864.0000 4 M363
358.4019 169.0000 5 M462
199.8174 72.0000 5 M477
482.0649 234.0000 3 M455
221.5580 220.0000 4 M457
341.7213 311.0000 2 M445
496.8517 607.0000 9 M404
436.2520 335.0000 2 M443
189.8816 191.0000 2 M463
301.7866 641.0000 11 M401
127.6615 58.0000 4 M483
376.2594 778.0000 11 M383
117.9726 147.0000 3 M472
421.1074 305.0000 6 M453
121.6400 123.0000 4 M479
592.5254 600.0000 7 M413
75.3204 194.0000 3 M469
332.1316 428.0000 6 M438
362.2156 190.0000 4 M470
162.4637 70.0000 4 M491
28.4476 2.0000 1 M502
509.0445 210.0000 14 M475
504.4052 491.0000 7 M440
349.1627 618.0000 8 M422
305.3142 284.0000 5 M468
245.1939 622.0000 11 M423
118.7439 88.0000 4 M497
192.9305 75.0000 2 M499
233.1418 19.0000 1 M508
510.8375 251.0000 11 M476
393.4238 273.0000 5 M474
124.4279 186.0000 3 M488
124.4770 352.0000 7 M465
212.2484 319.0000 3 M471
262.2064 154.0000 4 M495
310.3083 174.0000 7 M493
228.1493 72.0000 2 M507
307.5729 90.0000 2 M505
34.9556 2.0000 1 M519
145.0233 48.0000 2 M513
186.7383 183.0000 2 M494
38.1360 5.0000 1 M524
249.0451 295.0000 4 M482
301.8879 282.0000 6 M484
176.5429 94.0000 2 M511
336.9504 147.0000 2 M504
309.1469 248.0000 3 M489
140.2190 273.0000 7 M487
81.4215 18.0000 1 M526
164.1909 261.0000 4 M492
269.5995 14.0000 1 M528
338.9872 89.0000 5 M517
223.4248 106.0000 4 M515
271.0902 448.0000 10 M467
296.0809 154.0000 1 M509
464.3092 423.0000 9 M473
286.6325 641.0000 9 M446
312.2211 257.0000 4 M500
179.1166 35.0000 4 M532
279.0668 393.0000 7 M481
364.7473 191.0000 4 M510
170.7099 144.0000 4 M518
140.4366 122.0000 6 M522
94.7104 26.0000 3 M537
160.1644 109.0000 2 M527
282.1814 361.0000 8 M490
153.6666 69.0000 3 M534
463.2790 664.0000 11 M452
182.7756 70.0000 4 M538
43.0941 5.0000 1 M548
211.0267 46.0000 3 M543
224.9970 99.0000 3 M536
22.8350 10.0000 2 M549
278.1473 276.0000 10 M516
138.3943 112.0000 1 M540
322.1513 280.0000 6 M521
400.8740 230.0000 4 M529
303.1556 331.0000 3 M514
5.6812 7.0000 2 M560
79.7117 533.0000 3 M485
460.7292 445.0000 10 M498
93.2283 527.0000 8 M486
224.0792 70.0000 3 M551
233.4059 56.0000 3 M556
493.1083 225.0000 4 M533
323.0596 456.0000 8 M501
250.3767 135.0000 3 M546
177.1662 53.0000 1 M558
339.6527 375.0000 6 M512
214.9865 163.0000 2 M542
180.9291 94.0000 4 M552
354.7387 176.0000 3 M541
119.0779 449.0000 4 M503
108.5725 315.0000 2 M523
343.2771 338.0000 6 M520
46.1714 7.0000 2 M568
328.1636 123.0000 3 M553
320.7224 652.0000 4 M480
127.3940 73.0000 3 M563
555.6367 671.0000 4 M478
7.5619 13.0000 1 M574
618.9224 365.0000 6 M525
144.0465 42.0000 3 M572
108.3427 63.0000 3 M571
212.0133 241.0000 5 M545
127.6685 283.0000 2 M539
426.1062 371.0000 5 M531
142.3534 76.0000 3 M573
95.7033 190.0000 3 M557
57.2635 7.0000 2 M583
223.7257 287.0000 9 M547
377.4905 242.0000 3 M554
591.1547 420.0000 7 M530
381.2956 92.0000 4 M577
437.0770 407.0000 10 M535
180.1846 38.0000 3 M587
257.7769 303.0000 5 M550
349.5078 139.0000 6 M575
241.1200 119.0000 4 M580
525.2584 248.0000 6 M562
97.7896 713.0000 2 M496
500.4689 259.0000 4 M561
95.4708 7.0000 2 M598
246.4233 316.0000 9 M555
246.4352 113.0000 2 M585
388.2383 26.0000 1 M597
409.3741 302.0000 5 M559
225.8215 137.0000 3 M582
344.3293 97.0000 5 M588
140.9947 100.0000 3 M589
129.4162 132.0000 3 M586
225.9448 434.0000 7 M544
6.1709 49.0000 3 M601
91.2010 25.0000 4 M605
188.8497 46.0000 5 M603
160.7807 243.0000 4 M576
242.6711 81.0000 3 M600
178.2499 93.0000 2 M599
200.4004 13.0000 2 M611
151.8540 71.0000 3 M609
254.6866 175.0000 3 M594
76.8223 27.0000 4 M616
18.5036 4.0000 1 M621
236.6880 214.0000 3 M590
30.3846 2.0000 1 M622
272.8193 86.0000 3 M610
574.7751 100.0000 4 M608
493.5193 379.0000 5 M569
138.9845 30.0000 3 M620
49.0654 11.0000 3 M623
223.2442 153.0000 3 M602
275.2556 192.0000 4 M596
40.9595 4.0000 1 M625
468.8481 342.0000 4 M578
564.3445 439.0000 4 M566
47.1158 11.0000 2 M628
11.1552 2.0000 1 M630
288.6878 465.0000 8 M564
141.2001 48.0000 3 M624
228.4574 169.0000 5 M607
187.6606 201.0000 4 M604
597.4541 909.0000 6 M506
8.6381 2.0000 1 M637
645.8679 488.0000 7 M567
164.9284 38.0000 2 M632
557.6655 481.0000 7 M570
171.0963 35.0000 3 M634
280.9715 74.0000 4 M629
19.6672 2.0000 1 M641
201.5455 180.0000 4 M615
66.8819 18.0000 3 M640
396.7670 381.0000 2 M593
283.1780 103.0000 3 M636
248.6972 520.0000 6 M579
284.0207 76.0000 3 M644
77.2652 4.0000 2 M656
29.0714 5.0000 1 M657
135.8786 70.0000 3 M652
311.6986 340.0000 4 M613
323.2351 141.0000 5 M643
375.6575 568.0000 4 M581
105.3065 115.0000 2 M648
218.9161 556.0000 7 M584
508.9224 397.0000 7 M606
169.8953 336.0000 3 M617
108.9530 37.0000 3 M662
213.6636 237.0000 6 M633
284.4460 232.0000 1 M635
292.9252 719.0000 8 M565
95.5487 26.0000 4 M665
211.6445 208.0000 2 M639
251.8027 373.0000 7 M619
438.7970 557.0000 10 M592
437.1496 311.0000 8 M631
230.7905 404.0000 7 M618
608.8942 559.0000 11 M595
256.9163 347.0000 5 M626
297.9905 93.0000 2 M664
200.1778 202.0000 3 M650
234.8901 178.0000 4 M654
406.8058 57.0000 2 M672
252.7090 141.0000 4 M661
323.9612 109.0000 4 M666
215.9490 69.0000 4 M675
328.6009 194.0000 2 M658
52.5961 4.0000 2 M690
232.4432 533.0000 5 M614
405.6775 551.0000 4 M612
54.9377 167.0000 3 M668
587.6857 339.0000 11 M646
202.0739 198.0000 4 M667
204.0650 36.0000 4 M691
627.2312 493.0000 5 M627
373.9812 280.0000 3 M660
526.7796 221.0000 2 M669
304.2768 754.0000 8 M591
131.3319 170.0000 3 M676
304.4009 412.0000 5 M642
244.9252 153.0000 4 M679
536.2398 377.0000 5 M649
472.3420 413.0000 7 M645
95.4813 145.0000 2 M684
122.8880 57.0000 3 M697
223.8610 79.0000 4 M694
90.2699 11.0000 3 M705
415.5005 318.0000 7 M663
354.1620 433.0000 6 M647
209.8232 43.0000 3 M703
481.9408 235.0000 4 M677
535.7480 73.0000 3 M701
40.4185 3.0000 1 M714
346.1935 252.0000 2 M680
661.1940 208.0000 4 M687
547.5436 456.0000 8 M653
381.3949 278.0000 6 M678
226.6238 144.0000 6 M698
226.8191 246.0000 2 M685
221.3733 266.0000 5 M682
31.5946 15.0000 1 M718
246.6964 147.0000 4 M702
221.0071 124.0000 5 M707
189.3528 304.0000 6 M681
3.6589 12.0000 1 M723
570.1547 615.0000 9 M638
537.7502 469.0000 5 M659
268.8621 69.0000 4 M716
471.3559 527.0000 7 M651
387.9797 226.0000 3 M695
407.4654 128.0000 4 M711
54.5000 53.0000 2 M722
205.0832 127.0000 6 M712
601.2115 430.0000 8 M671
401.1958 442.0000 2 M670
198.5542 165.0000 4 M710
165.6196 35.0000 5 M731
651.7694 381.0000 7 M683
260.4371 320.0000 2 M692
288.8440 148.0000 2 M717
90.6403 89.0000 2 M726
57.2591 9.0000 2 M738
398.4243 26.0000 1 M736
264.0652 156.0000 4 M720
264.2730 159.0000 3 M721
42.4754 37.0000 3 M741
307.3066 242.0000 6 M715
553.0323 435.0000 8 M688
334.5133 325.0000 2 M704
319.9693 372.0000 7 M699
281.1495 709.0000 7 M655
227.9822 571.0000 5 M674
353.7639 226.0000 6 M724
236.3279 317.0000 4 M713
206.5472 193.0000 2 M730
152.4520 97.0000 2 M744
356.3418 72.0000 2 M748
239.2935 466.0000 6 M696
472.5253 626.0000 11 M673
36.1542 2.0000 1 M761
357.1731 137.0000 7 M743
171.0868 213.0000 5 M737
348.9971 178.0000 6 M742
333.9770 173.0000 2 M745
216.6796 213.0000 4 M740
506.5390 598.0000 4 M689
69.0628 10.0000 2 M774
166.5754 143.0000 3 M755
490.3090 544.0000 6 M700
269.3730 341.0000 3 M728
441.8949 661.0000 9 M686
150.3497 23.0000 4 M776
127.1329 25.0000 2 M778
306.3029 232.0000 7 M749
60.6581 12.0000 2 M782
499.7411 373.0000 5 M733
232.7678 112.0000 5 M770
324.5334 456.0000 3 M727
307.8486 700.0000 7 M693
344.0412 402.0000 3 M735
462.0679 231.0000 3 M758
29.3985 3.0000 1 M790
432.6769 430.0000 6 M732
289.2983 292.0000 7 M753
530.4743 538.0000 7 M719
350.4399 640.0000 6 M706
372.8212 635.0000 7 M709
238.3605 54.0000 2 M789
79.4480 59.0000 1 M792
237.3571 368.0000 11 M752
194.9588 92.0000 6 M791
509.7400 327.0000 4 M759
152.1243 62.0000 2 M798
451.1525 570.0000 11 M729
189.7882 269.0000 4 M773
98.3050 51.0000 3 M804
335.8998 630.0000 9 M725
92.3607 338.0000 3 M766
452.8481 196.0000 6 M786
380.1801 220.0000 4 M783
224.0176 101.0000 2 M799
442.1385 414.0000 4 M756
626.0358 770.0000 4 M708
436.5538 406.0000 7 M760
358.5659 70.0000 4 M808
257.0220 37.0000 4 M815
395.9066 298.0000 2 M780
186.2043 108.0000 2 M806
340.5520 430.0000 4 M762
456.3549 640.0000 10 M734
242.8424 254.0000 3 M788
87.4640 610.0000 3 M739
192.5715 310.0000 6 M781
96.7908 266.0000 6 M787
70.1085 400.0000 6 M769
396.8492 414.0000 6 M767
125.3226 319.0000 8 M784
219.6083 44.0000 4 M822
464.8012 565.0000 5 M750
41.7037 3.0000 1 M828
29.0441 2.0000 1 M829
233.1599 157.0000 6 M807
461.8831 530.0000 7 M757
293.6470 268.0000 2 M794
303.0190 620.0000 7 M747
224.5765 410.0000 6 M777
483.5302 515.0000 9 M763
105.1386 8.0000 3 M833
345.7744 512.0000 6 M764
367.0496 300.0000 4 M793
533.3691 660.0000 4 M746
236.1485 120.0000 5 M823
31.0668 2.0000 1 M841
204.7828 558.0000 5 M765
325.9623 651.0000 4 M754
130.9901 42.0000 2 M842
172.0450 159.0000 8 M827
118.4242 65.0000 4 M839
297.0237 352.0000 5 M800
450.9462 563.0000 5 M772
314.5413 331.0000 4 M803
211.2596 170.0000 1 M826
358.8857 239.0000 2 M817
254.9885 142.0000 4 M831
312.8075 301.0000 3 M809
373.6221 361.0000 9 M802
54.0962 57.0000 2 M844
383.4701 240.0000 8 M821
280.0583 629.0000 6 M771
405.4429 603.0000 4 M775
498.1121 329.0000 10 M812
113.8629 53.0000 3 M851
7.9632 3.0000 1 M859
361.5007 596.0000 4 M779
183.4754 267.0000 2 M825
389.3185 314.0000 4 M819
620.4327 115.0000 3 M847
271.0839 80.0000 3 M852
188.2289 66.0000 6 M855
106.6587 19.0000 2 M861
135.8702 171.0000 2 M840
247.5081 204.0000 5 M836
170.8345 839.0000 8 M751
264.0737 520.0000 3 M795
345.5605 445.0000 5 M805
222.1296 233.0000 8 M835
317.8922 353.0000 8 M820
387.6602 608.0000 8 M785
233.9439 67.0000 2 M860
408.3213 511.0000 11 M801
151.4286 267.0000 2 M837
119.1203 21.0000 2 M872
118.3425 111.0000 4 M862
174.8419 86.0000 2 M866
320.6247 162.0000 5 M856
483.6477 489.0000 7 M810
320.7592 444.0000 5 M818
529.1293 473.0000 5 M814
345.8096 811.0000 7 M768
230.3629 168.0000 4 M857
140.2481 120.0000 3 M863
113.0175 25.0000 3 M879
112.7733 21.0000 2 M880
275.3331 219.0000 6 M854
315.3700 435.0000 6 M824
175.8662 144.0000 3 M868
342.5176 259.0000 5 M853
181.1457 87.0000 3 M877
153.6730 30.0000 2 M887
283.0421 300.0000 3 M849
241.7649 340.0000 5 M843
282.6242 71.0000 4 M884
465.6859 621.0000 2 M811
74.8856 167.0000 1 M874
325.8559 241.0000 5 M865
380.9012 608.0000 6 M816
405.3885 114.0000 2 M885
472.0293 513.0000 8 M830
492.9171 480.0000 7 M834
513.4354 80.0000 2 M891
273.1444 326.0000 4 M858
249.7394 779.0000 4 M796
471.3119 417.0000 6 M848
201.3590 187.0000 2 M881
139.8694 129.0000 4 M890
203.9641 65.0000 2 M900
447.8947 203.0000 4 M882
601.5156 567.0000 8 M832
3.1735 2.0000 1 M914
121.8231 190.0000 4 M888
143.5024 91.0000 4 M903
119.5773 11.0000 1 M916
177.7418 83.0000 2 M906
255.5059 597.0000 6 M838
365.2775 519.0000 8 M850
48.7302 3.0000 1 M923
109.0271 166.0000 3 M901
223.9778 165.0000 2 M902
194.9051 158.0000 2 M904
343.0374 345.0000 3 M878
694.4249 405.0000 8 M870
182.3725 148.0000 4 M907
249.9508 57.0000 1 M920
279.4433 285.0000 3 M889
315.0542 438.0000 7 M867
385.9509 421.0000 8 M869
228.6505 74.0000 5 M919
267.2773 120.0000 3 M913
351.9907 412.0000 2 M871
89.2730 37.0000 1 M925
661.5350 386.0000 5 M875
381.9125 272.0000 6 M896
323.0127 270.0000 8 M897
15.5997 8.0000 1 M934
251.1039 300.0000 8 M893
134.7100 44.0000 1 M930
454.6364 389.0000 3 M883
483.6176 893.0000 8 M813
251.0718 283.0000 2 M899
279.8569 669.0000 7 M845
82.2102 30.0000 3 M937
349.1592 197.0000 3 M915
121.6585 100.0000 9 M929
280.9976 243.0000 5 M910
166.1705 167.0000 4 M922
492.2876 269.0000 4 M911
406.3315 417.0000 4 M892
103.6671 331.0000 1 M905
440.8163 752.0000 7 M846
222.3993 160.0000 3 M931
140.6159 114.0000 1 M939
469.3493 239.0000 4 M921
48.2170 2.0000 1 M956
391.0785 583.0000 5 M873
267.4947 111.0000 1 M942
648.1345 1142.0000 5 M797
189.9390 425.0000 4 M898
527.5954 72.0000 3 M949
404.7633 583.0000 9 M876
390.6980 365.0000 6 M908
159.7456 58.0000 3 M953
108.1323 21.0000 1 M959
132.1637 119.0000 2 M946
64.0791 697.0000 4 M864
396.0934 393.0000 4 M909
425.1814 57.0000 5 M957
77.1801 108.0000 3 M952
124.9025 30.0000 2 M963
355.7960 119.0000 5 M954
171.8966 97.0000 2 M958
256.6386 215.0000 2 M943
391.2945 315.0000 6 M928
293.6003 231.0000 8 M941
190.1179 106.0000 4 M960
499.7788 64.0000 2 M966
212.3390 226.0000 4 M945
417.9088 381.0000 6 M924
390.2864 653.0000 9 M886
355.6413 220.0000 7 M951
436.1148 621.0000 10 M894
315.0746 113.0000 5 M970
207.2681 272.0000 5 M948
328.4200 430.0000 9 M927
243.0635 536.0000 9 M912
262.8873 344.0000 8 M940
334.6429 496.0000 8 M918
154.1751 117.0000 3 M973
20.7780 8.0000 2 M989
243.2125 78.0000 3 M979
154.9251 58.0000 2 M983
136.9260 53.0000 3 M984
117.9992 164.0000 5 M969
213.2350 133.0000 2 M976
217.2299 165.0000 5 M971
226.5602 434.0000 7 M933
204.3350 370.0000 4 M944
244.8332 19.0000 1 M994
198.7914 246.0000 2 M962
180.1815 38.0000 1 M992
349.9604 433.0000 5 M938
247.7060 268.0000 4 M961
163.6875 455.0000 4 M935
86.4774 72.0000 4 M990
74.7212 379.0000 4 M947
369.0006 479.0000 6 M932
478.9294 132.0000 2 M982
204.7021 206.0000 4 M972
514.4262 274.0000 4 M964
468.0976 546.0000 7 M926
118.7549 74.0000 2 M993
103.9429 24.0000 2 M1005
374.9915 91.0000 3 M997
146.6699 89.0000 3 M998
58.1760 15.0000 2 M1009
355.4611 187.0000 4 M985
441.2919 217.0000 5 M987
216.4277 81.0000 4 M1007
264.7481 273.0000 4 M980
176.1293 319.0000 4 M974
75.7830 28.0000 4 M1017
249.2053 384.0000 5 M967
169.5232 90.0000 4 M1011
277.0791 309.0000 3 M981
263.0647 69.0000 1 M1016
152.1342 47.0000 4 M1020
18.7320 5.0000 1 M1027
313.2896 527.0000 13 M955
250.2727 56.0000 4 M1022
65.3454 13.0000 3 M1030
136.2429 484.0000 1 M968
474.4062 347.0000 6 M988
508.5262 621.0000 7 M950
312.2583 435.0000 9 M977
402.5334 197.0000 5 M1012
77.7430 349.0000 4 M991
53.2167 12.0000 1 M1038
138.5484 142.0000 7 M1021
173.5490 540.0000 4 M965
18.2290 5.0000 2 M1040
78.5082 228.0000 6 M1010
264.1052 1038.0000 6 M895
534.0482 479.0000 4 M978
179.1213 270.0000 4 M1008
119.8778 146.0000 5 M1026
417.1519 372.0000 4 M996
184.6226 81.0000 4 M1039
404.0951 368.0000 3 M1000
192.7922 34.0000 1 M1048
364.1330 220.0000 7 M1023
277.3974 276.0000 4 M1015
403.4959 382.0000 4 M1001
485.5205 82.0000 2 M1043
52.0330 36.0000 3 M1050
386.5348 226.0000 5 M1032
223.4068 289.0000 6 M1024
321.7522 563.0000 8 M986
249.4456 475.0000 7 M999
284.0725 264.0000 9 M1029
166.4442 146.0000 4 M1046
567.4979 374.0000 10 M1014
298.3648 514.0000 6 M995
466.9977 361.0000 10 M1018
17.1601 17.0000 1 M1068
244.5544 277.0000 5 M1031
110.9418 134.0000 2 M1052
185.2101 58.0000 5 M1064
242.6740 213.0000 7 M1041
151.1982 190.0000 4 M1045
67.6626 128.0000 3 M1056
148.8558 9.0000 2 M1073
108.8758 53.0000 5 M1067
317.3102 270.0000 5 M1036
141.8094 183.0000 3 M1051
222.2136 37.0000 3 M1072
556.7914 1144.0000 7 M917
295.7307 438.0000 4 M1019
463.7317 548.0000 9 M1004
378.6355 387.0000 10 M1028
388.2409 218.0000 4 M1053
397.2958 356.0000 4 M1033
463.5797 1042.0000 10 M936
93.5614 184.0000 4 M1058
321.0205 347.0000 5 M1035
167.7048 561.0000 6 M1006
227.6175 283.0000 5 M1047
636.7619 458.0000 4 M1025
151.3297 264.0000 6 M1054
210.1491 229.0000 5 M1059
381.1767 210.0000 7 M1062
315.6510 644.0000 12 M1002
292.1586 313.0000 4 M1049
232.2521 398.0000 4 M1037
625.2461 580.0000 8 M1013
240.4069 181.0000 2 M1070
103.3643 20.0000 1 M1093
327.6850 874.0000 11 M975
284.1574 256.0000 5 M1063
252.7496 153.0000 3 M1077
49.0966 4.0000 2 M1099
444.5012 404.0000 5 M1042
209.2923 686.0000 11 M1003
180.6343 205.0000 5 M1074
163.8541 155.0000 4 M1081
159.0267 233.0000 9 M1071
167.7331 168.0000 5 M1080
345.3275 341.0000 6 M1060
297.5906 142.0000 3 M1089
136.4384 209.0000 3 M1083
386.8774 408.0000 6 M1055
361.3664 398.0000 4 M1057
623.9674 318.0000 6 M1069
354.5517 192.0000 4 M1087
335.3013 356.0000 5 M1065
402.4867 239.0000 2 M1084
54.7377 17.0000 2 M1116
262.8595 130.0000 5 M1100
266.2168 308.0000 9 M1075
386.2097 208.0000 4 M1091
74.5483 5.0000 2 M1121
191.5544 313.0000 8 M1078
253.4391 236.0000 6 M1092
213.0553 88.0000 2 M1114
99.0620 30.0000 1 M1124
356.9312 666.0000 9 M1034
364.7651 468.0000 10 M1066
153.0122 267.0000 1 M1096
354.3142 515.0000 6 M1061
281.7627 311.0000 4 M1090
260.8076 204.0000 5 M1106
213.0601 111.0000 4 M1120
438.1356 58.0000 3 M1129
158.4286 27.0000 2 M1133
338.0167 343.0000 4 M1088
490.9812 261.0000 6 M1101
419.5985 396.0000 6 M1082
100.5800 82.0000 4 M1130
142.6087 40.0000 3 M1137
290.8674 239.0000 3 M1109
103.2871 83.0000 2 M1132
178.2299 333.0000 5 M1097
354.2681 180.0000 3 M1119
105.3005 74.0000 5 M1135
252.7336 271.0000 5 M1110
165.3185 188.0000 6 M1127
426.9270 349.0000 8 M1104
189.7478 49.0000 4 M1149
251.2608 158.0000 3 M1134
246.4967 66.0000 3 M1150
331.3859 92.0000 5 M1147
193.7037 87.0000 4 M1151
287.9396 453.0000 4 M1098
175.8495 405.0000 5 M1105
229.3186 612.0000 3 M1076
459.7662 326.0000 3 M1118
272.8632 190.0000 4 M1139
254.6932 407.0000 7 M1108
82.3979 15.0000 2 M1165
280.9643 414.0000 6 M1107
271.9275 356.0000 6 M1115
482.4652 451.0000 2 M1102
497.3669 574.0000 6 M1086
363.9995 455.0000 3 M1103
226.7311 631.0000 4 M1079
441.8731 366.0000 10 M1117
341.4586 322.0000 4 M1125
155.0260 134.0000 1 M1152
449.5011 190.0000 2 M1145
142.9765 59.0000 5 M1163
106.4747 127.0000 2 M1154
104.8094 178.0000 2 M1148
263.5589 642.0000 5 M1085
171.4410 148.0000 4 M1156
60.5617 140.0000 1 M1157
209.8094 71.0000 1 M1168
232.4859 265.0000 4 M1143
388.2179 960.0000 9 M1044
426.7936 606.0000 6 M1095
63.5453 11.0000 2 M1180
309.0886 287.0000 1 M1142
102.6519 72.0000 3 M1173
278.8539 492.0000 7 M1113
631.0704 499.0000 6 M1112
468.8229 279.0000 3 M1146
507.5526 508.0000 7 M1111
266.8603 141.0000 2 M1166
366.8655 639.0000 9 M1094
586.9291 418.0000 7 M1128
634.7681 356.0000 5 M1136
167.0146 188.0000 3 M1161
614.7648 338.0000 4 M1140
129.0769 70.0000 7 M1177
64.0133 57.0000 2 M1179
513.1653 138.0000 5 M1169
333.7326 28.0000 2 M1184
188.9813 75.0000 2 M1181
351.0735 441.0000 5 M1131
143.8676 133.0000 3 M1175
29.3921 12.0000 2 M1193
81.4547 44.0000 2 M1189
43.1057 2.0000 1 M1197
569.9697 285.0000 9 M1159
244.3396 197.0000 4 M1171
408.9630 417.0000 5 M1141
259.3175 58.0000 5 M1192
241.9790 71.0000 4 M1191
28.9775 2.0000 1 M1202
405.9334 357.0000 4 M1155
242.2792 70.0000 3 M1196
267.7438 54.0000 7 M1198
499.8624 528.0000 6 M1138
515.7420 251.0000 4 M1178
198.4207 283.0000 6 M1176
132.4323 248.0000 4 M1182
360.0304 232.0000 6 M1185
471.1122 668.0000 5 M1126
471.6230 549.0000 5 M1144
267.2076 267.0000 4 M1183
63.0553 4.0000 2 M1221
318.5021 198.0000 3 M1195
523.4316 391.0000 6 M1170
206.8777 149.0000 2 M1204
172.9952 60.0000 4 M1219
222.4484 464.0000 6 M1164
502.4775 750.0000 5 M1123
355.3458 389.0000 5 M1174
240.6035 96.0000 5 M1216
424.3214 761.0000 11 M1122
299.5846 529.0000 8 M1158
350.0351 185.0000 3 M1207
170.0481 39.0000 2 M1229
340.8840 347.0000 8 M1186
262.0903 344.0000 3 M1188
204.8772 238.0000 4 M1203
215.7825 310.0000 4 M1194
180.8726 208.0000 6 M1208
449.8724 359.0000 11 M1187
368.4888 558.0000 8 M1160
194.9968 112.0000 4 M1222
288.5093 240.0000 5 M1205
530.2004 556.0000 4 M1162
164.7136 50.0000 3 M1233
81.3183 40.0000 1 M1237
224.9324 177.0000 7 M1217
157.9124 32.0000 4 M1242
148.1640 269.0000 4 M1209
435.3753 581.0000 4 M1167
289.9318 361.0000 8 M1199
411.7181 703.0000 10 M1153
460.2700 361.0000 16 M1200
458.3083 180.0000 4 M1226
92.3300 50.0000 5 M1246
463.3903 273.0000 6 M1214
197.7591 196.0000 2 M1225
297.2243 232.0000 5 M1220
168.9399 368.0000 3 M1201
113.6550 51.0000 3 M1248
61.6151 10.0000 2 M1255
201.0882 77.0000 2 M1249
168.2886 206.0000 2 M1232
45.8064 9.0000 3 M1261
341.1913 633.0000 9 M1172
136.9176 370.0000 3 M1213
324.6829 204.0000 6 M1238
417.4820 79.0000 5 M1258
198.2347 72.0000 4 M1259
314.6610 41.0000 3 M1263
84.2422 75.0000 3 M1260
391.4439 327.0000 7 M1224
261.5533 265.0000 5 M1234
243.0961 581.0000 3 M1190
196.5698 432.0000 3 M1212
99.6954 240.0000 3 M1240
210.6565 155.0000 6 M1254
176.5346 227.0000 6 M1244
73.2678 14.0000 2 M1275
541.3020 332.0000 6 M1231
315.8846 207.0000 3 M1250
383.8511 315.0000 9 M1236
199.0739 54.0000 3 M1273
33.3925 2.0000 1 M1280
498.0505 388.0000 4 M1228
311.8829 319.0000 6 M1239
375.6063 140.0000 2 M1265
185.6133 117.0000 5 M1270
169.8427 73.0000 4 M1279
304.9049 267.0000 5 M1253
262.7787 526.0000 10 M1215
453.4053 504.0000 7 M1218
497.0130 591.0000 5 M1206
78.3198 19.0000 3 M1288
159.9772 38.0000 3 M1286
86.2206 24.0000 3 M1289
366.5071 177.0000 6 M1269
427.6582 445.0000 11 M1230
580.0815 131.0000 4 M1276
313.8434 597.0000 7 M1211
93.4614 13.0000 2 M1295
312.4246 401.0000 6 M1241
99.6821 33.0000 2 M1294
379.9207 502.0000 5 M1227
164.9264 36.0000 2 M1298
310.0781 229.0000 5 M1272
251.9535 121.0000 3 M1287
193.8753 135.0000 2 M1285
158.9043 166.0000 2 M1281
539.2555 246.0000 3 M1271
89.6323 27.0000 4 M1301
315.0456 499.0000 4 M1235
280.2482 287.0000 4 M1268
238.3283 317.0000 5 M1264
225.8110 372.0000 7 M1257
275.1072 344.0000 3 M1262
165.0465 101.0000 1 M1297
179.0882 130.0000 2 M1293
122.3418 280.0000 2 M1278
177.9108 777.0000 6 M1210
92.0081 30.0000 3 M1318
313.8808 403.0000 5 M1267
134.0423 100.0000 5 M1309
309.5707 237.0000 8 M1291
69.8577 24.0000 3 M1321
308.6083 152.0000 2 M1304
462.6623 107.0000 2 M1313
433.2708 538.0000 4 M1256
474.0176 600.0000 6 M1247
207.8989 110.0000 3 M1316
121.7763 18.0000 3 M1329
203.8212 305.0000 6 M1290
252.3838 184.0000 7 M1308
477.8187 602.0000 3 M1251
309.0586 177.0000 3 M1311
453.1998 160.0000 3 M1315
556.5610 666.0000 6 M1245
499.1351 472.0000 5 M1274
98.9333 417.0000 3 M1283
107.1298 62.0000 4 M1333
495.0958 285.0000 4 M1303
438.9377 318.0000 2 M1299
87.4347 159.0000 2 M1322
281.8205 94.0000 3 M1332
489.2904 868.0000 8 M1223
172.3572 64.0000 3 M1337
142.7600 126.0000 3 M1328
122.9315 193.0000 3 M1319
472.6843 591.0000 9 M1266
438.1848 691.0000 10 M1252
520.9897 406.0000 9 M1292
264.8235 71.0000 3 M1339
427.6431 491.0000 10 M1282
218.1569 219.0000 6 M1324
245.8245 335.0000 5 M1310
197.9248 225.0000 7 M1326
253.1032 376.0000 9 M1306
210.5412 198.0000 6 M1331
305.9664 410.0000 7 M1302
423.5701 592.0000 6 M1277
189.3098 140.0000 3 M1342
114.1756 109.0000 2 M1351
391.3491 435.0000 5 M1305
496.6156 303.0000 8 M1323
300.1963 421.0000 5 M1307
202.3513 176.0000 3 M1343
47.4343 3.0000 1 M1368
266.2786 241.0000 5 M1336
240.3841 302.0000 5 M1327
290.7175 403.0000 7 M1314
220.7951 416.0000 6 M1312
468.2701 917.0000 9 M1243
343.8930 68.0000 3 M1362
183.4630 133.0000 4 M1354
435.9433 210.0000 4 M1345
262.3246 348.0000 3 M1325
507.5078 181.0000 3 M1350
274.5329 172.0000 6 M1352
511.6868 583.0000 4 M1296
361.0520 27.0000 1 M1379
47.5635 7.0000 2 M1386
13.8469 5.0000 1 M1389
454.8343 313.0000 8 M1349
602.1066 328.0000 9 M1347
76.2285 19.0000 3 M1388
110.7880 63.0000 1 M1384
322.3228 402.0000 5 M1340
169.7989 365.0000 1 M1346
153.0210 288.0000 3 M1357
480.3199 79.0000 3 M1385
212.6973 276.0000 3 M1359
91.8188 19.0000 5 M1396
162.7353 286.0000 3 M1361
141.4914 736.0000 5 M1300
624.0969 591.0000 6 M1320
253.0325 106.0000 3 M1390
144.8021 527.0000 4 M1334
243.6783 169.0000 4 M1383
230.6409 136.0000 4 M1387
453.0678 276.0000 3 M1371
386.3395 59.0000 4 M1401
187.7499 77.0000 2 M1400
121.0862 492.0000 5 M1344
379.0252 406.0000 5 M1356
449.6116 588.0000 11 M1330
200.8124 -1.0000 -1 M1338
243.5358 -1.0000 -1 M1378
219.5945 -1.0000 -1 M1411
303.9934 -1.0000 -1 M1335
428.4759 -1.0000 -1 M1374
188.0451 -1.0000 -1 M1375
358.3134 -1.0000 -1 M1376
238.4908 -1.0000 -1 M1377
297.1274 -1.0000 -1 M1410
416.0641 -1.0000 -1 M1370
221.6582 -1.0000 -1 M1372
463.1764 -1.0000 -1 M1373
459.0998 -1.0000 -1 M1348
416.0726 -1.0000 -1 M1380
601.9053 -1.0000 -1 M1341
318.7037 -1.0000 -1 M1381
545.8331 -1.0000 -1 M1382
354.3943 -1.0000 -1 M1317
472.4339 -1.0000 -1 M1358
660.7706 -1.0000 -1 M1391
530.9224 -1.0000 -1 M1353
227.3204 -1.0000 -1 M1397
282.2006 -1.0000 -1 M1398
190.7145 -1.0000 -1 M1355
153.6952 -1.0000 -1 M1399
519.1862 -1.0000 -1 M1392
359.1487 -1.0000 -1 M1393
248.1331 -1.0000 -1 M1394
174.3359 -1.0000 -1 M1395
75.8174 -1.0000 -1 M1404
433.8691 -1.0000 -1 M1405
437.6661 -1.0000 -1 M1406
311.2649 -1.0000 -1 M1407
194.8973 -1.0000 -1 M1367
190.9209 -1.0000 -1 M1369
134.1936 -1.0000 -1 M1402
321.3431 -1.0000 -1 M1403
140.0365 -1.0000 -1 M1408
136.6883 -1.0000 -1 M1409
258.3154 -1.0000 -1 M1363
729.7232 -1.0000 -1 M1364
480.5495 -1.0000 -1 M1365
270.9032 -1.0000 -1 M1366
478.7895 -1.0000 -1 M1360
333.1541 -1.0000 -1 M1284
