# messageDelay  cumulativeProbability
1.0000 0.0007
1.0000 0.0014
1.0000 0.0021
1.0000 0.0028
1.0000 0.0035
1.0000 0.0043
1.0000 0.0050
1.0000 0.0057
1.0000 0.0064
1.0000 0.0071
1.0000 0.0078
1.0000 0.0085
1.0000 0.0092
1.0000 0.0099
1.0000 0.0106
1.0000 0.0113
1.0000 0.0120
1.0000 0.0128
1.0000 0.0135
1.0000 0.0142
1.0000 0.0149
1.0000 0.0156
1.0000 0.0163
1.0000 0.0170
1.0000 0.0177
1.0000 0.0184
1.0000 0.0191
1.0000 0.0198
1.0000 0.0206
1.0000 0.0213
1.0000 0.0220
1.0000 0.0227
1.0000 0.0234
1.0000 0.0241
1.0000 0.0248
1.0000 0.0255
1.0000 0.0262
1.0000 0.0269
1.0000 0.0276
1.0000 0.0283
1.0000 0.0291
1.0000 0.0298
1.0000 0.0305
1.0000 0.0312
1.0000 0.0319
1.0000 0.0326
1.0000 0.0333
1.0000 0.0340
1.0000 0.0347
1.0000 0.0354
1.0000 0.0361
1.0000 0.0369
1.0000 0.0376
1.0000 0.0383
1.0000 0.0390
1.0000 0.0397
1.0000 0.0404
1.0000 0.0411
1.0000 0.0418
1.0000 0.0425
1.0000 0.0432
1.0000 0.0439
2.0000 0.0446
2.0000 0.0454
2.0000 0.0461
2.0000 0.0468
2.0000 0.0475
2.0000 0.0482
2.0000 0.0489
2.0000 0.0496
2.0000 0.0503
2.0000 0.0510
2.0000 0.0517
2.0000 0.0524
3.0000 0.0532
3.0000 0.0539
3.0000 0.0546
3.0000 0.0553
3.0000 0.0560
3.0000 0.0567
3.0000 0.0574
3.0000 0.0581
3.0000 0.0588
3.0000 0.0595
3.0000 0.0602
3.0000 0.0609
3.0000 0.0617
4.0000 0.0624
4.0000 0.0631
4.0000 0.0638
4.0000 0.0645
4.0000 0.0652
4.0000 0.0659
4.0000 0.0666
4.0000 0.0673
4.0000 0.0680
4.0000 0.0687
4.0000 0.0695
4.0000 0.0702
4.0000 0.0709
4.0000 0.0716
4.0000 0.0723
5.0000 0.0730
5.0000 0.0737
5.0000 0.0744
5.0000 0.0751
5.0000 0.0758
5.0000 0.0765
5.0000 0.0773
5.0000 0.0780
5.0000 0.0787
5.0000 0.0794
6.0000 0.0801
6.0000 0.0808
6.0000 0.0815
6.0000 0.0822
6.0000 0.0829
6.0000 0.0836
7.0000 0.0843
8.0000 0.0850
9.0000 0.0858
9.0000 0.0865
9.0000 0.0872
10.0000 0.0879
11.0000 0.0886
11.0000 0.0893
12.0000 0.0900
12.0000 0.0907
12.0000 0.0914
12.0000 0.0921
12.0000 0.0928
13.0000 0.0936
13.0000 0.0943
13.0000 0.0950
13.0000 0.0957
14.0000 0.0964
14.0000 0.0971
14.0000 0.0978
15.0000 0.0985
16.0000 0.0992
16.0000 0.0999
16.0000 0.1006
16.0000 0.1013
17.0000 0.1021
17.0000 0.1028
17.0000 0.1035
18.0000 0.1042
18.0000 0.1049
18.0000 0.1056
18.0000 0.1063
19.0000 0.1070
19.0000 0.1077
19.0000 0.1084
20.0000 0.1091
20.0000 0.1099
20.0000 0.1106
20.0000 0.1113
20.0000 0.1120
21.0000 0.1127
22.0000 0.1134
23.0000 0.1141
23.0000 0.1148
24.0000 0.1155
24.0000 0.1162
25.0000 0.1169
25.0000 0.1176
25.0000 0.1184
25.0000 0.1191
25.0000 0.1198
25.0000 0.1205
26.0000 0.1212
26.0000 0.1219
27.0000 0.1226
27.0000 0.1233
27.0000 0.1240
28.0000 0.1247
28.0000 0.1254
28.0000 0.1262
29.0000 0.1269
30.0000 0.1276
30.0000 0.1283
30.0000 0.1290
31.0000 0.1297
31.0000 0.1304
33.0000 0.1311
34.0000 0.1318
34.0000 0.1325
34.0000 0.1332
35.0000 0.1339
35.0000 0.1347
36.0000 0.1354
36.0000 0.1361
36.0000 0.1368
36.0000 0.1375
36.0000 0.1382
37.0000 0.1389
37.0000 0.1396
38.0000 0.1403
38.0000 0.1410
38.0000 0.1417
38.0000 0.1425
39.0000 0.1432
39.0000 0.1439
39.0000 0.1446
39.0000 0.1453
39.0000 0.1460
40.0000 0.1467
41.0000 0.1474
41.0000 0.1481
41.0000 0.1488
41.0000 0.1495
42.0000 0.1502
43.0000 0.1510
43.0000 0.1517
43.0000 0.1524
44.0000 0.1531
44.0000 0.1538
45.0000 0.1545
45.0000 0.1552
45.0000 0.1559
46.0000 0.1566
46.0000 0.1573
47.0000 0.1580
47.0000 0.1588
48.0000 0.1595
48.0000 0.1602
48.0000 0.1609
49.0000 0.1616
49.0000 0.1623
49.0000 0.1630
49.0000 0.1637
50.0000 0.1644
52.0000 0.1651
52.0000 0.1658
52.0000 0.1665
52.0000 0.1673
53.0000 0.1680
53.0000 0.1687
53.0000 0.1694
54.0000 0.1701
54.0000 0.1708
54.0000 0.1715
54.0000 0.1722
54.0000 0.1729
54.0000 0.1736
55.0000 0.1743
56.0000 0.1751
56.0000 0.1758
56.0000 0.1765
56.0000 0.1772
56.0000 0.1779
56.0000 0.1786
56.0000 0.1793
56.0000 0.1800
57.0000 0.1807
57.0000 0.1814
57.0000 0.1821
57.0000 0.1828
57.0000 0.1836
57.0000 0.1843
58.0000 0.1850
58.0000 0.1857
58.0000 0.1864
58.0000 0.1871
58.0000 0.1878
59.0000 0.1885
60.0000 0.1892
61.0000 0.1899
62.0000 0.1906
63.0000 0.1914
64.0000 0.1921
65.0000 0.1928
65.0000 0.1935
65.0000 0.1942
65.0000 0.1949
66.0000 0.1956
66.0000 0.1963
67.0000 0.1970
68.0000 0.1977
68.0000 0.1984
68.0000 0.1991
68.0000 0.1999
69.0000 0.2006
69.0000 0.2013
69.0000 0.2020
69.0000 0.2027
70.0000 0.2034
70.0000 0.2041
70.0000 0.2048
71.0000 0.2055
72.0000 0.2062
72.0000 0.2069
74.0000 0.2077
74.0000 0.2084
74.0000 0.2091
75.0000 0.2098
75.0000 0.2105
75.0000 0.2112
76.0000 0.2119
76.0000 0.2126
77.0000 0.2133
77.0000 0.2140
78.0000 0.2147
79.0000 0.2155
79.0000 0.2162
79.0000 0.2169
81.0000 0.2176
82.0000 0.2183
83.0000 0.2190
83.0000 0.2197
83.0000 0.2204
85.0000 0.2211
85.0000 0.2218
86.0000 0.2225
86.0000 0.2232
87.0000 0.2240
87.0000 0.2247
87.0000 0.2254
88.0000 0.2261
88.0000 0.2268
89.0000 0.2275
89.0000 0.2282
90.0000 0.2289
90.0000 0.2296
91.0000 0.2303
91.0000 0.2310
92.0000 0.2318
92.0000 0.2325
92.0000 0.2332
93.0000 0.2339
93.0000 0.2346
93.0000 0.2353
93.0000 0.2360
94.0000 0.2367
94.0000 0.2374
94.0000 0.2381
95.0000 0.2388
95.0000 0.2395
95.0000 0.2403
95.0000 0.2410
96.0000 0.2417
97.0000 0.2424
97.0000 0.2431
98.0000 0.2438
98.0000 0.2445
98.0000 0.2452
98.0000 0.2459
100.0000 0.2466
100.0000 0.2473
101.0000 0.2481
101.0000 0.2488
101.0000 0.2495
103.0000 0.2502
103.0000 0.2509
103.0000 0.2516
103.0000 0.2523
106.0000 0.2530
106.0000 0.2537
106.0000 0.2544
106.0000 0.2551
107.0000 0.2558
108.0000 0.2566
108.0000 0.2573
109.0000 0.2580
110.0000 0.2587
110.0000 0.2594
112.0000 0.2601
112.0000 0.2608
112.0000 0.2615
112.0000 0.2622
112.0000 0.2629
112.0000 0.2636
113.0000 0.2644
113.0000 0.2651
114.0000 0.2658
114.0000 0.2665
114.0000 0.2672
114.0000 0.2679
114.0000 0.2686
115.0000 0.2693
116.0000 0.2700
117.0000 0.2707
118.0000 0.2714
118.0000 0.2721
118.0000 0.2729
118.0000 0.2736
119.0000 0.2743
119.0000 0.2750
119.0000 0.2757
119.0000 0.2764
119.0000 0.2771
120.0000 0.2778
121.0000 0.2785
121.0000 0.2792
121.0000 0.2799
122.0000 0.2807
123.0000 0.2814
123.0000 0.2821
124.0000 0.2828
124.0000 0.2835
126.0000 0.2842
126.0000 0.2849
128.0000 0.2856
128.0000 0.2863
128.0000 0.2870
128.0000 0.2877
130.0000 0.2884
130.0000 0.2892
130.0000 0.2899
132.0000 0.2906
132.0000 0.2913
132.0000 0.2920
132.0000 0.2927
133.0000 0.2934
134.0000 0.2941
134.0000 0.2948
134.0000 0.2955
134.0000 0.2962
134.0000 0.2970
134.0000 0.2977
135.0000 0.2984
136.0000 0.2991
136.0000 0.2998
136.0000 0.3005
136.0000 0.3012
138.0000 0.3019
138.0000 0.3026
139.0000 0.3033
139.0000 0.3040
139.0000 0.3047
140.0000 0.3055
140.0000 0.3062
142.0000 0.3069
142.0000 0.3076
142.0000 0.3083
143.0000 0.3090
143.0000 0.3097
144.0000 0.3104
144.0000 0.3111
144.0000 0.3118
145.0000 0.3125
145.0000 0.3133
146.0000 0.3140
147.0000 0.3147
149.0000 0.3154
149.0000 0.3161
150.0000 0.3168
150.0000 0.3175
150.0000 0.3182
151.0000 0.3189
151.0000 0.3196
152.0000 0.3203
152.0000 0.3210
153.0000 0.3218
153.0000 0.3225
153.0000 0.3232
154.0000 0.3239
154.0000 0.3246
155.0000 0.3253
155.0000 0.3260
155.0000 0.3267
156.0000 0.3274
156.0000 0.3281
157.0000 0.3288
157.0000 0.3296
157.0000 0.3303
158.0000 0.3310
158.0000 0.3317
161.0000 0.3324
162.0000 0.3331
162.0000 0.3338
163.0000 0.3345
163.0000 0.3352
163.0000 0.3359
163.0000 0.3366
163.0000 0.3373
164.0000 0.3381
164.0000 0.3388
165.0000 0.3395
166.0000 0.3402
168.0000 0.3409
168.0000 0.3416
169.0000 0.3423
170.0000 0.3430
171.0000 0.3437
172.0000 0.3444
173.0000 0.3451
173.0000 0.3459
174.0000 0.3466
174.0000 0.3473
175.0000 0.3480
175.0000 0.3487
176.0000 0.3494
176.0000 0.3501
177.0000 0.3508
179.0000 0.3515
179.0000 0.3522
180.0000 0.3529
181.0000 0.3536
182.0000 0.3544
182.0000 0.3551
182.0000 0.3558
183.0000 0.3565
183.0000 0.3572
183.0000 0.3579
183.0000 0.3586
184.0000 0.3593
186.0000 0.3600
187.0000 0.3607
188.0000 0.3614
189.0000 0.3622
189.0000 0.3629
190.0000 0.3636
190.0000 0.3643
193.0000 0.3650
193.0000 0.3657
195.0000 0.3664
197.0000 0.3671
199.0000 0.3678
201.0000 0.3685
202.0000 0.3692
202.0000 0.3700
202.0000 0.3707
203.0000 0.3714
203.0000 0.3721
204.0000 0.3728
205.0000 0.3735
205.0000 0.3742
206.0000 0.3749
206.0000 0.3756
207.0000 0.3763
207.0000 0.3770
207.0000 0.3777
208.0000 0.3785
208.0000 0.3792
208.0000 0.3799
208.0000 0.3806
208.0000 0.3813
209.0000 0.3820
209.0000 0.3827
213.0000 0.3834
214.0000 0.3841
214.0000 0.3848
214.0000 0.3855
214.0000 0.3863
215.0000 0.3870
216.0000 0.3877
217.0000 0.3884
219.0000 0.3891
219.0000 0.3898
219.0000 0.3905
220.0000 0.3912
220.0000 0.3919
222.0000 0.3926
222.0000 0.3933
223.0000 0.3940
224.0000 0.3948
226.0000 0.3955
226.0000 0.3962
227.0000 0.3969
230.0000 0.3976
231.0000 0.3983
231.0000 0.3990
232.0000 0.3997
234.0000 0.4004
234.0000 0.4011
234.0000 0.4018
237.0000 0.4026
237.0000 0.4033
237.0000 0.4040
237.0000 0.4047
239.0000 0.4054
240.0000 0.4061
241.0000 0.4068
241.0000 0.4075
241.0000 0.4082
242.0000 0.4089
243.0000 0.4096
243.0000 0.4103
246.0000 0.4111
246.0000 0.4118
246.0000 0.4125
247.0000 0.4132
247.0000 0.4139
248.0000 0.4146
253.0000 0.4153
253.0000 0.4160
254.0000 0.4167
255.0000 0.4174
255.0000 0.4181
258.0000 0.4189
261.0000 0.4196
262.0000 0.4203
264.0000 0.4210
264.0000 0.4217
265.0000 0.4224
265.0000 0.4231
266.0000 0.4238
267.0000 0.4245
269.0000 0.4252
271.0000 0.4259
271.0000 0.4266
272.0000 0.4274
273.0000 0.4281
274.0000 0.4288
275.0000 0.4295
276.0000 0.4302
279.0000 0.4309
279.0000 0.4316
279.0000 0.4323
284.0000 0.4330
285.0000 0.4337
286.0000 0.4344
286.0000 0.4352
288.0000 0.4359
288.0000 0.4366
289.0000 0.4373
290.0000 0.4380
291.0000 0.4387
291.0000 0.4394
292.0000 0.4401
292.0000 0.4408
292.0000 0.4415
294.0000 0.4422
295.0000 0.4429
296.0000 0.4437
297.0000 0.4444
297.0000 0.4451
298.0000 0.4458
299.0000 0.4465
302.0000 0.4472
304.0000 0.4479
306.0000 0.4486
307.0000 0.4493
308.0000 0.4500
308.0000 0.4507
309.0000 0.4515
310.0000 0.4522
312.0000 0.4529
313.0000 0.4536
313.0000 0.4543
313.0000 0.4550
315.0000 0.4557
316.0000 0.4564
319.0000 0.4571
320.0000 0.4578
321.0000 0.4585
321.0000 0.4592
322.0000 0.4600
324.0000 0.4607
324.0000 0.4614
325.0000 0.4621
326.0000 0.4628
327.0000 0.4635
327.0000 0.4642
329.0000 0.4649
330.0000 0.4656
331.0000 0.4663
335.0000 0.4670
341.0000 0.4678
342.0000 0.4685
343.0000 0.4692
343.0000 0.4699
344.0000 0.4706
345.0000 0.4713
349.0000 0.4720
350.0000 0.4727
350.0000 0.4734
350.0000 0.4741
357.0000 0.4748
358.0000 0.4755
361.0000 0.4763
362.0000 0.4770
363.0000 0.4777
364.0000 0.4784
365.0000 0.4791
365.0000 0.4798
367.0000 0.4805
368.0000 0.4812
369.0000 0.4819
372.0000 0.4826
374.0000 0.4833
376.0000 0.4841
376.0000 0.4848
377.0000 0.4855
378.0000 0.4862
378.0000 0.4869
380.0000 0.4876
384.0000 0.4883
393.0000 0.4890
396.0000 0.4897
398.0000 0.4904
402.0000 0.4911
405.0000 0.4918
409.0000 0.4926
409.0000 0.4933
410.0000 0.4940
412.0000 0.4947
413.0000 0.4954
413.0000 0.4961
415.0000 0.4968
417.0000 0.4975
420.0000 0.4982
420.0000 0.4989
421.0000 0.4996
423.0000 0.5004
425.0000 0.5011
428.0000 0.5018
430.0000 0.5025
432.0000 0.5032
433.0000 0.5039
434.0000 0.5046
435.0000 0.5053
436.0000 0.5060
436.0000 0.5067
440.0000 0.5074
443.0000 0.5082
443.0000 0.5089
445.0000 0.5096
445.0000 0.5103
455.0000 0.5110
458.0000 0.5117
460.0000 0.5124
461.0000 0.5131
464.0000 0.5138
466.0000 0.5145
467.0000 0.5152
467.0000 0.5159
472.0000 0.5167
475.0000 0.5174
476.0000 0.5181
477.0000 0.5188
480.0000 0.5195
481.0000 0.5202
481.0000 0.5209
487.0000 0.5216
489.0000 0.5223
495.0000 0.5230
495.0000 0.5237
496.0000 0.5245
496.0000 0.5252
504.0000 0.5259
504.0000 0.5266
505.0000 0.5273
505.0000 0.5280
508.0000 0.5287
509.0000 0.5294
511.0000 0.5301
512.0000 0.5308
517.0000 0.5315
518.0000 0.5322
518.0000 0.5330
519.0000 0.5337
520.0000 0.5344
524.0000 0.5351
524.0000 0.5358
525.0000 0.5365
526.0000 0.5372
527.0000 0.5379
528.0000 0.5386
528.0000 0.5393
528.0000 0.5400
529.0000 0.5408
529.0000 0.5415
534.0000 0.5422
537.0000 0.5429
540.0000 0.5436
540.0000 0.5443
541.0000 0.5450
544.0000 0.5457
545.0000 0.5464
556.0000 0.5471
556.0000 0.5478
556.0000 0.5485
558.0000 0.5493
559.0000 0.5500
564.0000 0.5507
566.0000 0.5514
571.0000 0.5521
574.0000 0.5528
574.0000 0.5535
575.0000 0.5542
576.0000 0.5549
576.0000 0.5556
579.0000 0.5563
585.0000 0.5571
587.0000 0.5578
587.0000 0.5585
589.0000 0.5592
590.0000 0.5599
605.0000 0.5606
622.0000 0.5613
626.0000 0.5620
643.0000 0.5627
646.0000 0.5634
646.0000 0.5641
649.0000 0.5648
653.0000 0.5656
653.0000 0.5663
653.0000 0.5670
657.0000 0.5677
657.0000 0.5684
659.0000 0.5691
668.0000 0.5698
668.0000 0.5705
669.0000 0.5712
671.0000 0.5719
675.0000 0.5726
678.0000 0.5734
685.0000 0.5741
691.0000 0.5748
703.0000 0.5755
710.0000 0.5762
718.0000 0.5769
726.0000 0.5776
735.0000 0.5783
742.0000 0.5790
751.0000 0.5797
753.0000 0.5804
755.0000 0.5811
759.0000 0.5819
773.0000 0.5826
788.0000 0.5833
797.0000 0.5840
803.0000 0.5847
804.0000 0.5854
815.0000 0.5861
817.0000 0.5868
837.0000 0.5875
869.0000 0.5882
880.0000 0.5889
899.0000 0.5897
908.0000 0.5904
908.0000 0.5911
914.0000 0.5918
918.0000 0.5925
922.0000 0.5932
955.0000 0.5939
977.0000 0.5946
979.0000 0.5953
982.0000 0.5960
984.0000 0.5967
988.0000 0.5974
994.0000 0.5982
1029.0000 0.5989
1030.0000 0.5996
1040.0000 0.6003
1041.0000 0.6010
1043.0000 0.6017
1060.0000 0.6024
1070.0000 0.6031
1088.0000 0.6038
1102.0000 0.6045
1106.0000 0.6052
1120.0000 0.6060
1139.0000 0.6067
1153.0000 0.6074
1171.0000 0.6081
1181.0000 0.6088
1219.0000 0.6095
1223.0000 0.6102
1247.0000 0.6109
1259.0000 0.6116
1260.0000 0.6123
1282.0000 0.6130
1291.0000 0.6137
1309.0000 0.6145
1310.0000 0.6152
1336.0000 0.6159
1341.0000 0.6166
1349.0000 0.6173
1359.0000 0.6180
1368.0000 0.6187
1446.0000 0.6194
1461.0000 0.6201
1484.0000 0.6208
1565.0000 0.6215
1628.0000 0.6223
1635.0000 0.6230
1663.0000 0.6237
1714.0000 0.6244
1719.0000 0.6251
1724.0000 0.6258
1762.0000 0.6265
1794.0000 0.6272
1812.0000 0.6279
1823.0000 0.6286
1891.0000 0.6293
2004.0000 0.6300
2052.0000 0.6308
2178.0000 0.6315
2215.0000 0.6322
2333.0000 0.6329
2380.0000 0.6336
2415.0000 0.6343
2496.0000 0.6350
2849.0000 0.6357
2874.0000 0.6364
2880.0000 0.6371
3263.0000 0.6378
3360.0000 0.6386
3986.0000 0.6393
4362.0000 0.6400
