# time  created  delivered  delivered/created
7.0000 1 0 0.0000
16.0000 2 0 0.0000
21.0000 3 0 0.0000
29.0000 4 0 0.0000
37.0000 5 0 0.0000
44.0000 6 0 0.0000
50.0000 7 0 0.0000
58.0000 8 0 0.0000
66.0000 9 0 0.0000
71.0000 10 0 0.0000
79.0000 11 0 0.0000
85.0000 12 0 0.0000
86.0000 12 1 0.0833
91.0000 13 1 0.0769
97.0000 14 1 0.0714
105.0000 15 1 0.0667
112.0000 16 1 0.0625
121.0000 17 1 0.0588
128.0000 18 1 0.0556
134.0000 19 1 0.0526
141.0000 20 1 0.0500
149.0000 21 1 0.0476
155.0000 22 1 0.0455
156.0000 22 2 0.0909
163.0000 23 2 0.0870
168.0000 24 2 0.0833
169.0000 24 3 0.1250
177.0000 25 3 0.1200
182.0000 26 3 0.1154
183.0000 26 4 0.1538
188.0000 27 4 0.1481
193.0000 28 4 0.1429
199.0000 29 4 0.1379
204.0000 30 4 0.1333
213.0000 31 4 0.1290
219.0000 32 4 0.1250
228.0000 33 4 0.1212
235.0000 34 4 0.1176
244.0000 35 4 0.1143
249.0000 35 5 0.1429
251.0000 36 5 0.1389
259.0000 37 5 0.1351
268.0000 38 5 0.1316
276.0000 39 5 0.1282
282.0000 39 6 0.1538
284.0000 40 6 0.1500
284.0000 40 7 0.1750
293.0000 41 7 0.1707
300.0000 42 7 0.1667
304.0000 42 8 0.1905
305.0000 43 8 0.1860
310.0000 44 8 0.1818
314.0000 44 9 0.2045
315.0000 45 9 0.2000
323.0000 46 9 0.1957
330.0000 47 9 0.1915
336.0000 48 9 0.1875
343.0000 49 9 0.1837
352.0000 50 9 0.1800
357.0000 51 9 0.1765
365.0000 52 9 0.1731
371.0000 53 9 0.1698
378.0000 54 9 0.1667
383.0000 54 10 0.1852
386.0000 55 10 0.1818
392.0000 56 10 0.1786
399.0000 57 10 0.1754
406.0000 58 10 0.1724
408.0000 58 11 0.1897
415.0000 59 11 0.1864
420.0000 60 11 0.1833
423.0000 60 12 0.2000
427.0000 61 12 0.1967
435.0000 62 12 0.1935
441.0000 63 12 0.1905
445.0000 63 13 0.2063
448.0000 63 14 0.2222
449.0000 64 14 0.2188
454.0000 65 14 0.2154
457.0000 65 15 0.2308
462.0000 66 15 0.2273
470.0000 67 15 0.2239
478.0000 68 15 0.2206
487.0000 69 15 0.2174
493.0000 70 15 0.2143
493.0000 70 16 0.2286
498.0000 71 16 0.2254
501.0000 71 17 0.2394
507.0000 72 17 0.2361
512.0000 73 17 0.2329
519.0000 74 17 0.2297
524.0000 75 17 0.2267
529.0000 75 18 0.2400
533.0000 76 18 0.2368
539.0000 77 18 0.2338
539.0000 77 19 0.2468
548.0000 78 19 0.2436
555.0000 79 19 0.2405
563.0000 80 19 0.2375
564.0000 80 20 0.2500
572.0000 81 20 0.2469
581.0000 82 20 0.2439
583.0000 82 21 0.2561
590.0000 83 21 0.2530
599.0000 84 21 0.2500
606.0000 85 21 0.2471
606.0000 85 22 0.2588
615.0000 86 22 0.2558
621.0000 87 22 0.2529
627.0000 88 22 0.2500
636.0000 89 22 0.2472
643.0000 90 22 0.2444
647.0000 90 23 0.2556
650.0000 91 23 0.2527
656.0000 91 24 0.2637
659.0000 92 24 0.2609
668.0000 93 24 0.2581
671.0000 93 25 0.2688
673.0000 93 26 0.2796
675.0000 93 27 0.2903
676.0000 94 27 0.2872
679.0000 94 28 0.2979
681.0000 95 28 0.2947
689.0000 96 28 0.2917
694.0000 97 28 0.2887
701.0000 98 28 0.2857
702.0000 98 29 0.2959
706.0000 99 29 0.2929
707.0000 99 30 0.3030
714.0000 100 30 0.3000
721.0000 101 30 0.2970
729.0000 102 30 0.2941
729.0000 102 31 0.3039
733.0000 102 32 0.3137
734.0000 103 32 0.3107
740.0000 103 33 0.3204
741.0000 104 33 0.3173
742.0000 104 34 0.3269
748.0000 105 34 0.3238
753.0000 106 34 0.3208
761.0000 107 34 0.3178
767.0000 107 35 0.3271
769.0000 108 35 0.3241
773.0000 108 36 0.3333
774.0000 109 36 0.3303
781.0000 110 36 0.3273
789.0000 111 36 0.3243
794.0000 112 36 0.3214
796.0000 112 37 0.3304
797.0000 112 38 0.3393
800.0000 113 38 0.3363
801.0000 113 39 0.3451
807.0000 114 39 0.3421
815.0000 115 39 0.3391
821.0000 116 39 0.3362
823.0000 116 40 0.3448
826.0000 117 40 0.3419
827.0000 117 41 0.3504
832.0000 117 42 0.3590
834.0000 118 42 0.3559
838.0000 118 43 0.3644
839.0000 119 43 0.3613
839.0000 119 44 0.3697
840.0000 119 45 0.3782
848.0000 120 45 0.3750
854.0000 121 45 0.3719
863.0000 122 45 0.3689
863.0000 122 46 0.3770
871.0000 123 46 0.3740
877.0000 124 46 0.3710
883.0000 125 46 0.3680
890.0000 126 46 0.3651
892.0000 126 47 0.3730
896.0000 127 47 0.3701
903.0000 128 47 0.3672
907.0000 128 48 0.3750
908.0000 129 48 0.3721
908.0000 129 49 0.3798
914.0000 130 49 0.3769
917.0000 130 50 0.3846
921.0000 131 50 0.3817
929.0000 132 50 0.3788
934.0000 133 50 0.3759
941.0000 134 50 0.3731
943.0000 134 51 0.3806
944.0000 134 52 0.3881
947.0000 134 53 0.3955
948.0000 135 53 0.3926
955.0000 136 53 0.3897
962.0000 137 53 0.3869
962.0000 137 54 0.3942
965.0000 137 55 0.4015
968.0000 138 55 0.3986
974.0000 139 55 0.3957
979.0000 140 55 0.3929
980.0000 140 56 0.4000
988.0000 141 56 0.3972
990.0000 141 57 0.4043
993.0000 142 57 0.4014
998.0000 143 57 0.3986
1003.0000 144 57 0.3958
1003.0000 144 58 0.4028
1012.0000 145 58 0.4000
1019.0000 146 58 0.3973
1023.0000 146 59 0.4041
1025.0000 147 59 0.4014
1027.0000 147 60 0.4082
1030.0000 147 61 0.4150
1032.0000 148 61 0.4122
1040.0000 149 61 0.4094
1046.0000 149 62 0.4161
1047.0000 150 62 0.4133
1056.0000 151 62 0.4106
1059.0000 151 63 0.4172
1065.0000 152 63 0.4145
1074.0000 153 63 0.4118
1081.0000 154 63 0.4091
1082.0000 154 64 0.4156
1090.0000 155 64 0.4129
1091.0000 155 65 0.4194
1096.0000 156 65 0.4167
1101.0000 157 65 0.4140
1104.0000 157 66 0.4204
1108.0000 158 66 0.4177
1115.0000 158 67 0.4241
1116.0000 159 67 0.4214
1116.0000 159 68 0.4277
1123.0000 160 68 0.4250
1129.0000 161 68 0.4224
1136.0000 162 68 0.4198
1143.0000 163 68 0.4172
1148.0000 163 69 0.4233
1152.0000 164 69 0.4207
1157.0000 164 70 0.4268
1158.0000 164 71 0.4329
1158.0000 164 72 0.4390
1161.0000 165 72 0.4364
1165.0000 165 73 0.4424
1170.0000 166 73 0.4398
1174.0000 166 74 0.4458
1176.0000 166 75 0.4518
1176.0000 166 76 0.4578
1177.0000 167 76 0.4551
1177.0000 167 77 0.4611
1177.0000 167 78 0.4671
1178.0000 167 79 0.4731
1182.0000 168 79 0.4702
1189.0000 169 79 0.4675
1190.0000 169 80 0.4734
1194.0000 169 81 0.4793
1195.0000 170 81 0.4765
1200.0000 171 81 0.4737
1206.0000 172 81 0.4709
1206.0000 172 82 0.4767
1214.0000 172 83 0.4826
1215.0000 173 83 0.4798
1216.0000 173 84 0.4855
1217.0000 173 85 0.4913
1223.0000 174 85 0.4885
1225.0000 174 86 0.4943
1226.0000 174 87 0.5000
1228.0000 175 87 0.4971
1229.0000 175 88 0.5029
1233.0000 176 88 0.5000
1239.0000 176 89 0.5057
1242.0000 177 89 0.5028
1247.0000 178 89 0.5000
1252.0000 178 90 0.5056
1253.0000 179 90 0.5028
1262.0000 180 90 0.5000
1265.0000 180 91 0.5056
1267.0000 181 91 0.5028
1269.0000 181 92 0.5083
1270.0000 181 93 0.5138
1273.0000 182 93 0.5110
1281.0000 183 93 0.5082
1282.0000 183 94 0.5137
1288.0000 184 94 0.5109
1290.0000 184 95 0.5163
1294.0000 185 95 0.5135
1300.0000 186 95 0.5108
1301.0000 186 96 0.5161
1305.0000 186 97 0.5215
1305.0000 186 98 0.5269
1307.0000 187 98 0.5241
1313.0000 188 98 0.5213
1318.0000 188 99 0.5266
1319.0000 189 99 0.5238
1319.0000 189 100 0.5291
1327.0000 190 100 0.5263
1336.0000 191 100 0.5236
1339.0000 191 101 0.5288
1342.0000 191 102 0.5340
1344.0000 192 102 0.5313
1349.0000 193 102 0.5285
1351.0000 193 103 0.5337
1353.0000 193 104 0.5389
1358.0000 194 104 0.5361
1366.0000 195 104 0.5333
1372.0000 196 104 0.5306
1377.0000 197 104 0.5279
1378.0000 197 105 0.5330
1378.0000 197 106 0.5381
1379.0000 197 107 0.5431
1383.0000 198 107 0.5404
1387.0000 198 108 0.5455
1389.0000 199 108 0.5427
1394.0000 200 108 0.5400
1400.0000 200 109 0.5450
1403.0000 201 109 0.5423
1409.0000 201 110 0.5473
1411.0000 202 110 0.5446
1416.0000 202 111 0.5495
1418.0000 202 112 0.5545
1420.0000 203 112 0.5517
1428.0000 204 112 0.5490
1437.0000 205 112 0.5463
1446.0000 206 112 0.5437
1446.0000 206 113 0.5485
1447.0000 206 114 0.5534
1453.0000 206 115 0.5583
1455.0000 207 115 0.5556
1460.0000 207 116 0.5604
1461.0000 207 117 0.5652
1464.0000 208 117 0.5625
1469.0000 209 117 0.5598
1471.0000 209 118 0.5646
1476.0000 210 118 0.5619
1477.0000 210 119 0.5667
1485.0000 211 119 0.5640
1485.0000 211 120 0.5687
1490.0000 211 121 0.5735
1492.0000 212 121 0.5708
1498.0000 212 122 0.5755
1499.0000 213 122 0.5728
1501.0000 213 123 0.5775
1501.0000 213 124 0.5822
1506.0000 214 124 0.5794
1506.0000 214 125 0.5841
1507.0000 214 126 0.5888
1515.0000 215 126 0.5860
1522.0000 216 126 0.5833
1522.0000 216 127 0.5880
1531.0000 217 127 0.5853
1533.0000 217 128 0.5899
1537.0000 218 128 0.5872
1545.0000 219 128 0.5845
1549.0000 219 129 0.5890
1553.0000 220 129 0.5864
1558.0000 220 130 0.5909
1560.0000 221 130 0.5882
1568.0000 222 130 0.5856
1572.0000 222 131 0.5901
1575.0000 223 131 0.5874
1580.0000 224 131 0.5848
1582.0000 224 132 0.5893
1583.0000 224 133 0.5938
1584.0000 224 134 0.5982
1586.0000 225 134 0.5956
1593.0000 226 134 0.5929
1593.0000 226 135 0.5973
1599.0000 227 135 0.5947
1600.0000 227 136 0.5991
1606.0000 228 136 0.5965
1611.0000 228 137 0.6009
1614.0000 229 137 0.5983
1615.0000 229 138 0.6026
1622.0000 230 138 0.6000
1628.0000 231 138 0.5974
1634.0000 232 138 0.5948
1642.0000 233 138 0.5923
1647.0000 233 139 0.5966
1651.0000 234 139 0.5940
1656.0000 235 139 0.5915
1664.0000 236 139 0.5890
1667.0000 236 140 0.5932
1670.0000 237 140 0.5907
1675.0000 238 140 0.5882
1681.0000 239 140 0.5858
1688.0000 240 140 0.5833
1696.0000 240 141 0.5875
1697.0000 241 141 0.5851
1699.0000 241 142 0.5892
1699.0000 241 143 0.5934
1701.0000 241 144 0.5975
1704.0000 241 145 0.6017
1706.0000 242 145 0.5992
1711.0000 243 145 0.5967
1716.0000 244 145 0.5943
1725.0000 245 145 0.5918
1726.0000 245 146 0.5959
1730.0000 246 146 0.5935
1733.0000 246 147 0.5976
1737.0000 247 147 0.5951
1744.0000 248 147 0.5927
1749.0000 249 147 0.5904
1758.0000 250 147 0.5880
1764.0000 251 147 0.5857
1771.0000 252 147 0.5833
1774.0000 252 148 0.5873
1780.0000 253 148 0.5850
1787.0000 254 148 0.5827
1795.0000 255 148 0.5804
1799.0000 255 149 0.5843
1803.0000 256 149 0.5820
1810.0000 257 149 0.5798
1817.0000 258 149 0.5775
1819.0000 258 150 0.5814
1826.0000 259 150 0.5792
1835.0000 260 150 0.5769
1844.0000 261 150 0.5747
1850.0000 262 150 0.5725
1853.0000 262 151 0.5763
1854.0000 262 152 0.5802
1859.0000 263 152 0.5779
1864.0000 263 153 0.5817
1866.0000 264 153 0.5795
1868.0000 264 154 0.5833
1869.0000 264 155 0.5871
1875.0000 265 155 0.5849
1882.0000 266 155 0.5827
1886.0000 266 156 0.5865
1890.0000 267 156 0.5843
1892.0000 267 157 0.5880
1896.0000 268 157 0.5858
1902.0000 269 157 0.5836
1910.0000 270 157 0.5815
1911.0000 270 158 0.5852
1919.0000 271 158 0.5830
1921.0000 271 159 0.5867
1922.0000 271 160 0.5904
1926.0000 272 160 0.5882
1932.0000 273 160 0.5861
1936.0000 273 161 0.5897
1939.0000 274 161 0.5876
1941.0000 274 162 0.5912
1946.0000 275 162 0.5891
1952.0000 276 162 0.5870
1958.0000 277 162 0.5848
1966.0000 278 162 0.5827
1968.0000 278 163 0.5863
1971.0000 279 163 0.5842
1976.0000 280 163 0.5821
1984.0000 281 163 0.5801
1989.0000 281 164 0.5836
1990.0000 282 164 0.5816
1991.0000 282 165 0.5851
1993.0000 282 166 0.5887
1994.0000 282 167 0.5922
1994.0000 282 168 0.5957
1995.0000 282 169 0.5993
1999.0000 283 169 0.5972
2004.0000 284 169 0.5951
2008.0000 284 170 0.5986
2009.0000 284 171 0.6021
2010.0000 285 171 0.6000
2018.0000 286 171 0.5979
2024.0000 287 171 0.5958
2031.0000 288 171 0.5938
2039.0000 289 171 0.5917
2041.0000 289 172 0.5952
2045.0000 290 172 0.5931
2047.0000 290 173 0.5966
2051.0000 290 174 0.6000
2053.0000 291 174 0.5979
2054.0000 291 175 0.6014
2059.0000 292 175 0.5993
2060.0000 292 176 0.6027
2066.0000 293 176 0.6007
2070.0000 293 177 0.6041
2071.0000 293 178 0.6075
2072.0000 293 179 0.6109
2074.0000 294 179 0.6088
2083.0000 295 179 0.6068
2085.0000 295 180 0.6102
2089.0000 296 180 0.6081
2096.0000 296 181 0.6115
2098.0000 297 181 0.6094
2099.0000 297 182 0.6128
2101.0000 297 183 0.6162
2106.0000 297 184 0.6195
2107.0000 298 184 0.6174
2114.0000 299 184 0.6154
2115.0000 299 185 0.6187
2119.0000 300 185 0.6167
2119.0000 300 186 0.6200
2127.0000 301 186 0.6179
2133.0000 301 187 0.6213
2135.0000 302 187 0.6192
2143.0000 302 188 0.6225
2144.0000 303 188 0.6205
2149.0000 304 188 0.6184
2150.0000 304 189 0.6217
2156.0000 305 189 0.6197
2164.0000 306 189 0.6176
2165.0000 306 190 0.6209
2170.0000 307 190 0.6189
2177.0000 308 190 0.6169
2177.0000 308 191 0.6201
2184.0000 309 191 0.6181
2192.0000 310 191 0.6161
2193.0000 310 192 0.6194
2196.0000 310 193 0.6226
2198.0000 311 193 0.6206
2203.0000 312 193 0.6186
2210.0000 313 193 0.6166
2217.0000 314 193 0.6146
2223.0000 315 193 0.6127
2228.0000 316 193 0.6108
2235.0000 316 194 0.6139
2237.0000 317 194 0.6120
2245.0000 318 194 0.6101
2253.0000 319 194 0.6082
2255.0000 319 195 0.6113
2259.0000 320 195 0.6094
2262.0000 320 196 0.6125
2265.0000 321 196 0.6106
2268.0000 321 197 0.6137
2268.0000 321 198 0.6168
2273.0000 322 198 0.6149
2275.0000 322 199 0.6180
2278.0000 323 199 0.6161
2285.0000 324 199 0.6142
2288.0000 324 200 0.6173
2292.0000 325 200 0.6154
2295.0000 325 201 0.6185
2301.0000 326 201 0.6166
2307.0000 327 201 0.6147
2316.0000 328 201 0.6128
2323.0000 329 201 0.6109
2326.0000 329 202 0.6140
2329.0000 330 202 0.6121
2334.0000 331 202 0.6103
2342.0000 332 202 0.6084
2350.0000 333 202 0.6066
2351.0000 333 203 0.6096
2351.0000 333 204 0.6126
2357.0000 334 204 0.6108
2357.0000 334 205 0.6138
2359.0000 334 206 0.6168
2361.0000 334 207 0.6198
2363.0000 335 207 0.6179
2365.0000 335 208 0.6209
2372.0000 336 208 0.6190
2378.0000 337 208 0.6172
2387.0000 338 208 0.6154
2392.0000 339 208 0.6136
2401.0000 340 208 0.6118
2409.0000 341 208 0.6100
2416.0000 341 209 0.6129
2417.0000 342 209 0.6111
2422.0000 343 209 0.6093
2422.0000 343 210 0.6122
2422.0000 343 211 0.6152
2423.0000 343 212 0.6181
2423.0000 343 213 0.6210
2424.0000 343 214 0.6239
2426.0000 343 215 0.6268
2431.0000 344 215 0.6250
2439.0000 345 215 0.6232
2439.0000 345 216 0.6261
2445.0000 346 216 0.6243
2451.0000 347 216 0.6225
2460.0000 348 216 0.6207
2467.0000 349 216 0.6189
2475.0000 350 216 0.6171
2481.0000 351 216 0.6154
2488.0000 352 216 0.6136
2489.0000 352 217 0.6165
2497.0000 353 217 0.6147
2500.0000 353 218 0.6176
2505.0000 354 218 0.6158
2510.0000 355 218 0.6141
2516.0000 356 218 0.6124
2525.0000 357 218 0.6106
2534.0000 358 218 0.6089
2540.0000 359 218 0.6072
2547.0000 360 218 0.6056
2552.0000 361 218 0.6039
2557.0000 361 219 0.6066
2560.0000 362 219 0.6050
2567.0000 362 220 0.6077
2568.0000 363 220 0.6061
2571.0000 363 221 0.6088
2573.0000 364 221 0.6071
2579.0000 365 221 0.6055
2585.0000 366 221 0.6038
2591.0000 366 222 0.6066
2592.0000 367 222 0.6049
2597.0000 367 223 0.6076
2598.0000 368 223 0.6060
2603.0000 369 223 0.6043
2608.0000 370 223 0.6027
2614.0000 371 223 0.6011
2620.0000 372 223 0.5995
2625.0000 372 224 0.6022
2626.0000 373 224 0.6005
2631.0000 374 224 0.5989
2632.0000 374 225 0.6016
2635.0000 374 226 0.6043
2637.0000 374 227 0.6070
2639.0000 375 227 0.6053
2644.0000 376 227 0.6037
2652.0000 377 227 0.6021
2657.0000 378 227 0.6005
2658.0000 378 228 0.6032
2665.0000 379 228 0.6016
2665.0000 379 229 0.6042
2673.0000 380 229 0.6026
2673.0000 380 230 0.6053
2681.0000 381 230 0.6037
2690.0000 382 230 0.6021
2699.0000 383 230 0.6005
2703.0000 383 231 0.6031
2708.0000 384 231 0.6016
2714.0000 385 231 0.6000
2722.0000 386 231 0.5984
2722.0000 386 232 0.6010
2723.0000 386 233 0.6036
2729.0000 387 233 0.6021
2734.0000 388 233 0.6005
2736.0000 388 234 0.6031
2743.0000 389 234 0.6015
2747.0000 389 235 0.6041
2748.0000 390 235 0.6026
2757.0000 391 235 0.6010
2764.0000 392 235 0.5995
2770.0000 393 235 0.5980
2777.0000 394 235 0.5964
2777.0000 394 236 0.5990
2785.0000 395 236 0.5975
2790.0000 396 236 0.5960
2797.0000 397 236 0.5945
2805.0000 398 236 0.5930
2813.0000 399 236 0.5915
2818.0000 399 237 0.5940
2821.0000 400 237 0.5925
2829.0000 401 237 0.5910
2829.0000 401 238 0.5935
2834.0000 402 238 0.5920
2842.0000 403 238 0.5906
2847.0000 404 238 0.5891
2852.0000 405 238 0.5877
2853.0000 405 239 0.5901
2855.0000 405 240 0.5926
2857.0000 406 240 0.5911
2863.0000 407 240 0.5897
2870.0000 407 241 0.5921
2872.0000 408 241 0.5907
2881.0000 409 241 0.5892
2887.0000 410 241 0.5878
2896.0000 411 241 0.5864
2899.0000 411 242 0.5888
2904.0000 412 242 0.5874
2911.0000 413 242 0.5860
2916.0000 414 242 0.5845
2921.0000 414 243 0.5870
2922.0000 415 243 0.5855
2924.0000 415 244 0.5880
2927.0000 416 244 0.5865
2936.0000 417 244 0.5851
2938.0000 417 245 0.5875
2942.0000 418 245 0.5861
2942.0000 418 246 0.5885
2951.0000 419 246 0.5871
2955.0000 419 247 0.5895
2956.0000 420 247 0.5881
2961.0000 421 247 0.5867
2965.0000 421 248 0.5891
2970.0000 422 248 0.5877
2972.0000 422 249 0.5900
2973.0000 422 250 0.5924
2974.0000 422 251 0.5948
2975.0000 423 251 0.5934
2976.0000 423 252 0.5957
2979.0000 423 253 0.5981
2984.0000 424 253 0.5967
2991.0000 425 253 0.5953
3000.0000 426 253 0.5939
3008.0000 427 253 0.5925
3009.0000 427 254 0.5948
3017.0000 428 254 0.5935
3019.0000 428 255 0.5958
3025.0000 429 255 0.5944
3034.0000 430 255 0.5930
3040.0000 431 255 0.5916
3043.0000 431 256 0.5940
3045.0000 431 257 0.5963
3046.0000 432 257 0.5949
3049.0000 432 258 0.5972
3051.0000 433 258 0.5958
3053.0000 433 259 0.5982
3060.0000 434 259 0.5968
3067.0000 435 259 0.5954
3069.0000 435 260 0.5977
3071.0000 435 261 0.6000
3073.0000 436 261 0.5986
3080.0000 437 261 0.5973
3083.0000 437 262 0.5995
3085.0000 438 262 0.5982
3091.0000 439 262 0.5968
3092.0000 439 263 0.5991
3097.0000 440 263 0.5977
3106.0000 441 263 0.5964
3114.0000 442 263 0.5950
3123.0000 443 263 0.5937
3127.0000 443 264 0.5959
3127.0000 443 265 0.5982
3131.0000 444 265 0.5968
3138.0000 445 265 0.5955
3144.0000 446 265 0.5942
3151.0000 447 265 0.5928
3159.0000 448 265 0.5915
3161.0000 448 266 0.5938
3166.0000 449 266 0.5924
3175.0000 450 266 0.5911
3184.0000 451 266 0.5898
3188.0000 451 267 0.5920
3189.0000 452 267 0.5907
3197.0000 453 267 0.5894
3204.0000 454 267 0.5881
3205.0000 454 268 0.5903
3211.0000 455 268 0.5890
3211.0000 455 269 0.5912
3218.0000 456 269 0.5899
3227.0000 457 269 0.5886
3231.0000 457 270 0.5908
3233.0000 457 271 0.5930
3236.0000 458 271 0.5917
3237.0000 458 272 0.5939
3242.0000 459 272 0.5926
3244.0000 459 273 0.5948
3251.0000 460 273 0.5935
3251.0000 460 274 0.5957
3258.0000 461 274 0.5944
3266.0000 462 274 0.5931
3268.0000 462 275 0.5952
3274.0000 463 275 0.5940
3282.0000 464 275 0.5927
3291.0000 465 275 0.5914
3298.0000 466 275 0.5901
3302.0000 466 276 0.5923
3303.0000 467 276 0.5910
3309.0000 468 276 0.5897
3318.0000 469 276 0.5885
3321.0000 469 277 0.5906
3323.0000 469 278 0.5928
3324.0000 470 278 0.5915
3329.0000 470 279 0.5936
3330.0000 471 279 0.5924
3338.0000 472 279 0.5911
3341.0000 472 280 0.5932
3344.0000 473 280 0.5920
3351.0000 474 280 0.5907
3356.0000 475 280 0.5895
3361.0000 475 281 0.5916
3362.0000 476 281 0.5903
3365.0000 476 282 0.5924
3365.0000 476 283 0.5945
3369.0000 476 284 0.5966
3371.0000 477 284 0.5954
3380.0000 478 284 0.5941
3388.0000 479 284 0.5929
3395.0000 480 284 0.5917
3403.0000 481 284 0.5904
3403.0000 481 285 0.5925
3409.0000 482 285 0.5913
3411.0000 482 286 0.5934
3417.0000 483 286 0.5921
3421.0000 483 287 0.5942
3424.0000 484 287 0.5930
3430.0000 485 287 0.5918
3439.0000 486 287 0.5905
3442.0000 486 288 0.5926
3445.0000 486 289 0.5947
3446.0000 487 289 0.5934
3446.0000 487 290 0.5955
3446.0000 487 291 0.5975
3451.0000 487 292 0.5996
3453.0000 488 292 0.5984
3457.0000 488 293 0.6004
3460.0000 489 293 0.5992
3464.0000 489 294 0.6012
3467.0000 490 294 0.6000
3472.0000 491 294 0.5988
3477.0000 492 294 0.5976
3484.0000 493 294 0.5963
3488.0000 493 295 0.5984
3492.0000 494 295 0.5972
3500.0000 495 295 0.5960
3506.0000 496 295 0.5948
3507.0000 496 296 0.5968
3512.0000 497 296 0.5956
3519.0000 498 296 0.5944
3525.0000 499 296 0.5932
3531.0000 500 296 0.5920
3532.0000 500 297 0.5940
3537.0000 501 297 0.5928
3542.0000 501 298 0.5948
3546.0000 502 298 0.5936
3546.0000 502 299 0.5956
3547.0000 502 300 0.5976
3555.0000 503 300 0.5964
3561.0000 504 300 0.5952
3570.0000 505 300 0.5941
3578.0000 506 300 0.5929
3586.0000 507 300 0.5917
3593.0000 508 300 0.5906
3599.0000 509 300 0.5894
3601.0000 509 301 0.5914
3606.0000 509 302 0.5933
3607.0000 509 303 0.5953
3608.0000 510 303 0.5941
3613.0000 511 303 0.5930
3620.0000 512 303 0.5918
3624.0000 512 304 0.5938
3625.0000 513 304 0.5926
3628.0000 513 305 0.5945
3630.0000 514 305 0.5934
3634.0000 514 306 0.5953
3635.0000 515 306 0.5942
3643.0000 516 306 0.5930
3652.0000 517 306 0.5919
3652.0000 517 307 0.5938
3654.0000 517 308 0.5957
3657.0000 517 309 0.5977
3658.0000 517 310 0.5996
3660.0000 518 310 0.5985
3665.0000 518 311 0.6004
3666.0000 519 311 0.5992
3667.0000 519 312 0.6012
3668.0000 519 313 0.6031
3671.0000 520 313 0.6019
3679.0000 521 313 0.6008
3684.0000 522 313 0.5996
3685.0000 522 314 0.6015
3691.0000 523 314 0.6004
3697.0000 524 314 0.5992
3698.0000 524 315 0.6011
3701.0000 524 316 0.6031
3702.0000 525 316 0.6019
3703.0000 525 317 0.6038
3704.0000 525 318 0.6057
3708.0000 526 318 0.6046
3710.0000 526 319 0.6065
3712.0000 526 320 0.6084
3717.0000 527 320 0.6072
3724.0000 527 321 0.6091
3725.0000 528 321 0.6080
3726.0000 528 322 0.6098
3730.0000 529 322 0.6087
3738.0000 529 323 0.6106
3739.0000 530 323 0.6094
3741.0000 530 324 0.6113
3747.0000 531 324 0.6102
3755.0000 531 325 0.6121
3756.0000 532 325 0.6109
3764.0000 533 325 0.6098
3772.0000 534 325 0.6086
3780.0000 535 325 0.6075
3787.0000 536 325 0.6063
3796.0000 537 325 0.6052
3805.0000 538 325 0.6041
3812.0000 539 325 0.6030
3817.0000 540 325 0.6019
3817.0000 540 326 0.6037
3825.0000 540 327 0.6056
3826.0000 541 327 0.6044
3833.0000 542 327 0.6033
3838.0000 543 327 0.6022
3845.0000 544 327 0.6011
3847.0000 544 328 0.6029
3851.0000 544 329 0.6048
3852.0000 545 329 0.6037
3855.0000 545 330 0.6055
3858.0000 546 330 0.6044
3863.0000 547 330 0.6033
3863.0000 547 331 0.6051
3863.0000 547 332 0.6069
3864.0000 547 333 0.6088
3867.0000 547 334 0.6106
3872.0000 548 334 0.6095
3873.0000 548 335 0.6113
3873.0000 548 336 0.6131
3880.0000 549 336 0.6120
3881.0000 549 337 0.6138
3883.0000 549 338 0.6157
3888.0000 550 338 0.6145
3897.0000 551 338 0.6134
3900.0000 551 339 0.6152
3903.0000 552 339 0.6141
3904.0000 552 340 0.6159
3909.0000 553 340 0.6148
3915.0000 554 340 0.6137
3920.0000 554 341 0.6155
3922.0000 555 341 0.6144
3927.0000 556 341 0.6133
3934.0000 557 341 0.6122
3942.0000 558 341 0.6111
3947.0000 559 341 0.6100
3954.0000 560 341 0.6089
3955.0000 560 342 0.6107
3958.0000 560 343 0.6125
3959.0000 560 344 0.6143
3960.0000 560 345 0.6161
3963.0000 561 345 0.6150
3970.0000 562 345 0.6139
3978.0000 563 345 0.6128
3981.0000 563 346 0.6146
3982.0000 563 347 0.6163
3985.0000 564 347 0.6152
3987.0000 564 348 0.6170
3990.0000 565 348 0.6159
3992.0000 565 349 0.6177
3993.0000 565 350 0.6195
3994.0000 565 351 0.6212
3997.0000 566 351 0.6201
4001.0000 566 352 0.6219
4002.0000 567 352 0.6208
4007.0000 567 353 0.6226
4011.0000 568 353 0.6215
4012.0000 568 354 0.6232
4017.0000 569 354 0.6221
4023.0000 570 354 0.6211
4027.0000 570 355 0.6228
4030.0000 571 355 0.6217
4038.0000 572 355 0.6206
4046.0000 573 355 0.6195
4047.0000 573 356 0.6213
4052.0000 574 356 0.6202
4053.0000 574 357 0.6220
4058.0000 574 358 0.6237
4061.0000 575 358 0.6226
4067.0000 576 358 0.6215
4076.0000 577 358 0.6205
4079.0000 577 359 0.6222
4083.0000 578 359 0.6211
4085.0000 578 360 0.6228
4091.0000 579 360 0.6218
4095.0000 579 361 0.6235
4096.0000 580 361 0.6224
4096.0000 580 362 0.6241
4105.0000 581 362 0.6231
4111.0000 581 363 0.6248
4113.0000 582 363 0.6237
4117.0000 582 364 0.6254
4118.0000 582 365 0.6271
4122.0000 583 365 0.6261
4122.0000 583 366 0.6278
4126.0000 583 367 0.6295
4127.0000 584 367 0.6284
4135.0000 585 367 0.6274
4143.0000 586 367 0.6263
4152.0000 587 367 0.6252
4157.0000 588 367 0.6241
4157.0000 588 368 0.6259
4166.0000 589 368 0.6248
4174.0000 590 368 0.6237
4178.0000 590 369 0.6254
4181.0000 591 369 0.6244
4186.0000 592 369 0.6233
4192.0000 593 369 0.6223
4200.0000 593 370 0.6239
4201.0000 594 370 0.6229
4208.0000 595 370 0.6218
4209.0000 595 371 0.6235
4216.0000 596 371 0.6225
4216.0000 596 372 0.6242
4223.0000 597 372 0.6231
4224.0000 597 373 0.6248
4229.0000 598 373 0.6237
4234.0000 598 374 0.6254
4235.0000 599 374 0.6244
4236.0000 599 375 0.6260
4241.0000 600 375 0.6250
4247.0000 600 376 0.6267
4247.0000 600 377 0.6283
4250.0000 601 377 0.6273
4251.0000 601 378 0.6290
4253.0000 601 379 0.6306
4254.0000 601 380 0.6323
4255.0000 602 380 0.6312
4264.0000 603 380 0.6302
4272.0000 604 380 0.6291
4277.0000 605 380 0.6281
4280.0000 605 381 0.6298
4283.0000 605 382 0.6314
4286.0000 606 382 0.6304
4291.0000 607 382 0.6293
4296.0000 608 382 0.6283
4302.0000 609 382 0.6273
4309.0000 610 382 0.6262
4315.0000 611 382 0.6252
4318.0000 611 383 0.6268
4318.0000 611 384 0.6285
4320.0000 612 384 0.6275
4324.0000 612 385 0.6291
4329.0000 613 385 0.6281
4335.0000 614 385 0.6270
4343.0000 615 385 0.6260
4350.0000 615 386 0.6276
4351.0000 616 386 0.6266
4356.0000 617 386 0.6256
4358.0000 617 387 0.6272
4361.0000 618 387 0.6262
4368.0000 619 387 0.6252
4374.0000 619 388 0.6268
4375.0000 620 388 0.6258
4376.0000 620 389 0.6274
4376.0000 620 390 0.6290
4377.0000 620 391 0.6306
4377.0000 620 392 0.6323
4378.0000 620 393 0.6339
4381.0000 621 393 0.6329
4382.0000 621 394 0.6345
4389.0000 621 395 0.6361
4390.0000 622 395 0.6350
4391.0000 622 396 0.6367
4394.0000 622 397 0.6383
4396.0000 623 397 0.6372
4399.0000 623 398 0.6388
4403.0000 623 399 0.6404
4404.0000 624 399 0.6394
4413.0000 625 399 0.6384
4414.0000 625 400 0.6400
4421.0000 626 400 0.6390
4426.0000 627 400 0.6380
4431.0000 628 400 0.6369
4432.0000 628 401 0.6385
4437.0000 629 401 0.6375
4440.0000 629 402 0.6391
4446.0000 630 402 0.6381
4447.0000 630 403 0.6397
4452.0000 631 403 0.6387
4458.0000 632 403 0.6377
4462.0000 632 404 0.6392
4465.0000 633 404 0.6382
4465.0000 633 405 0.6398
4470.0000 633 406 0.6414
4471.0000 634 406 0.6404
4476.0000 635 406 0.6394
4482.0000 636 406 0.6384
4487.0000 637 406 0.6374
4488.0000 637 407 0.6389
4494.0000 638 407 0.6379
4494.0000 638 408 0.6395
4501.0000 638 409 0.6411
4502.0000 638 410 0.6426
4503.0000 639 410 0.6416
4511.0000 640 410 0.6406
4511.0000 640 411 0.6422
4516.0000 640 412 0.6438
4517.0000 641 412 0.6427
4518.0000 641 413 0.6443
4525.0000 642 413 0.6433
4530.0000 643 413 0.6423
4536.0000 644 413 0.6413
4545.0000 645 413 0.6403
4553.0000 646 413 0.6393
4558.0000 647 413 0.6383
4560.0000 647 414 0.6399
4567.0000 648 414 0.6389
4574.0000 649 414 0.6379
4582.0000 650 414 0.6369
4588.0000 651 414 0.6359
4594.0000 652 414 0.6350
4594.0000 652 415 0.6365
4595.0000 652 416 0.6380
4596.0000 652 417 0.6396
4599.0000 653 417 0.6386
4607.0000 654 417 0.6376
4612.0000 655 417 0.6366
4617.0000 655 418 0.6382
4621.0000 656 418 0.6372
4623.0000 656 419 0.6387
4627.0000 657 419 0.6377
4628.0000 657 420 0.6393
4634.0000 658 420 0.6383
4642.0000 659 420 0.6373
4651.0000 660 420 0.6364
4651.0000 660 421 0.6379
4657.0000 661 421 0.6369
4663.0000 662 421 0.6360
4663.0000 662 422 0.6375
4665.0000 662 423 0.6390
4669.0000 663 423 0.6380
4678.0000 664 423 0.6370
4679.0000 664 424 0.6386
4684.0000 665 424 0.6376
4684.0000 665 425 0.6391
4689.0000 665 426 0.6406
4691.0000 666 426 0.6396
4697.0000 667 426 0.6387
4706.0000 668 426 0.6377
4708.0000 668 427 0.6392
4710.0000 668 428 0.6407
4712.0000 669 428 0.6398
4720.0000 670 428 0.6388
4728.0000 671 428 0.6379
4736.0000 671 429 0.6393
4737.0000 672 429 0.6384
4737.0000 672 430 0.6399
4744.0000 673 430 0.6389
4752.0000 674 430 0.6380
4757.0000 675 430 0.6370
4766.0000 676 430 0.6361
4767.0000 676 431 0.6376
4772.0000 677 431 0.6366
4781.0000 678 431 0.6357
4786.0000 679 431 0.6348
4792.0000 680 431 0.6338
4794.0000 680 432 0.6353
4799.0000 681 432 0.6344
4799.0000 681 433 0.6358
4804.0000 682 433 0.6349
4809.0000 683 433 0.6340
4815.0000 684 433 0.6330
4820.0000 684 434 0.6345
4821.0000 684 435 0.6360
4821.0000 684 436 0.6374
4822.0000 685 436 0.6365
4831.0000 686 436 0.6356
4834.0000 686 437 0.6370
4839.0000 687 437 0.6361
4842.0000 687 438 0.6376
4845.0000 688 438 0.6366
4854.0000 689 438 0.6357
4862.0000 690 438 0.6348
4864.0000 690 439 0.6362
4864.0000 690 440 0.6377
4865.0000 690 441 0.6391
4867.0000 691 441 0.6382
4868.0000 691 442 0.6397
4871.0000 691 443 0.6411
4874.0000 692 443 0.6402
4879.0000 692 444 0.6416
4881.0000 693 444 0.6407
4890.0000 694 444 0.6398
4896.0000 695 444 0.6388
4902.0000 696 444 0.6379
4908.0000 697 444 0.6370
4917.0000 698 444 0.6361
4923.0000 699 444 0.6352
4926.0000 699 445 0.6366
4928.0000 700 445 0.6357
4936.0000 700 446 0.6371
4937.0000 701 446 0.6362
4941.0000 701 447 0.6377
4942.0000 701 448 0.6391
4943.0000 701 449 0.6405
4945.0000 702 449 0.6396
4947.0000 702 450 0.6410
4949.0000 702 451 0.6425
4950.0000 703 451 0.6415
4959.0000 704 451 0.6406
4961.0000 704 452 0.6420
4964.0000 705 452 0.6411
4966.0000 705 453 0.6426
4968.0000 705 454 0.6440
4970.0000 706 454 0.6431
4978.0000 707 454 0.6421
4983.0000 708 454 0.6412
4988.0000 709 454 0.6403
4989.0000 709 455 0.6417
4997.0000 710 455 0.6408
5004.0000 711 455 0.6399
5009.0000 711 456 0.6414
5013.0000 712 456 0.6404
5016.0000 712 457 0.6419
5019.0000 713 457 0.6410
5028.0000 714 457 0.6401
5029.0000 714 458 0.6415
5036.0000 715 458 0.6406
5044.0000 716 458 0.6397
5053.0000 717 458 0.6388
5056.0000 717 459 0.6402
5058.0000 718 459 0.6393
5059.0000 718 460 0.6407
5067.0000 719 460 0.6398
5068.0000 719 461 0.6412
5073.0000 720 461 0.6403
5078.0000 720 462 0.6417
5081.0000 721 462 0.6408
5086.0000 722 462 0.6399
5090.0000 722 463 0.6413
5093.0000 723 463 0.6404
5094.0000 723 464 0.6418
5099.0000 724 464 0.6409
5108.0000 725 464 0.6400
5108.0000 725 465 0.6414
5114.0000 725 466 0.6428
5115.0000 725 467 0.6441
5116.0000 726 467 0.6433
5124.0000 727 467 0.6424
5129.0000 727 468 0.6437
5133.0000 728 468 0.6429
5133.0000 728 469 0.6442
5136.0000 728 470 0.6456
5141.0000 728 471 0.6470
5142.0000 729 471 0.6461
5145.0000 729 472 0.6475
5146.0000 729 473 0.6488
5147.0000 730 473 0.6479
5155.0000 731 473 0.6471
5161.0000 732 473 0.6462
5164.0000 732 474 0.6475
5166.0000 733 474 0.6467
5175.0000 734 474 0.6458
5180.0000 735 474 0.6449
5186.0000 736 474 0.6440
5191.0000 736 475 0.6454
5192.0000 736 476 0.6467
5193.0000 736 477 0.6481
5193.0000 736 478 0.6495
5195.0000 737 478 0.6486
5202.0000 738 478 0.6477
5204.0000 738 479 0.6491
5205.0000 738 480 0.6504
5209.0000 739 480 0.6495
5211.0000 739 481 0.6509
5211.0000 739 482 0.6522
5211.0000 739 483 0.6536
5218.0000 740 483 0.6527
5224.0000 741 483 0.6518
5225.0000 741 484 0.6532
5232.0000 742 484 0.6523
5238.0000 742 485 0.6536
5239.0000 743 485 0.6528
5244.0000 744 485 0.6519
5250.0000 745 485 0.6510
5256.0000 746 485 0.6501
5261.0000 746 486 0.6515
5264.0000 747 486 0.6506
5273.0000 748 486 0.6497
5282.0000 749 486 0.6489
5282.0000 749 487 0.6502
5290.0000 750 487 0.6493
5290.0000 750 488 0.6507
5298.0000 751 488 0.6498
5305.0000 752 488 0.6489
5312.0000 753 488 0.6481
5315.0000 753 489 0.6494
5318.0000 753 490 0.6507
5320.0000 754 490 0.6499
5328.0000 755 490 0.6490
5335.0000 756 490 0.6481
5338.0000 756 491 0.6495
5341.0000 756 492 0.6508
5342.0000 756 493 0.6521
5344.0000 757 493 0.6513
5352.0000 758 493 0.6504
5359.0000 759 493 0.6495
5366.0000 760 493 0.6487
5372.0000 761 493 0.6478
5373.0000 761 494 0.6491
5375.0000 761 495 0.6505
5379.0000 762 495 0.6496
5384.0000 763 495 0.6488
5389.0000 764 495 0.6479
5389.0000 764 496 0.6492
5391.0000 764 497 0.6505
5395.0000 765 497 0.6497
5402.0000 766 497 0.6488
5411.0000 767 497 0.6480
5417.0000 768 497 0.6471
5423.0000 769 497 0.6463
5429.0000 770 497 0.6455
5438.0000 771 497 0.6446
5444.0000 772 497 0.6438
5452.0000 773 497 0.6429
5457.0000 774 497 0.6421
5457.0000 774 498 0.6434
5461.0000 774 499 0.6447
5466.0000 775 499 0.6439
5472.0000 776 499 0.6430
5480.0000 777 499 0.6422
5489.0000 778 499 0.6414
5495.0000 778 500 0.6427
5497.0000 779 500 0.6418
5504.0000 780 500 0.6410
5511.0000 781 500 0.6402
5511.0000 781 501 0.6415
5514.0000 781 502 0.6428
5518.0000 782 502 0.6419
5519.0000 782 503 0.6432
5520.0000 782 504 0.6445
5523.0000 783 504 0.6437
5524.0000 783 505 0.6450
5524.0000 783 506 0.6462
5530.0000 784 506 0.6454
5537.0000 785 506 0.6446
5539.0000 785 507 0.6459
5546.0000 786 507 0.6450
5549.0000 786 508 0.6463
5555.0000 787 508 0.6455
5564.0000 788 508 0.6447
5573.0000 789 508 0.6439
5581.0000 790 508 0.6430
5582.0000 790 509 0.6443
5590.0000 791 509 0.6435
5595.0000 792 509 0.6427
5603.0000 793 509 0.6419
5610.0000 794 509 0.6411
5618.0000 795 509 0.6403
5624.0000 796 509 0.6394
5625.0000 796 510 0.6407
5633.0000 797 510 0.6399
5638.0000 798 510 0.6391
5646.0000 799 510 0.6383
5650.0000 799 511 0.6395
5653.0000 799 512 0.6408
5654.0000 800 512 0.6400
5660.0000 800 513 0.6413
5663.0000 801 513 0.6404
5668.0000 802 513 0.6397
5670.0000 802 514 0.6409
5677.0000 803 514 0.6401
5685.0000 804 514 0.6393
5694.0000 805 514 0.6385
5700.0000 806 514 0.6377
5706.0000 807 514 0.6369
5715.0000 808 514 0.6361
5720.0000 809 514 0.6354
5728.0000 810 514 0.6346
5735.0000 811 514 0.6338
5735.0000 811 515 0.6350
5737.0000 811 516 0.6363
5742.0000 812 516 0.6355
5742.0000 812 517 0.6367
5748.0000 813 517 0.6359
5754.0000 814 517 0.6351
5758.0000 814 518 0.6364
5759.0000 815 518 0.6356
5766.0000 816 518 0.6348
5772.0000 817 518 0.6340
5772.0000 817 519 0.6353
5780.0000 818 519 0.6345
5787.0000 819 519 0.6337
5792.0000 820 519 0.6329
5795.0000 820 520 0.6341
5795.0000 820 521 0.6354
5799.0000 821 521 0.6346
5799.0000 821 522 0.6358
5801.0000 821 523 0.6370
5808.0000 822 523 0.6363
5816.0000 823 523 0.6355
5817.0000 823 524 0.6367
5825.0000 824 524 0.6359
5833.0000 825 524 0.6352
5839.0000 826 524 0.6344
5844.0000 827 524 0.6336
5844.0000 827 525 0.6348
5845.0000 827 526 0.6360
5846.0000 827 527 0.6372
5852.0000 828 527 0.6365
5853.0000 828 528 0.6377
5855.0000 828 529 0.6389
5860.0000 829 529 0.6381
5861.0000 829 530 0.6393
5862.0000 829 531 0.6405
5867.0000 830 531 0.6398
5876.0000 831 531 0.6390
5884.0000 832 531 0.6382
5892.0000 833 531 0.6375
5897.0000 833 532 0.6387
5901.0000 834 532 0.6379
5910.0000 835 532 0.6371
5919.0000 836 532 0.6364
5924.0000 837 532 0.6356
5932.0000 838 532 0.6348
5933.0000 838 533 0.6360
5939.0000 839 533 0.6353
5941.0000 839 534 0.6365
5946.0000 840 534 0.6357
5946.0000 840 535 0.6369
5951.0000 841 535 0.6361
5952.0000 841 536 0.6373
5956.0000 841 537 0.6385
5959.0000 842 537 0.6378
5962.0000 842 538 0.6390
5968.0000 843 538 0.6382
5974.0000 844 538 0.6374
5978.0000 844 539 0.6386
5982.0000 845 539 0.6379
5989.0000 846 539 0.6371
5995.0000 847 539 0.6364
6000.0000 848 539 0.6356
6002.0000 848 540 0.6368
6002.0000 848 541 0.6380
6003.0000 848 542 0.6392
6005.0000 848 543 0.6403
6006.0000 848 544 0.6415
6008.0000 849 544 0.6408
6015.0000 850 544 0.6400
6015.0000 850 545 0.6412
6017.0000 850 546 0.6424
6018.0000 850 547 0.6435
6023.0000 851 547 0.6428
6030.0000 852 547 0.6420
6035.0000 853 547 0.6413
6041.0000 854 547 0.6405
6047.0000 855 547 0.6398
6054.0000 856 547 0.6390
6061.0000 857 547 0.6383
6067.0000 857 548 0.6394
6068.0000 858 548 0.6387
6069.0000 858 549 0.6399
6077.0000 859 549 0.6391
6078.0000 859 550 0.6403
6085.0000 860 550 0.6395
6094.0000 861 550 0.6388
6100.0000 861 551 0.6400
6103.0000 862 551 0.6392
6107.0000 862 552 0.6404
6108.0000 862 553 0.6415
6110.0000 863 553 0.6408
6115.0000 863 554 0.6419
6116.0000 864 554 0.6412
6118.0000 864 555 0.6424
6118.0000 864 556 0.6435
6121.0000 864 557 0.6447
6123.0000 865 557 0.6439
6129.0000 866 557 0.6432
6130.0000 866 558 0.6443
6136.0000 866 559 0.6455
6137.0000 867 559 0.6448
6141.0000 867 560 0.6459
6146.0000 868 560 0.6452
6147.0000 868 561 0.6463
6152.0000 868 562 0.6475
6155.0000 869 562 0.6467
6161.0000 870 562 0.6460
6161.0000 870 563 0.6471
6167.0000 870 564 0.6483
6169.0000 871 564 0.6475
6175.0000 872 564 0.6468
6183.0000 873 564 0.6460
6185.0000 873 565 0.6472
6187.0000 873 566 0.6483
6190.0000 874 566 0.6476
6193.0000 874 567 0.6487
6199.0000 875 567 0.6480
6205.0000 876 567 0.6473
6211.0000 877 567 0.6465
6216.0000 878 567 0.6458
6220.0000 878 568 0.6469
6221.0000 879 568 0.6462
6225.0000 879 569 0.6473
6228.0000 880 569 0.6466
6233.0000 881 569 0.6459
6242.0000 882 569 0.6451
6250.0000 882 570 0.6463
6251.0000 883 570 0.6455
6257.0000 884 570 0.6448
6262.0000 885 570 0.6441
6269.0000 886 570 0.6433
6276.0000 887 570 0.6426
6284.0000 888 570 0.6419
6289.0000 889 570 0.6412
6291.0000 889 571 0.6423
6295.0000 889 572 0.6434
6297.0000 890 572 0.6427
6305.0000 890 573 0.6438
6306.0000 891 573 0.6431
6313.0000 891 574 0.6442
6314.0000 892 574 0.6435
6321.0000 892 575 0.6446
6323.0000 893 575 0.6439
6328.0000 894 575 0.6432
6329.0000 894 576 0.6443
6334.0000 895 576 0.6436
6340.0000 896 576 0.6429
6345.0000 896 577 0.6440
6349.0000 897 577 0.6433
6355.0000 897 578 0.6444
6358.0000 898 578 0.6437
6360.0000 898 579 0.6448
6366.0000 899 579 0.6440
6368.0000 899 580 0.6452
6373.0000 900 580 0.6444
6378.0000 901 580 0.6437
6382.0000 901 581 0.6448
6383.0000 901 582 0.6459
6386.0000 902 582 0.6452
6395.0000 903 582 0.6445
6400.0000 904 582 0.6438
6405.0000 905 582 0.6431
6412.0000 906 582 0.6424
6416.0000 906 583 0.6435
6418.0000 907 583 0.6428
6419.0000 907 584 0.6439
6426.0000 908 584 0.6432
6433.0000 909 584 0.6425
6437.0000 909 585 0.6436
6440.0000 910 585 0.6429
6444.0000 910 586 0.6440
6448.0000 911 586 0.6432
6452.0000 911 587 0.6443
6454.0000 911 588 0.6454
6456.0000 912 588 0.6447
6457.0000 912 589 0.6458
6461.0000 913 589 0.6451
6467.0000 914 589 0.6444
6468.0000 914 590 0.6455
6476.0000 915 590 0.6448
6483.0000 916 590 0.6441
6489.0000 917 590 0.6434
6493.0000 917 591 0.6445
6498.0000 918 591 0.6438
6506.0000 919 591 0.6431
6506.0000 919 592 0.6442
6511.0000 920 592 0.6435
6518.0000 920 593 0.6446
6520.0000 921 593 0.6439
6526.0000 922 593 0.6432
6533.0000 923 593 0.6425
6534.0000 923 594 0.6436
6538.0000 924 594 0.6429
6545.0000 925 594 0.6422
6550.0000 925 595 0.6432
6550.0000 925 596 0.6443
6554.0000 926 596 0.6436
6561.0000 927 596 0.6429
6561.0000 927 597 0.6440
6564.0000 927 598 0.6451
6567.0000 927 599 0.6462
6569.0000 928 599 0.6455
6573.0000 928 600 0.6466
6577.0000 929 600 0.6459
6583.0000 930 600 0.6452
6589.0000 930 601 0.6462
6591.0000 931 601 0.6455
6600.0000 932 601 0.6448
6605.0000 933 601 0.6442
6613.0000 934 601 0.6435
6614.0000 934 602 0.6445
6621.0000 935 602 0.6439
6626.0000 935 603 0.6449
6627.0000 936 603 0.6442
6633.0000 937 603 0.6435
6638.0000 938 603 0.6429
6643.0000 939 603 0.6422
6648.0000 940 603 0.6415
6657.0000 941 603 0.6408
6662.0000 942 603 0.6401
6667.0000 942 604 0.6412
6669.0000 943 604 0.6405
6670.0000 943 605 0.6416
6676.0000 944 605 0.6409
6685.0000 945 605 0.6402
6691.0000 945 606 0.6413
6692.0000 946 606 0.6406
6699.0000 947 606 0.6399
6706.0000 948 606 0.6392
6706.0000 948 607 0.6403
6711.0000 949 607 0.6396
6717.0000 950 607 0.6389
6722.0000 951 607 0.6383
6726.0000 951 608 0.6393
6730.0000 952 608 0.6387
6733.0000 952 609 0.6397
6735.0000 952 610 0.6408
6739.0000 953 610 0.6401
6740.0000 953 611 0.6411
6741.0000 953 612 0.6422
6742.0000 953 613 0.6432
6745.0000 954 613 0.6426
6753.0000 955 613 0.6419
6753.0000 955 614 0.6429
6754.0000 955 615 0.6440
6756.0000 955 616 0.6450
6756.0000 955 617 0.6461
6762.0000 956 617 0.6454
6763.0000 956 618 0.6464
6766.0000 956 619 0.6475
6769.0000 956 620 0.6485
6771.0000 957 620 0.6479
6780.0000 958 620 0.6472
6786.0000 959 620 0.6465
6795.0000 960 620 0.6458
6800.0000 960 621 0.6469
6804.0000 961 621 0.6462
6805.0000 961 622 0.6472
6807.0000 961 623 0.6483
6809.0000 962 623 0.6476
6812.0000 962 624 0.6486
6813.0000 962 625 0.6497
6816.0000 963 625 0.6490
6823.0000 964 625 0.6483
6827.0000 964 626 0.6494
6830.0000 965 626 0.6487
6836.0000 965 627 0.6497
6838.0000 966 627 0.6491
6844.0000 967 627 0.6484
6845.0000 967 628 0.6494
6850.0000 968 628 0.6488
6851.0000 968 629 0.6498
6858.0000 969 629 0.6491
6863.0000 969 630 0.6502
6864.0000 970 630 0.6495
6864.0000 970 631 0.6505
6871.0000 971 631 0.6498
6873.0000 971 632 0.6509
6873.0000 971 633 0.6519
6878.0000 972 633 0.6512
6878.0000 972 634 0.6523
6885.0000 973 634 0.6516
6890.0000 974 634 0.6509
6896.0000 975 634 0.6503
6901.0000 976 634 0.6496
6909.0000 977 634 0.6489
6918.0000 978 634 0.6483
6919.0000 978 635 0.6493
6927.0000 979 635 0.6486
6928.0000 979 636 0.6496
6934.0000 980 636 0.6490
6941.0000 981 636 0.6483
6948.0000 982 636 0.6477
6957.0000 983 636 0.6470
6964.0000 984 636 0.6463
6972.0000 985 636 0.6457
6977.0000 986 636 0.6450
6982.0000 987 636 0.6444
6988.0000 988 636 0.6437
6996.0000 989 636 0.6431
6997.0000 989 637 0.6441
6997.0000 989 638 0.6451
7005.0000 990 638 0.6444
7011.0000 991 638 0.6438
7011.0000 991 639 0.6448
7020.0000 992 639 0.6442
7027.0000 993 639 0.6435
7031.0000 993 640 0.6445
7034.0000 994 640 0.6439
7040.0000 994 641 0.6449
7042.0000 995 641 0.6442
7048.0000 996 641 0.6436
7052.0000 996 642 0.6446
7052.0000 996 643 0.6456
7055.0000 997 643 0.6449
7055.0000 997 644 0.6459
7057.0000 997 645 0.6469
7059.0000 997 646 0.6479
7060.0000 997 647 0.6489
7064.0000 998 647 0.6483
7064.0000 998 648 0.6493
7071.0000 999 648 0.6486
7075.0000 999 649 0.6496
7076.0000 1000 649 0.6490
7076.0000 1000 650 0.6500
7082.0000 1001 650 0.6494
7090.0000 1002 650 0.6487
7097.0000 1003 650 0.6481
7102.0000 1004 650 0.6474
7108.0000 1004 651 0.6484
7109.0000 1005 651 0.6478
7113.0000 1005 652 0.6488
7117.0000 1005 653 0.6498
7118.0000 1006 653 0.6491
7124.0000 1007 653 0.6485
7127.0000 1007 654 0.6495
7129.0000 1007 655 0.6504
7130.0000 1008 655 0.6498
7139.0000 1009 655 0.6492
7140.0000 1009 656 0.6501
7142.0000 1009 657 0.6511
7143.0000 1009 658 0.6521
7144.0000 1010 658 0.6515
7145.0000 1010 659 0.6525
7148.0000 1010 660 0.6535
7153.0000 1011 660 0.6528
7160.0000 1012 660 0.6522
7167.0000 1013 660 0.6515
7176.0000 1014 660 0.6509
7183.0000 1015 660 0.6502
7189.0000 1016 660 0.6496
7189.0000 1016 661 0.6506
7198.0000 1017 661 0.6500
7202.0000 1017 662 0.6509
7205.0000 1018 662 0.6503
7211.0000 1019 662 0.6497
7214.0000 1019 663 0.6506
7217.0000 1020 663 0.6500
7222.0000 1021 663 0.6494
7226.0000 1021 664 0.6503
7229.0000 1022 664 0.6497
7237.0000 1023 664 0.6491
7244.0000 1024 664 0.6484
7245.0000 1024 665 0.6494
7248.0000 1024 666 0.6504
7253.0000 1025 666 0.6498
7259.0000 1025 667 0.6507
7260.0000 1026 667 0.6501
7268.0000 1027 667 0.6495
7269.0000 1027 668 0.6504
7275.0000 1028 668 0.6498
7281.0000 1028 669 0.6508
7284.0000 1029 669 0.6501
7292.0000 1030 669 0.6495
7295.0000 1030 670 0.6505
7297.0000 1031 670 0.6499
7298.0000 1031 671 0.6508
7300.0000 1031 672 0.6518
7305.0000 1032 672 0.6512
7311.0000 1033 672 0.6505
7318.0000 1034 672 0.6499
7327.0000 1035 672 0.6493
7331.0000 1035 673 0.6502
7334.0000 1036 673 0.6496
7341.0000 1037 673 0.6490
7350.0000 1038 673 0.6484
7352.0000 1038 674 0.6493
7359.0000 1039 674 0.6487
7365.0000 1040 674 0.6481
7366.0000 1040 675 0.6490
7373.0000 1041 675 0.6484
7378.0000 1042 675 0.6478
7383.0000 1043 675 0.6472
7392.0000 1044 675 0.6466
7395.0000 1044 676 0.6475
7397.0000 1045 676 0.6469
7404.0000 1046 676 0.6463
7411.0000 1047 676 0.6457
7418.0000 1048 676 0.6450
7424.0000 1049 676 0.6444
7430.0000 1050 676 0.6438
7436.0000 1051 676 0.6432
7441.0000 1052 676 0.6426
7442.0000 1052 677 0.6435
7448.0000 1053 677 0.6429
7451.0000 1053 678 0.6439
7451.0000 1053 679 0.6448
7457.0000 1054 679 0.6442
7465.0000 1055 679 0.6436
7466.0000 1055 680 0.6445
7474.0000 1056 680 0.6439
7476.0000 1056 681 0.6449
7477.0000 1056 682 0.6458
7478.0000 1056 683 0.6468
7482.0000 1057 683 0.6462
7483.0000 1057 684 0.6471
7485.0000 1057 685 0.6481
7487.0000 1058 685 0.6474
7492.0000 1058 686 0.6484
7493.0000 1059 686 0.6478
7502.0000 1060 686 0.6472
7507.0000 1061 686 0.6466
7508.0000 1061 687 0.6475
7513.0000 1062 687 0.6469
7519.0000 1063 687 0.6463
7525.0000 1064 687 0.6457
7534.0000 1065 687 0.6451
7542.0000 1066 687 0.6445
7550.0000 1067 687 0.6439
7556.0000 1068 687 0.6433
7557.0000 1068 688 0.6442
7562.0000 1069 688 0.6436
7569.0000 1069 689 0.6445
7570.0000 1070 689 0.6439
7571.0000 1070 690 0.6449
7572.0000 1070 691 0.6458
7576.0000 1071 691 0.6452
7585.0000 1072 691 0.6446
7594.0000 1073 691 0.6440
7602.0000 1074 691 0.6434
7602.0000 1074 692 0.6443
7609.0000 1075 692 0.6437
7617.0000 1076 692 0.6431
7621.0000 1076 693 0.6441
7625.0000 1077 693 0.6435
7630.0000 1078 693 0.6429
7632.0000 1078 694 0.6438
7633.0000 1078 695 0.6447
7635.0000 1079 695 0.6441
7644.0000 1080 695 0.6435
7652.0000 1081 695 0.6429
7657.0000 1082 695 0.6423
7657.0000 1082 696 0.6433
7662.0000 1083 696 0.6427
7665.0000 1083 697 0.6436
7667.0000 1084 697 0.6430
7672.0000 1085 697 0.6424
7680.0000 1086 697 0.6418
7688.0000 1087 697 0.6412
7697.0000 1088 697 0.6406
7706.0000 1089 697 0.6400
7713.0000 1090 697 0.6394
7721.0000 1091 697 0.6389
7729.0000 1092 697 0.6383
7738.0000 1093 697 0.6377
7743.0000 1094 697 0.6371
7748.0000 1095 697 0.6365
7753.0000 1096 697 0.6359
7757.0000 1096 698 0.6369
7762.0000 1097 698 0.6363
7770.0000 1098 698 0.6357
7776.0000 1099 698 0.6351
7779.0000 1099 699 0.6360
7783.0000 1099 700 0.6369
7785.0000 1100 700 0.6364
7791.0000 1101 700 0.6358
7796.0000 1102 700 0.6352
7804.0000 1103 700 0.6346
7807.0000 1103 701 0.6355
7811.0000 1104 701 0.6350
7814.0000 1104 702 0.6359
7817.0000 1104 703 0.6368
7820.0000 1105 703 0.6362
7826.0000 1106 703 0.6356
7832.0000 1107 703 0.6350
7832.0000 1107 704 0.6360
7839.0000 1108 704 0.6354
7842.0000 1108 705 0.6363
7845.0000 1109 705 0.6357
7854.0000 1110 705 0.6351
7863.0000 1111 705 0.6346
7870.0000 1112 705 0.6340
7870.0000 1112 706 0.6349
7876.0000 1112 707 0.6358
7877.0000 1113 707 0.6352
7884.0000 1114 707 0.6346
7884.0000 1114 708 0.6355
7891.0000 1115 708 0.6350
7897.0000 1116 708 0.6344
7899.0000 1116 709 0.6353
7902.0000 1117 709 0.6347
7903.0000 1117 710 0.6356
7907.0000 1117 711 0.6365
7909.0000 1117 712 0.6374
7910.0000 1118 712 0.6369
7917.0000 1118 713 0.6377
7918.0000 1119 713 0.6372
7923.0000 1120 713 0.6366
7928.0000 1121 713 0.6360
7930.0000 1121 714 0.6369
7934.0000 1122 714 0.6364
7939.0000 1123 714 0.6358
7944.0000 1124 714 0.6352
7949.0000 1124 715 0.6361
7949.0000 1124 716 0.6370
7950.0000 1125 716 0.6364
7958.0000 1126 716 0.6359
7966.0000 1127 716 0.6353
7968.0000 1127 717 0.6362
7973.0000 1128 717 0.6356
7977.0000 1128 718 0.6365
7980.0000 1129 718 0.6360
7987.0000 1130 718 0.6354
7994.0000 1130 719 0.6363
7996.0000 1131 719 0.6357
8005.0000 1132 719 0.6352
8011.0000 1133 719 0.6346
8018.0000 1134 719 0.6340
8018.0000 1134 720 0.6349
8025.0000 1134 721 0.6358
8026.0000 1135 721 0.6352
8028.0000 1135 722 0.6361
8032.0000 1135 723 0.6370
8032.0000 1135 724 0.6379
8035.0000 1136 724 0.6373
8035.0000 1136 725 0.6382
8036.0000 1136 726 0.6391
8037.0000 1136 727 0.6400
8040.0000 1137 727 0.6394
8045.0000 1138 727 0.6388
8047.0000 1138 728 0.6397
8049.0000 1138 729 0.6406
8052.0000 1139 729 0.6400
8057.0000 1140 729 0.6395
8058.0000 1140 730 0.6404
8063.0000 1141 730 0.6398
8066.0000 1141 731 0.6407
8069.0000 1142 731 0.6401
8070.0000 1142 732 0.6410
8074.0000 1143 732 0.6404
8079.0000 1144 732 0.6399
8079.0000 1144 733 0.6407
8084.0000 1145 733 0.6402
8092.0000 1146 733 0.6396
8101.0000 1147 733 0.6391
8110.0000 1148 733 0.6385
8117.0000 1149 733 0.6379
8124.0000 1150 733 0.6374
8133.0000 1151 733 0.6368
8138.0000 1152 733 0.6363
8144.0000 1153 733 0.6357
8153.0000 1154 733 0.6352
8162.0000 1155 733 0.6346
8169.0000 1156 733 0.6341
8178.0000 1157 733 0.6335
8184.0000 1158 733 0.6330
8185.0000 1158 734 0.6339
8187.0000 1158 735 0.6347
8191.0000 1159 735 0.6342
8196.0000 1159 736 0.6350
8199.0000 1160 736 0.6345
8201.0000 1160 737 0.6353
8204.0000 1161 737 0.6348
8212.0000 1162 737 0.6343
8215.0000 1162 738 0.6351
8218.0000 1163 738 0.6346
8223.0000 1164 738 0.6340
8228.0000 1164 739 0.6349
8231.0000 1165 739 0.6343
8232.0000 1165 740 0.6352
8233.0000 1165 741 0.6361
8237.0000 1165 742 0.6369
8239.0000 1166 742 0.6364
8245.0000 1166 743 0.6372
8247.0000 1167 743 0.6367
8256.0000 1168 743 0.6361
8263.0000 1168 744 0.6370
8264.0000 1169 744 0.6364
8271.0000 1169 745 0.6373
8272.0000 1170 745 0.6368
8279.0000 1171 745 0.6362
8279.0000 1171 746 0.6371
8287.0000 1172 746 0.6365
8289.0000 1172 747 0.6374
8293.0000 1173 747 0.6368
8302.0000 1174 747 0.6363
8304.0000 1174 748 0.6371
8308.0000 1175 748 0.6366
8317.0000 1176 748 0.6361
8317.0000 1176 749 0.6369
8319.0000 1176 750 0.6378
8320.0000 1176 751 0.6386
8321.0000 1176 752 0.6395
8325.0000 1177 752 0.6389
8327.0000 1177 753 0.6398
8329.0000 1177 754 0.6406
8332.0000 1178 754 0.6401
8340.0000 1179 754 0.6395
8345.0000 1180 754 0.6390
8351.0000 1180 755 0.6398
8354.0000 1181 755 0.6393
8354.0000 1181 756 0.6401
8359.0000 1182 756 0.6396
8366.0000 1183 756 0.6391
8372.0000 1183 757 0.6399
8373.0000 1183 758 0.6407
8374.0000 1184 758 0.6402
8382.0000 1185 758 0.6397
8382.0000 1185 759 0.6405
8382.0000 1185 760 0.6414
8390.0000 1186 760 0.6408
8393.0000 1186 761 0.6417
8397.0000 1187 761 0.6411
8401.0000 1187 762 0.6420
8403.0000 1188 762 0.6414
8410.0000 1189 762 0.6409
8411.0000 1189 763 0.6417
8416.0000 1190 763 0.6412
8421.0000 1191 763 0.6406
8424.0000 1191 764 0.6415
8426.0000 1192 764 0.6409
8435.0000 1193 764 0.6404
8436.0000 1193 765 0.6412
8441.0000 1194 765 0.6407
8447.0000 1195 765 0.6402
8451.0000 1195 766 0.6410
8453.0000 1195 767 0.6418
8455.0000 1196 767 0.6413
8464.0000 1197 767 0.6408
8465.0000 1197 768 0.6416
8472.0000 1198 768 0.6411
8477.0000 1198 769 0.6419
8481.0000 1199 769 0.6414
8481.0000 1199 770 0.6422
8488.0000 1200 770 0.6417
8497.0000 1201 770 0.6411
8498.0000 1201 771 0.6420
8504.0000 1201 772 0.6428
8505.0000 1201 773 0.6436
8506.0000 1202 773 0.6431
8507.0000 1202 774 0.6439
8511.0000 1203 774 0.6434
8513.0000 1203 775 0.6442
8516.0000 1204 775 0.6437
8523.0000 1204 776 0.6445
8524.0000 1205 776 0.6440
8525.0000 1205 777 0.6448
8530.0000 1206 777 0.6443
8532.0000 1206 778 0.6451
8535.0000 1207 778 0.6446
8540.0000 1207 779 0.6454
8544.0000 1208 779 0.6449
8549.0000 1209 779 0.6443
8556.0000 1210 779 0.6438
8561.0000 1211 779 0.6433
8569.0000 1212 779 0.6427
8578.0000 1213 779 0.6422
8585.0000 1214 779 0.6417
8593.0000 1215 779 0.6412
8599.0000 1216 779 0.6406
8606.0000 1216 780 0.6414
8608.0000 1217 780 0.6409
8612.0000 1217 781 0.6417
8617.0000 1218 781 0.6412
8622.0000 1219 781 0.6407
8631.0000 1220 781 0.6402
8640.0000 1221 781 0.6396
8642.0000 1221 782 0.6405
8647.0000 1222 782 0.6399
8654.0000 1223 782 0.6394
8659.0000 1224 782 0.6389
8662.0000 1224 783 0.6397
8665.0000 1225 783 0.6392
8672.0000 1226 783 0.6387
8676.0000 1226 784 0.6395
8679.0000 1227 784 0.6390
8686.0000 1228 784 0.6384
8693.0000 1229 784 0.6379
8693.0000 1229 785 0.6387
8693.0000 1229 786 0.6395
8701.0000 1230 786 0.6390
8706.0000 1231 786 0.6385
8707.0000 1231 787 0.6393
8712.0000 1232 787 0.6388
8719.0000 1233 787 0.6383
8720.0000 1233 788 0.6391
8724.0000 1234 788 0.6386
8729.0000 1235 788 0.6381
8735.0000 1236 788 0.6375
8741.0000 1236 789 0.6383
8743.0000 1237 789 0.6378
8744.0000 1237 790 0.6386
8749.0000 1238 790 0.6381
8753.0000 1238 791 0.6389
8754.0000 1238 792 0.6397
8754.0000 1238 793 0.6405
8757.0000 1239 793 0.6400
8763.0000 1240 793 0.6395
8772.0000 1241 793 0.6390
8774.0000 1241 794 0.6398
8775.0000 1241 795 0.6406
8777.0000 1241 796 0.6414
8778.0000 1242 796 0.6409
8782.0000 1242 797 0.6417
8784.0000 1243 797 0.6412
8790.0000 1244 797 0.6407
8798.0000 1245 797 0.6402
8804.0000 1246 797 0.6396
8812.0000 1247 797 0.6391
8816.0000 1247 798 0.6399
8820.0000 1248 798 0.6394
8825.0000 1249 798 0.6389
8832.0000 1250 798 0.6384
8837.0000 1251 798 0.6379
8837.0000 1251 799 0.6387
8838.0000 1251 800 0.6395
8846.0000 1252 800 0.6390
8851.0000 1253 800 0.6385
8851.0000 1253 801 0.6393
8852.0000 1253 802 0.6401
8853.0000 1253 803 0.6409
8860.0000 1254 803 0.6404
8864.0000 1254 804 0.6411
8865.0000 1255 804 0.6406
8867.0000 1255 805 0.6414
8870.0000 1256 805 0.6409
8874.0000 1256 806 0.6417
8874.0000 1256 807 0.6425
8875.0000 1256 808 0.6433
8878.0000 1257 808 0.6428
8885.0000 1258 808 0.6423
8892.0000 1259 808 0.6418
8900.0000 1260 808 0.6413
8907.0000 1260 809 0.6421
8909.0000 1261 809 0.6416
8910.0000 1261 810 0.6423
8913.0000 1261 811 0.6431
8914.0000 1261 812 0.6439
8915.0000 1261 813 0.6447
8918.0000 1262 813 0.6442
8925.0000 1263 813 0.6437
8931.0000 1264 813 0.6432
8939.0000 1265 813 0.6427
8939.0000 1265 814 0.6435
8941.0000 1265 815 0.6443
8944.0000 1266 815 0.6438
8953.0000 1267 815 0.6433
8959.0000 1268 815 0.6427
8967.0000 1269 815 0.6422
8973.0000 1269 816 0.6430
8975.0000 1270 816 0.6425
8981.0000 1271 816 0.6420
8990.0000 1272 816 0.6415
8999.0000 1273 816 0.6410
8999.0000 1273 817 0.6418
9000.0000 1273 818 0.6426
9006.0000 1274 818 0.6421
9007.0000 1274 819 0.6429
9015.0000 1275 819 0.6424
9018.0000 1275 820 0.6431
9021.0000 1276 820 0.6426
9026.0000 1276 821 0.6434
9028.0000 1277 821 0.6429
9036.0000 1278 821 0.6424
9037.0000 1278 822 0.6432
9043.0000 1279 822 0.6427
9052.0000 1280 822 0.6422
9053.0000 1280 823 0.6430
9053.0000 1280 824 0.6438
9060.0000 1281 824 0.6432
9060.0000 1281 825 0.6440
9066.0000 1282 825 0.6435
9069.0000 1282 826 0.6443
9074.0000 1283 826 0.6438
9077.0000 1283 827 0.6446
9081.0000 1284 827 0.6441
9086.0000 1285 827 0.6436
9088.0000 1285 828 0.6444
9090.0000 1285 829 0.6451
9092.0000 1285 830 0.6459
9093.0000 1286 830 0.6454
9099.0000 1286 831 0.6462
9100.0000 1287 831 0.6457
9100.0000 1287 832 0.6465
9107.0000 1288 832 0.6460
9114.0000 1289 832 0.6455
9114.0000 1289 833 0.6462
9118.0000 1289 834 0.6470
9119.0000 1290 834 0.6465
9119.0000 1290 835 0.6473
9127.0000 1291 835 0.6468
9134.0000 1292 835 0.6463
9140.0000 1293 835 0.6458
9147.0000 1294 835 0.6453
9152.0000 1294 836 0.6461
9153.0000 1295 836 0.6456
9158.0000 1296 836 0.6451
9165.0000 1296 837 0.6458
9167.0000 1297 837 0.6453
9176.0000 1298 837 0.6448
9185.0000 1299 837 0.6443
9191.0000 1300 837 0.6438
9192.0000 1300 838 0.6446
9200.0000 1301 838 0.6441
9204.0000 1301 839 0.6449
9207.0000 1301 840 0.6457
9208.0000 1302 840 0.6452
9216.0000 1303 840 0.6447
9222.0000 1303 841 0.6454
9223.0000 1304 841 0.6449
9225.0000 1304 842 0.6457
9229.0000 1305 842 0.6452
9238.0000 1306 842 0.6447
9243.0000 1306 843 0.6455
9245.0000 1307 843 0.6450
9246.0000 1307 844 0.6458
9253.0000 1308 844 0.6453
9260.0000 1309 844 0.6448
9261.0000 1309 845 0.6455
9267.0000 1309 846 0.6463
9268.0000 1310 846 0.6458
9268.0000 1310 847 0.6466
9275.0000 1311 847 0.6461
9283.0000 1312 847 0.6456
9287.0000 1312 848 0.6463
9289.0000 1313 848 0.6458
9295.0000 1314 848 0.6454
9300.0000 1315 848 0.6449
9307.0000 1316 848 0.6444
9316.0000 1317 848 0.6439
9324.0000 1318 848 0.6434
9325.0000 1318 849 0.6442
9328.0000 1318 850 0.6449
9330.0000 1319 850 0.6444
9338.0000 1320 850 0.6439
9347.0000 1321 850 0.6435
9355.0000 1322 850 0.6430
9361.0000 1322 851 0.6437
9362.0000 1323 851 0.6432
9369.0000 1324 851 0.6427
9372.0000 1324 852 0.6435
9374.0000 1324 853 0.6443
9378.0000 1325 853 0.6438
9384.0000 1326 853 0.6433
9390.0000 1327 853 0.6428
9396.0000 1327 854 0.6436
9397.0000 1328 854 0.6431
9403.0000 1328 855 0.6438
9405.0000 1329 855 0.6433
9410.0000 1329 856 0.6441
9412.0000 1330 856 0.6436
9418.0000 1331 856 0.6431
9422.0000 1331 857 0.6439
9424.0000 1332 857 0.6434
9425.0000 1332 858 0.6441
9430.0000 1333 858 0.6437
9432.0000 1333 859 0.6444
9438.0000 1334 859 0.6439
9443.0000 1335 859 0.6434
9449.0000 1336 859 0.6430
9458.0000 1337 859 0.6425
9465.0000 1338 859 0.6420
9473.0000 1339 859 0.6415
9478.0000 1340 859 0.6410
9487.0000 1341 859 0.6406
9493.0000 1342 859 0.6401
9500.0000 1342 860 0.6408
9502.0000 1343 860 0.6404
9504.0000 1343 861 0.6411
9507.0000 1344 861 0.6406
9512.0000 1344 862 0.6414
9513.0000 1344 863 0.6421
9514.0000 1345 863 0.6416
9519.0000 1346 863 0.6412
9528.0000 1347 863 0.6407
9534.0000 1348 863 0.6402
9539.0000 1349 863 0.6397
9547.0000 1350 863 0.6393
9551.0000 1350 864 0.6400
9554.0000 1351 864 0.6395
9563.0000 1352 864 0.6391
9572.0000 1353 864 0.6386
9577.0000 1354 864 0.6381
9585.0000 1355 864 0.6376
9593.0000 1356 864 0.6372
9602.0000 1357 864 0.6367
9607.0000 1358 864 0.6362
9615.0000 1358 865 0.6370
9616.0000 1359 865 0.6365
9617.0000 1359 866 0.6372
9625.0000 1360 866 0.6368
9632.0000 1361 866 0.6363
9641.0000 1362 866 0.6358
9648.0000 1363 866 0.6354
9649.0000 1363 867 0.6361
9657.0000 1364 867 0.6356
9664.0000 1364 868 0.6364
9666.0000 1365 868 0.6359
9671.0000 1366 868 0.6354
9672.0000 1366 869 0.6362
9677.0000 1367 869 0.6357
9686.0000 1368 869 0.6352
9687.0000 1368 870 0.6360
9693.0000 1368 871 0.6367
9694.0000 1369 871 0.6362
9701.0000 1369 872 0.6370
9702.0000 1370 872 0.6365
9704.0000 1370 873 0.6372
9709.0000 1371 873 0.6368
9716.0000 1371 874 0.6375
9717.0000 1372 874 0.6370
9720.0000 1372 875 0.6378
9726.0000 1373 875 0.6373
9732.0000 1374 875 0.6368
9732.0000 1374 876 0.6376
9739.0000 1374 877 0.6383
9740.0000 1375 877 0.6378
9749.0000 1376 877 0.6374
9756.0000 1377 877 0.6369
9762.0000 1378 877 0.6364
9768.0000 1379 877 0.6360
9774.0000 1379 878 0.6367
9775.0000 1380 878 0.6362
9781.0000 1381 878 0.6358
9787.0000 1382 878 0.6353
9789.0000 1382 879 0.6360
9790.0000 1382 880 0.6368
9791.0000 1382 881 0.6375
9792.0000 1382 882 0.6382
9794.0000 1382 883 0.6389
9796.0000 1383 883 0.6385
9804.0000 1384 883 0.6380
9812.0000 1385 883 0.6375
9817.0000 1385 884 0.6383
9821.0000 1386 884 0.6378
9823.0000 1386 885 0.6385
9824.0000 1386 886 0.6392
9830.0000 1387 886 0.6388
9838.0000 1388 886 0.6383
9842.0000 1388 887 0.6390
9843.0000 1389 887 0.6386
9844.0000 1389 888 0.6393
9849.0000 1390 888 0.6388
9851.0000 1390 889 0.6396
9855.0000 1390 890 0.6403
9857.0000 1391 890 0.6398
9864.0000 1392 890 0.6394
9866.0000 1392 891 0.6401
9868.0000 1392 892 0.6408
9871.0000 1393 892 0.6403
9877.0000 1394 892 0.6399
9877.0000 1394 893 0.6406
9882.0000 1395 893 0.6401
9890.0000 1396 893 0.6397
9897.0000 1396 894 0.6404
9899.0000 1397 894 0.6399
9902.0000 1397 895 0.6407
9906.0000 1397 896 0.6414
9908.0000 1398 896 0.6409
9913.0000 1399 896 0.6405
9921.0000 1400 896 0.6400
9928.0000 1401 896 0.6395
9935.0000 1402 896 0.6391
9942.0000 1403 896 0.6386
9944.0000 1403 897 0.6393
9944.0000 1403 898 0.6401
9949.0000 1404 898 0.6396
9954.0000 1404 899 0.6403
9957.0000 1405 899 0.6399
9964.0000 1406 899 0.6394
9965.0000 1406 900 0.6401
9970.0000 1407 900 0.6397
9972.0000 1407 901 0.6404
9973.0000 1407 902 0.6411
9978.0000 1408 902 0.6406
9984.0000 1409 902 0.6402
9985.0000 1409 903 0.6409
9991.0000 1410 903 0.6404
9998.0000 1411 903 0.6400
