# time  created  delivered  delivered/created
7.0000 1 0 0.0000
12.0000 1 1 1.0000
16.0000 2 1 0.5000
21.0000 3 1 0.3333
29.0000 4 1 0.2500
37.0000 5 1 0.2000
39.0000 5 2 0.4000
40.0000 5 3 0.6000
44.0000 6 3 0.5000
50.0000 7 3 0.4286
58.0000 8 3 0.3750
66.0000 9 3 0.3333
71.0000 10 3 0.3000
79.0000 11 3 0.2727
80.0000 11 4 0.3636
85.0000 12 4 0.3333
91.0000 13 4 0.3077
97.0000 14 4 0.2857
105.0000 15 4 0.2667
112.0000 16 4 0.2500
120.0000 16 5 0.3125
121.0000 17 5 0.2941
128.0000 18 5 0.2778
134.0000 19 5 0.2632
141.0000 20 5 0.2500
144.0000 20 6 0.3000
147.0000 20 7 0.3500
149.0000 21 7 0.3333
155.0000 22 7 0.3182
157.0000 22 8 0.3636
163.0000 23 8 0.3478
168.0000 24 8 0.3333
177.0000 25 8 0.3200
182.0000 26 8 0.3077
183.0000 26 9 0.3462
186.0000 26 10 0.3846
188.0000 27 10 0.3704
193.0000 28 10 0.3571
199.0000 29 10 0.3448
204.0000 30 10 0.3333
213.0000 31 10 0.3226
219.0000 32 10 0.3125
224.0000 32 11 0.3438
228.0000 33 11 0.3333
235.0000 34 11 0.3235
244.0000 35 11 0.3143
251.0000 36 11 0.3056
252.0000 36 12 0.3333
254.0000 36 13 0.3611
259.0000 37 13 0.3514
264.0000 37 14 0.3784
268.0000 38 14 0.3684
276.0000 39 14 0.3590
284.0000 40 14 0.3500
284.0000 40 15 0.3750
293.0000 41 15 0.3659
295.0000 41 16 0.3902
300.0000 42 16 0.3810
305.0000 43 16 0.3721
310.0000 44 16 0.3636
313.0000 44 17 0.3864
315.0000 45 17 0.3778
316.0000 45 18 0.4000
316.0000 45 19 0.4222
323.0000 46 19 0.4130
330.0000 47 19 0.4043
336.0000 48 19 0.3958
343.0000 49 19 0.3878
352.0000 50 19 0.3800
357.0000 51 19 0.3725
365.0000 52 19 0.3654
371.0000 53 19 0.3585
377.0000 53 20 0.3774
378.0000 54 20 0.3704
385.0000 54 21 0.3889
386.0000 55 21 0.3818
386.0000 55 22 0.4000
392.0000 56 22 0.3929
396.0000 56 23 0.4107
397.0000 56 24 0.4286
399.0000 57 24 0.4211
403.0000 57 25 0.4386
406.0000 58 25 0.4310
412.0000 58 26 0.4483
415.0000 59 26 0.4407
420.0000 60 26 0.4333
427.0000 61 26 0.4262
435.0000 62 26 0.4194
441.0000 63 26 0.4127
441.0000 63 27 0.4286
442.0000 63 28 0.4444
444.0000 63 29 0.4603
449.0000 64 29 0.4531
454.0000 65 29 0.4462
462.0000 66 29 0.4394
470.0000 67 29 0.4328
478.0000 68 29 0.4265
484.0000 68 30 0.4412
487.0000 69 30 0.4348
493.0000 70 30 0.4286
494.0000 70 31 0.4429
496.0000 70 32 0.4571
498.0000 71 32 0.4507
507.0000 72 32 0.4444
508.0000 72 33 0.4583
512.0000 73 33 0.4521
519.0000 74 33 0.4459
524.0000 75 33 0.4400
525.0000 75 34 0.4533
526.0000 75 35 0.4667
527.0000 75 36 0.4800
531.0000 75 37 0.4933
533.0000 76 37 0.4868
536.0000 76 38 0.5000
539.0000 77 38 0.4935
548.0000 78 38 0.4872
548.0000 78 39 0.5000
555.0000 79 39 0.4937
563.0000 80 39 0.4875
572.0000 81 39 0.4815
577.0000 81 40 0.4938
581.0000 82 40 0.4878
582.0000 82 41 0.5000
590.0000 83 41 0.4940
595.0000 83 42 0.5060
597.0000 83 43 0.5181
599.0000 84 43 0.5119
606.0000 85 43 0.5059
615.0000 86 43 0.5000
617.0000 86 44 0.5116
618.0000 86 45 0.5233
621.0000 87 45 0.5172
627.0000 88 45 0.5114
628.0000 88 46 0.5227
629.0000 88 47 0.5341
630.0000 88 48 0.5455
631.0000 88 49 0.5568
636.0000 89 49 0.5506
643.0000 90 49 0.5444
646.0000 90 50 0.5556
650.0000 91 50 0.5495
659.0000 92 50 0.5435
668.0000 93 50 0.5376
675.0000 93 51 0.5484
676.0000 94 51 0.5426
676.0000 94 52 0.5532
676.0000 94 53 0.5638
681.0000 95 53 0.5579
684.0000 95 54 0.5684
689.0000 96 54 0.5625
694.0000 97 54 0.5567
695.0000 97 55 0.5670
701.0000 98 55 0.5612
703.0000 98 56 0.5714
704.0000 98 57 0.5816
706.0000 99 57 0.5758
714.0000 100 57 0.5700
721.0000 101 57 0.5644
722.0000 101 58 0.5743
729.0000 102 58 0.5686
731.0000 102 59 0.5784
732.0000 102 60 0.5882
733.0000 102 61 0.5980
734.0000 103 61 0.5922
741.0000 104 61 0.5865
742.0000 104 62 0.5962
747.0000 104 63 0.6058
748.0000 105 63 0.6000
751.0000 105 64 0.6095
753.0000 106 64 0.6038
761.0000 107 64 0.5981
769.0000 108 64 0.5926
774.0000 109 64 0.5872
781.0000 110 64 0.5818
789.0000 111 64 0.5766
794.0000 112 64 0.5714
800.0000 113 64 0.5664
807.0000 114 64 0.5614
809.0000 114 65 0.5702
815.0000 115 65 0.5652
821.0000 116 65 0.5603
824.0000 116 66 0.5690
826.0000 117 66 0.5641
831.0000 117 67 0.5726
834.0000 118 67 0.5678
839.0000 119 67 0.5630
842.0000 119 68 0.5714
843.0000 119 69 0.5798
848.0000 120 69 0.5750
854.0000 121 69 0.5702
863.0000 122 69 0.5656
870.0000 122 70 0.5738
871.0000 123 70 0.5691
877.0000 124 70 0.5645
883.0000 125 70 0.5600
890.0000 126 70 0.5556
890.0000 126 71 0.5635
891.0000 126 72 0.5714
896.0000 127 72 0.5669
899.0000 127 73 0.5748
903.0000 128 73 0.5703
904.0000 128 74 0.5781
908.0000 129 74 0.5736
914.0000 130 74 0.5692
921.0000 131 74 0.5649
927.0000 131 75 0.5725
929.0000 132 75 0.5682
934.0000 133 75 0.5639
936.0000 133 76 0.5714
938.0000 133 77 0.5789
940.0000 133 78 0.5865
941.0000 134 78 0.5821
943.0000 134 79 0.5896
943.0000 134 80 0.5970
944.0000 134 81 0.6045
948.0000 135 81 0.6000
955.0000 136 81 0.5956
962.0000 137 81 0.5912
968.0000 138 81 0.5870
970.0000 138 82 0.5942
970.0000 138 83 0.6014
974.0000 139 83 0.5971
979.0000 140 83 0.5929
981.0000 140 84 0.6000
986.0000 140 85 0.6071
986.0000 140 86 0.6143
988.0000 141 86 0.6099
990.0000 141 87 0.6170
993.0000 142 87 0.6127
998.0000 143 87 0.6084
1003.0000 144 87 0.6042
1012.0000 145 87 0.6000
1018.0000 145 88 0.6069
1019.0000 146 88 0.6027
1024.0000 146 89 0.6096
1025.0000 147 89 0.6054
1032.0000 148 89 0.6014
1036.0000 148 90 0.6081
1040.0000 149 90 0.6040
1047.0000 150 90 0.6000
1056.0000 151 90 0.5960
1063.0000 151 91 0.6026
1065.0000 152 91 0.5987
1074.0000 153 91 0.5948
1081.0000 154 91 0.5909
1085.0000 154 92 0.5974
1090.0000 155 92 0.5935
1094.0000 155 93 0.6000
1096.0000 156 93 0.5962
1101.0000 157 93 0.5924
1108.0000 158 93 0.5886
1116.0000 159 93 0.5849
1117.0000 159 94 0.5912
1119.0000 159 95 0.5975
1123.0000 160 95 0.5938
1126.0000 160 96 0.6000
1129.0000 161 96 0.5963
1134.0000 161 97 0.6025
1136.0000 162 97 0.5988
1142.0000 162 98 0.6049
1143.0000 163 98 0.6012
1143.0000 163 99 0.6074
1144.0000 163 100 0.6135
1152.0000 164 100 0.6098
1152.0000 164 101 0.6159
1161.0000 165 101 0.6121
1166.0000 165 102 0.6182
1166.0000 165 103 0.6242
1170.0000 166 103 0.6205
1177.0000 167 103 0.6168
1182.0000 168 103 0.6131
1189.0000 169 103 0.6095
1195.0000 170 103 0.6059
1200.0000 171 103 0.6023
1205.0000 171 104 0.6082
1206.0000 172 104 0.6047
1207.0000 172 105 0.6105
1209.0000 172 106 0.6163
1215.0000 173 106 0.6127
1217.0000 173 107 0.6185
1223.0000 174 107 0.6149
1227.0000 174 108 0.6207
1228.0000 175 108 0.6171
1230.0000 175 109 0.6229
1233.0000 176 109 0.6193
1242.0000 177 109 0.6158
1247.0000 178 109 0.6124
1248.0000 178 110 0.6180
1250.0000 178 111 0.6236
1250.0000 178 112 0.6292
1253.0000 179 112 0.6257
1262.0000 180 112 0.6222
1263.0000 180 113 0.6278
1264.0000 180 114 0.6333
1267.0000 181 114 0.6298
1270.0000 181 115 0.6354
1273.0000 182 115 0.6319
1276.0000 182 116 0.6374
1278.0000 182 117 0.6429
1281.0000 183 117 0.6393
1288.0000 184 117 0.6359
1293.0000 184 118 0.6413
1294.0000 185 118 0.6378
1297.0000 185 119 0.6432
1298.0000 185 120 0.6486
1300.0000 186 120 0.6452
1307.0000 187 120 0.6417
1308.0000 187 121 0.6471
1313.0000 188 121 0.6436
1319.0000 189 121 0.6402
1327.0000 190 121 0.6368
1329.0000 190 122 0.6421
1333.0000 190 123 0.6474
1336.0000 191 123 0.6440
1344.0000 192 123 0.6406
1349.0000 193 123 0.6373
1358.0000 194 123 0.6340
1366.0000 195 123 0.6308
1372.0000 196 123 0.6276
1377.0000 197 123 0.6244
1383.0000 198 123 0.6212
1389.0000 199 123 0.6181
1394.0000 200 123 0.6150
1402.0000 200 124 0.6200
1403.0000 201 124 0.6169
1409.0000 201 125 0.6219
1410.0000 201 126 0.6269
1411.0000 202 126 0.6238
1415.0000 202 127 0.6287
1420.0000 203 127 0.6256
1423.0000 203 128 0.6305
1428.0000 204 128 0.6275
1429.0000 204 129 0.6324
1429.0000 204 130 0.6373
1433.0000 204 131 0.6422
1436.0000 204 132 0.6471
1437.0000 205 132 0.6439
1437.0000 205 133 0.6488
1438.0000 205 134 0.6537
1446.0000 206 134 0.6505
1452.0000 206 135 0.6553
1455.0000 207 135 0.6522
1464.0000 208 135 0.6490
1465.0000 208 136 0.6538
1466.0000 208 137 0.6587
1466.0000 208 138 0.6635
1469.0000 209 138 0.6603
1476.0000 210 138 0.6571
1485.0000 211 138 0.6540
1488.0000 211 139 0.6588
1488.0000 211 140 0.6635
1489.0000 211 141 0.6682
1492.0000 212 141 0.6651
1497.0000 212 142 0.6698
1498.0000 212 143 0.6745
1499.0000 213 143 0.6714
1506.0000 214 143 0.6682
1515.0000 215 143 0.6651
1519.0000 215 144 0.6698
1522.0000 216 144 0.6667
1527.0000 216 145 0.6713
1528.0000 216 146 0.6759
1531.0000 217 146 0.6728
1537.0000 218 146 0.6697
1539.0000 218 147 0.6743
1545.0000 219 147 0.6712
1553.0000 220 147 0.6682
1559.0000 220 148 0.6727
1560.0000 221 148 0.6697
1568.0000 222 148 0.6667
1575.0000 223 148 0.6637
1578.0000 223 149 0.6682
1579.0000 223 150 0.6726
1580.0000 224 150 0.6696
1586.0000 225 150 0.6667
1593.0000 226 150 0.6637
1594.0000 226 151 0.6681
1599.0000 227 151 0.6652
1604.0000 227 152 0.6696
1604.0000 227 153 0.6740
1606.0000 228 153 0.6711
1614.0000 229 153 0.6681
1622.0000 230 153 0.6652
1628.0000 231 153 0.6623
1632.0000 231 154 0.6667
1634.0000 232 154 0.6638
1642.0000 233 154 0.6609
1651.0000 234 154 0.6581
1656.0000 235 154 0.6553
1664.0000 236 154 0.6525
1670.0000 237 154 0.6498
1675.0000 238 154 0.6471
1681.0000 239 154 0.6444
1688.0000 240 154 0.6417
1691.0000 240 155 0.6458
1697.0000 241 155 0.6432
1706.0000 242 155 0.6405
1709.0000 242 156 0.6446
1711.0000 243 156 0.6420
1716.0000 244 156 0.6393
1725.0000 245 156 0.6367
1727.0000 245 157 0.6408
1730.0000 246 157 0.6382
1737.0000 247 157 0.6356
1744.0000 248 157 0.6331
1749.0000 249 157 0.6305
1758.0000 250 157 0.6280
1760.0000 250 158 0.6320
1764.0000 251 158 0.6295
1771.0000 252 158 0.6270
1780.0000 253 158 0.6245
1782.0000 253 159 0.6285
1787.0000 254 159 0.6260
1795.0000 255 159 0.6235
1803.0000 256 159 0.6211
1804.0000 256 160 0.6250
1810.0000 257 160 0.6226
1817.0000 258 160 0.6202
1826.0000 259 160 0.6178
1835.0000 260 160 0.6154
1844.0000 261 160 0.6130
1850.0000 262 160 0.6107
1859.0000 263 160 0.6084
1866.0000 264 160 0.6061
1875.0000 265 160 0.6038
1882.0000 266 160 0.6015
1890.0000 267 160 0.5993
1891.0000 267 161 0.6030
1895.0000 267 162 0.6067
1896.0000 268 162 0.6045
1896.0000 268 163 0.6082
1902.0000 269 163 0.6059
1903.0000 269 164 0.6097
1910.0000 270 164 0.6074
1919.0000 271 164 0.6052
1919.0000 271 165 0.6089
1924.0000 271 166 0.6125
1926.0000 272 166 0.6103
1929.0000 272 167 0.6140
1929.0000 272 168 0.6176
1930.0000 272 169 0.6213
1932.0000 273 169 0.6190
1935.0000 273 170 0.6227
1936.0000 273 171 0.6264
1939.0000 274 171 0.6241
1946.0000 275 171 0.6218
1952.0000 276 171 0.6196
1958.0000 277 171 0.6173
1962.0000 277 172 0.6209
1962.0000 277 173 0.6245
1964.0000 277 174 0.6282
1966.0000 278 174 0.6259
1971.0000 279 174 0.6237
1976.0000 280 174 0.6214
1984.0000 281 174 0.6192
1990.0000 282 174 0.6170
1998.0000 282 175 0.6206
1999.0000 283 175 0.6184
2004.0000 284 175 0.6162
2007.0000 284 176 0.6197
2010.0000 285 176 0.6175
2014.0000 285 177 0.6211
2018.0000 286 177 0.6189
2024.0000 287 177 0.6167
2031.0000 288 177 0.6146
2034.0000 288 178 0.6181
2039.0000 289 178 0.6159
2042.0000 289 179 0.6194
2045.0000 290 179 0.6172
2045.0000 290 180 0.6207
2052.0000 290 181 0.6241
2053.0000 291 181 0.6220
2059.0000 292 181 0.6199
2062.0000 292 182 0.6233
2063.0000 292 183 0.6267
2064.0000 292 184 0.6301
2066.0000 293 184 0.6280
2069.0000 293 185 0.6314
2074.0000 294 185 0.6293
2083.0000 295 185 0.6271
2089.0000 296 185 0.6250
2098.0000 297 185 0.6229
2107.0000 298 185 0.6208
2114.0000 299 185 0.6187
2116.0000 299 186 0.6221
2119.0000 300 186 0.6200
2119.0000 300 187 0.6233
2127.0000 301 187 0.6213
2134.0000 301 188 0.6246
2135.0000 302 188 0.6225
2144.0000 303 188 0.6205
2149.0000 304 188 0.6184
2156.0000 305 188 0.6164
2164.0000 306 188 0.6144
2170.0000 307 188 0.6124
2177.0000 308 188 0.6104
2177.0000 308 189 0.6136
2184.0000 309 189 0.6117
2186.0000 309 190 0.6149
2192.0000 310 190 0.6129
2197.0000 310 191 0.6161
2198.0000 311 191 0.6141
2203.0000 312 191 0.6122
2209.0000 312 192 0.6154
2210.0000 313 192 0.6134
2217.0000 314 192 0.6115
2217.0000 314 193 0.6146
2223.0000 315 193 0.6127
2225.0000 315 194 0.6159
2226.0000 315 195 0.6190
2228.0000 316 195 0.6171
2237.0000 317 195 0.6151
2245.0000 318 195 0.6132
2253.0000 319 195 0.6113
2259.0000 320 195 0.6094
2265.0000 321 195 0.6075
2273.0000 322 195 0.6056
2275.0000 322 196 0.6087
2278.0000 323 196 0.6068
2285.0000 324 196 0.6049
2286.0000 324 197 0.6080
2292.0000 325 197 0.6062
2299.0000 325 198 0.6092
2301.0000 326 198 0.6074
2307.0000 327 198 0.6055
2314.0000 327 199 0.6086
2316.0000 328 199 0.6067
2323.0000 329 199 0.6049
2329.0000 330 199 0.6030
2331.0000 330 200 0.6061
2334.0000 331 200 0.6042
2342.0000 332 200 0.6024
2350.0000 333 200 0.6006
2355.0000 333 201 0.6036
2357.0000 334 201 0.6018
2363.0000 335 201 0.6000
2371.0000 335 202 0.6030
2372.0000 336 202 0.6012
2378.0000 337 202 0.5994
2382.0000 337 203 0.6024
2385.0000 337 204 0.6053
2387.0000 338 204 0.6036
2392.0000 339 204 0.6018
2401.0000 340 204 0.6000
2404.0000 340 205 0.6029
2405.0000 340 206 0.6059
2406.0000 340 207 0.6088
2408.0000 340 208 0.6118
2409.0000 341 208 0.6100
2409.0000 341 209 0.6129
2417.0000 342 209 0.6111
2422.0000 343 209 0.6093
2430.0000 343 210 0.6122
2431.0000 344 210 0.6105
2439.0000 345 210 0.6087
2445.0000 346 210 0.6069
2451.0000 347 210 0.6052
2460.0000 348 210 0.6034
2467.0000 349 210 0.6017
2468.0000 349 211 0.6046
2475.0000 350 211 0.6029
2481.0000 351 211 0.6011
2485.0000 351 212 0.6040
2488.0000 352 212 0.6023
2497.0000 353 212 0.6006
2505.0000 354 212 0.5989
2510.0000 355 212 0.5972
2516.0000 356 212 0.5955
2525.0000 357 212 0.5938
2534.0000 358 212 0.5922
2540.0000 359 212 0.5905
2547.0000 360 212 0.5889
2552.0000 361 212 0.5873
2560.0000 362 212 0.5856
2568.0000 363 212 0.5840
2570.0000 363 213 0.5868
2572.0000 363 214 0.5895
2573.0000 364 214 0.5879
2579.0000 365 214 0.5863
2585.0000 366 214 0.5847
2592.0000 367 214 0.5831
2598.0000 368 214 0.5815
2603.0000 369 214 0.5799
2608.0000 370 214 0.5784
2609.0000 370 215 0.5811
2614.0000 371 215 0.5795
2620.0000 372 215 0.5780
2626.0000 373 215 0.5764
2628.0000 373 216 0.5791
2631.0000 374 216 0.5775
2639.0000 375 216 0.5760
2644.0000 376 216 0.5745
2647.0000 376 217 0.5771
2652.0000 377 217 0.5756
2654.0000 377 218 0.5782
2657.0000 378 218 0.5767
2662.0000 378 219 0.5794
2665.0000 379 219 0.5778
2673.0000 380 219 0.5763
2681.0000 381 219 0.5748
2689.0000 381 220 0.5774
2690.0000 382 220 0.5759
2699.0000 383 220 0.5744
2708.0000 384 220 0.5729
2714.0000 385 220 0.5714
2721.0000 385 221 0.5740
2722.0000 386 221 0.5725
2729.0000 387 221 0.5711
2733.0000 387 222 0.5736
2734.0000 388 222 0.5722
2734.0000 388 223 0.5747
2743.0000 389 223 0.5733
2748.0000 390 223 0.5718
2756.0000 390 224 0.5744
2757.0000 391 224 0.5729
2764.0000 392 224 0.5714
2770.0000 393 224 0.5700
2772.0000 393 225 0.5725
2773.0000 393 226 0.5751
2777.0000 394 226 0.5736
2777.0000 394 227 0.5761
2785.0000 395 227 0.5747
2786.0000 395 228 0.5772
2790.0000 396 228 0.5758
2795.0000 396 229 0.5783
2796.0000 396 230 0.5808
2797.0000 397 230 0.5793
2805.0000 398 230 0.5779
2813.0000 399 230 0.5764
2821.0000 400 230 0.5750
2828.0000 400 231 0.5775
2829.0000 401 231 0.5761
2834.0000 402 231 0.5746
2834.0000 402 232 0.5771
2842.0000 403 232 0.5757
2842.0000 403 233 0.5782
2847.0000 404 233 0.5767
2852.0000 405 233 0.5753
2857.0000 406 233 0.5739
2862.0000 406 234 0.5764
2863.0000 407 234 0.5749
2865.0000 407 235 0.5774
2870.0000 407 236 0.5799
2872.0000 408 236 0.5784
2877.0000 408 237 0.5809
2881.0000 409 237 0.5795
2887.0000 410 237 0.5780
2896.0000 411 237 0.5766
2896.0000 411 238 0.5791
2901.0000 411 239 0.5815
2904.0000 412 239 0.5801
2911.0000 413 239 0.5787
2916.0000 414 239 0.5773
2919.0000 414 240 0.5797
2922.0000 415 240 0.5783
2927.0000 416 240 0.5769
2936.0000 417 240 0.5755
2942.0000 418 240 0.5742
2951.0000 419 240 0.5728
2955.0000 419 241 0.5752
2956.0000 420 241 0.5738
2961.0000 421 241 0.5724
2963.0000 421 242 0.5748
2970.0000 422 242 0.5735
2975.0000 423 242 0.5721
2984.0000 424 242 0.5708
2986.0000 424 243 0.5731
2991.0000 425 243 0.5718
3000.0000 426 243 0.5704
3008.0000 427 243 0.5691
3015.0000 427 244 0.5714
3017.0000 428 244 0.5701
3025.0000 429 244 0.5688
3032.0000 429 245 0.5711
3034.0000 430 245 0.5698
3036.0000 430 246 0.5721
3040.0000 431 246 0.5708
3046.0000 432 246 0.5694
3051.0000 433 246 0.5681
3060.0000 434 246 0.5668
3061.0000 434 247 0.5691
3067.0000 435 247 0.5678
3073.0000 436 247 0.5665
3080.0000 437 247 0.5652
3085.0000 438 247 0.5639
3091.0000 439 247 0.5626
3097.0000 440 247 0.5614
3106.0000 441 247 0.5601
3114.0000 442 247 0.5588
3123.0000 443 247 0.5576
3131.0000 444 247 0.5563
3131.0000 444 248 0.5586
3138.0000 445 248 0.5573
3144.0000 446 248 0.5561
3151.0000 447 248 0.5548
3153.0000 447 249 0.5570
3159.0000 448 249 0.5558
3166.0000 449 249 0.5546
3167.0000 449 250 0.5568
3175.0000 450 250 0.5556
3184.0000 451 250 0.5543
3186.0000 451 251 0.5565
3189.0000 452 251 0.5553
3195.0000 452 252 0.5575
3197.0000 453 252 0.5563
3204.0000 454 252 0.5551
3208.0000 454 253 0.5573
3211.0000 455 253 0.5560
3212.0000 455 254 0.5582
3216.0000 455 255 0.5604
3218.0000 456 255 0.5592
3227.0000 457 255 0.5580
3236.0000 458 255 0.5568
3242.0000 459 255 0.5556
3248.0000 459 256 0.5577
3249.0000 459 257 0.5599
3251.0000 460 257 0.5587
3251.0000 460 258 0.5609
3258.0000 461 258 0.5597
3266.0000 462 258 0.5584
3274.0000 463 258 0.5572
3282.0000 464 258 0.5560
3291.0000 465 258 0.5548
3298.0000 466 258 0.5536
3303.0000 467 258 0.5525
3307.0000 467 259 0.5546
3309.0000 468 259 0.5534
3317.0000 468 260 0.5556
3318.0000 469 260 0.5544
3322.0000 469 261 0.5565
3324.0000 470 261 0.5553
3330.0000 471 261 0.5541
3336.0000 471 262 0.5563
3338.0000 472 262 0.5551
3341.0000 472 263 0.5572
3344.0000 473 263 0.5560
3351.0000 474 263 0.5549
3356.0000 475 263 0.5537
3362.0000 476 263 0.5525
3369.0000 476 264 0.5546
3369.0000 476 265 0.5567
3371.0000 477 265 0.5556
3380.0000 478 265 0.5544
3388.0000 479 265 0.5532
3389.0000 479 266 0.5553
3395.0000 480 266 0.5542
3403.0000 481 266 0.5530
3409.0000 482 266 0.5519
3416.0000 482 267 0.5539
3417.0000 483 267 0.5528
3424.0000 484 267 0.5517
3430.0000 485 267 0.5505
3434.0000 485 268 0.5526
3439.0000 486 268 0.5514
3446.0000 487 268 0.5503
3453.0000 488 268 0.5492
3460.0000 489 268 0.5481
3467.0000 490 268 0.5469
3472.0000 491 268 0.5458
3477.0000 492 268 0.5447
3484.0000 493 268 0.5436
3492.0000 494 268 0.5425
3500.0000 495 268 0.5414
3504.0000 495 269 0.5434
3506.0000 496 269 0.5423
3512.0000 497 269 0.5412
3519.0000 498 269 0.5402
3525.0000 499 269 0.5391
3527.0000 499 270 0.5411
3531.0000 500 270 0.5400
3534.0000 500 271 0.5420
3537.0000 501 271 0.5409
3546.0000 502 271 0.5398
3547.0000 502 272 0.5418
3548.0000 502 273 0.5438
3555.0000 503 273 0.5427
3561.0000 504 273 0.5417
3568.0000 504 274 0.5437
3570.0000 505 274 0.5426
3575.0000 505 275 0.5446
3576.0000 505 276 0.5465
3578.0000 506 276 0.5455
3586.0000 507 276 0.5444
3593.0000 508 276 0.5433
3597.0000 508 277 0.5453
3599.0000 509 277 0.5442
3608.0000 510 277 0.5431
3613.0000 511 277 0.5421
3620.0000 512 277 0.5410
3625.0000 513 277 0.5400
3630.0000 514 277 0.5389
3634.0000 514 278 0.5409
3635.0000 515 278 0.5398
3643.0000 516 278 0.5388
3652.0000 517 278 0.5377
3654.0000 517 279 0.5397
3654.0000 517 280 0.5416
3660.0000 518 280 0.5405
3666.0000 519 280 0.5395
3671.0000 520 280 0.5385
3679.0000 521 280 0.5374
3684.0000 522 280 0.5364
3691.0000 523 280 0.5354
3693.0000 523 281 0.5373
3697.0000 524 281 0.5363
3702.0000 525 281 0.5352
3707.0000 525 282 0.5371
3708.0000 526 282 0.5361
3717.0000 527 282 0.5351
3725.0000 528 282 0.5341
3730.0000 529 282 0.5331
3734.0000 529 283 0.5350
3739.0000 530 283 0.5340
3747.0000 531 283 0.5330
3756.0000 532 283 0.5320
3764.0000 533 283 0.5310
3770.0000 533 284 0.5328
3772.0000 534 284 0.5318
3780.0000 535 284 0.5308
3787.0000 536 284 0.5299
3796.0000 537 284 0.5289
3803.0000 537 285 0.5307
3805.0000 538 285 0.5297
3812.0000 539 285 0.5288
3813.0000 539 286 0.5306
3817.0000 540 286 0.5296
3826.0000 541 286 0.5287
3833.0000 542 286 0.5277
3838.0000 543 286 0.5267
3845.0000 544 286 0.5257
3852.0000 545 286 0.5248
3853.0000 545 287 0.5266
3858.0000 546 287 0.5256
3863.0000 547 287 0.5247
3872.0000 548 287 0.5237
3880.0000 549 287 0.5228
3888.0000 550 287 0.5218
3897.0000 551 287 0.5209
3902.0000 551 288 0.5227
3903.0000 552 288 0.5217
3909.0000 553 288 0.5208
3912.0000 553 289 0.5226
3915.0000 554 289 0.5217
3922.0000 555 289 0.5207
3927.0000 556 289 0.5198
3934.0000 557 289 0.5189
3942.0000 558 289 0.5179
3944.0000 558 290 0.5197
3947.0000 559 290 0.5188
3954.0000 560 290 0.5179
3961.0000 560 291 0.5196
3963.0000 561 291 0.5187
3970.0000 562 291 0.5178
3974.0000 562 292 0.5196
3978.0000 563 292 0.5187
3984.0000 563 293 0.5204
3985.0000 564 293 0.5195
3990.0000 565 293 0.5186
3997.0000 566 293 0.5177
4002.0000 567 293 0.5168
4011.0000 568 293 0.5158
4017.0000 569 293 0.5149
4023.0000 570 293 0.5140
4025.0000 570 294 0.5158
4030.0000 571 294 0.5149
4038.0000 572 294 0.5140
4040.0000 572 295 0.5157
4046.0000 573 295 0.5148
4052.0000 574 295 0.5139
4061.0000 575 295 0.5130
4067.0000 576 295 0.5122
4067.0000 576 296 0.5139
4076.0000 577 296 0.5130
4082.0000 577 297 0.5147
4083.0000 578 297 0.5138
4088.0000 578 298 0.5156
4091.0000 579 298 0.5147
4095.0000 579 299 0.5164
4096.0000 580 299 0.5155
4098.0000 580 300 0.5172
4105.0000 581 300 0.5164
4113.0000 582 300 0.5155
4117.0000 582 301 0.5172
4122.0000 583 301 0.5163
4127.0000 584 301 0.5154
4135.0000 585 301 0.5145
4139.0000 585 302 0.5162
4143.0000 586 302 0.5154
4152.0000 587 302 0.5145
4155.0000 587 303 0.5162
4157.0000 588 303 0.5153
4166.0000 589 303 0.5144
4171.0000 589 304 0.5161
4174.0000 590 304 0.5153
4175.0000 590 305 0.5169
4180.0000 590 306 0.5186
4181.0000 591 306 0.5178
4181.0000 591 307 0.5195
4186.0000 592 307 0.5186
4192.0000 593 307 0.5177
4193.0000 593 308 0.5194
4194.0000 593 309 0.5211
4200.0000 593 310 0.5228
4201.0000 594 310 0.5219
4201.0000 594 311 0.5236
4208.0000 595 311 0.5227
4216.0000 596 311 0.5218
4216.0000 596 312 0.5235
4223.0000 597 312 0.5226
4229.0000 598 312 0.5217
4235.0000 599 312 0.5209
4241.0000 600 312 0.5200
4241.0000 600 313 0.5217
4250.0000 601 313 0.5208
4250.0000 601 314 0.5225
4255.0000 602 314 0.5216
4257.0000 602 315 0.5233
4258.0000 602 316 0.5249
4259.0000 602 317 0.5266
4264.0000 603 317 0.5257
4272.0000 604 317 0.5248
4277.0000 605 317 0.5240
4286.0000 606 317 0.5231
4291.0000 607 317 0.5222
4296.0000 608 317 0.5214
4302.0000 609 317 0.5205
4309.0000 610 317 0.5197
4315.0000 611 317 0.5188
4320.0000 612 317 0.5180
4329.0000 613 317 0.5171
4335.0000 614 317 0.5163
4337.0000 614 318 0.5179
4343.0000 615 318 0.5171
4351.0000 616 318 0.5162
4356.0000 617 318 0.5154
4360.0000 617 319 0.5170
4361.0000 618 319 0.5162
4363.0000 618 320 0.5178
4368.0000 619 320 0.5170
4375.0000 620 320 0.5161
4375.0000 620 321 0.5177
4381.0000 621 321 0.5169
4390.0000 622 321 0.5161
4396.0000 623 321 0.5152
4399.0000 623 322 0.5169
4399.0000 623 323 0.5185
4403.0000 623 324 0.5201
4404.0000 624 324 0.5192
4408.0000 624 325 0.5208
4413.0000 625 325 0.5200
4421.0000 626 325 0.5192
4426.0000 627 325 0.5183
4431.0000 628 325 0.5175
4433.0000 628 326 0.5191
4437.0000 629 326 0.5183
4446.0000 630 326 0.5175
4452.0000 631 326 0.5166
4458.0000 632 326 0.5158
4465.0000 633 326 0.5150
4471.0000 634 326 0.5142
4476.0000 635 326 0.5134
4482.0000 636 326 0.5126
4487.0000 637 326 0.5118
4489.0000 637 327 0.5133
4494.0000 638 327 0.5125
4503.0000 639 327 0.5117
4503.0000 639 328 0.5133
4511.0000 640 328 0.5125
4517.0000 641 328 0.5117
4525.0000 642 328 0.5109
4530.0000 643 328 0.5101
4532.0000 643 329 0.5117
4536.0000 644 329 0.5109
4545.0000 645 329 0.5101
4553.0000 646 329 0.5093
4558.0000 647 329 0.5085
4567.0000 648 329 0.5077
4574.0000 649 329 0.5069
4577.0000 649 330 0.5085
4578.0000 649 331 0.5100
4581.0000 649 332 0.5116
4582.0000 650 332 0.5108
4588.0000 651 332 0.5100
4594.0000 652 332 0.5092
4597.0000 652 333 0.5107
4599.0000 653 333 0.5100
4607.0000 654 333 0.5092
4607.0000 654 334 0.5107
4612.0000 655 334 0.5099
4616.0000 655 335 0.5115
4621.0000 656 335 0.5107
4627.0000 657 335 0.5099
4634.0000 658 335 0.5091
4642.0000 659 335 0.5083
4651.0000 660 335 0.5076
4653.0000 660 336 0.5091
4657.0000 661 336 0.5083
4663.0000 662 336 0.5076
4669.0000 663 336 0.5068
4678.0000 664 336 0.5060
4681.0000 664 337 0.5075
4684.0000 665 337 0.5068
4684.0000 665 338 0.5083
4685.0000 665 339 0.5098
4689.0000 665 340 0.5113
4691.0000 666 340 0.5105
4691.0000 666 341 0.5120
4697.0000 667 341 0.5112
4706.0000 668 341 0.5105
4712.0000 669 341 0.5097
4720.0000 670 341 0.5090
4728.0000 671 341 0.5082
4731.0000 671 342 0.5097
4737.0000 672 342 0.5089
4744.0000 673 342 0.5082
4744.0000 673 343 0.5097
4752.0000 674 343 0.5089
4757.0000 675 343 0.5081
4766.0000 676 343 0.5074
4772.0000 677 343 0.5066
4774.0000 677 344 0.5081
4781.0000 678 344 0.5074
4786.0000 679 344 0.5066
4792.0000 680 344 0.5059
4798.0000 680 345 0.5074
4799.0000 681 345 0.5066
4804.0000 682 345 0.5059
4807.0000 682 346 0.5073
4809.0000 683 346 0.5066
4815.0000 684 346 0.5058
4822.0000 685 346 0.5051
4827.0000 685 347 0.5066
4831.0000 686 347 0.5058
4838.0000 686 348 0.5073
4839.0000 687 348 0.5066
4845.0000 688 348 0.5058
4846.0000 688 349 0.5073
4854.0000 689 349 0.5065
4862.0000 690 349 0.5058
4867.0000 691 349 0.5051
4867.0000 691 350 0.5065
4874.0000 692 350 0.5058
4876.0000 692 351 0.5072
4881.0000 693 351 0.5065
4882.0000 693 352 0.5079
4890.0000 694 352 0.5072
4896.0000 695 352 0.5065
4902.0000 696 352 0.5057
4902.0000 696 353 0.5072
4908.0000 697 353 0.5065
4916.0000 697 354 0.5079
4917.0000 698 354 0.5072
4917.0000 698 355 0.5086
4923.0000 699 355 0.5079
4928.0000 700 355 0.5071
4930.0000 700 356 0.5086
4937.0000 701 356 0.5078
4943.0000 701 357 0.5093
4945.0000 702 357 0.5085
4950.0000 703 357 0.5078
4952.0000 703 358 0.5092
4958.0000 703 359 0.5107
4959.0000 704 359 0.5099
4959.0000 704 360 0.5114
4964.0000 705 360 0.5106
4970.0000 706 360 0.5099
4978.0000 707 360 0.5092
4983.0000 708 360 0.5085
4988.0000 709 360 0.5078
4997.0000 710 360 0.5070
5004.0000 711 360 0.5063
5013.0000 712 360 0.5056
5019.0000 713 360 0.5049
5028.0000 714 360 0.5042
5036.0000 715 360 0.5035
5044.0000 716 360 0.5028
5053.0000 717 360 0.5021
5058.0000 718 360 0.5014
5059.0000 718 361 0.5028
5062.0000 718 362 0.5042
5063.0000 718 363 0.5056
5067.0000 719 363 0.5049
5073.0000 720 363 0.5042
5078.0000 720 364 0.5056
5080.0000 720 365 0.5069
5081.0000 721 365 0.5062
5082.0000 721 366 0.5076
5086.0000 722 366 0.5069
5086.0000 722 367 0.5083
5093.0000 723 367 0.5076
5094.0000 723 368 0.5090
5099.0000 724 368 0.5083
5108.0000 725 368 0.5076
5116.0000 726 368 0.5069
5124.0000 727 368 0.5062
5133.0000 728 368 0.5055
5142.0000 729 368 0.5048
5147.0000 730 368 0.5041
5149.0000 730 369 0.5055
5149.0000 730 370 0.5068
5150.0000 730 371 0.5082
5155.0000 731 371 0.5075
5161.0000 732 371 0.5068
5166.0000 733 371 0.5061
5175.0000 734 371 0.5054
5180.0000 735 371 0.5048
5183.0000 735 372 0.5061
5186.0000 736 372 0.5054
5195.0000 737 372 0.5047
5202.0000 738 372 0.5041
5209.0000 739 372 0.5034
5211.0000 739 373 0.5047
5212.0000 739 374 0.5061
5218.0000 740 374 0.5054
5224.0000 741 374 0.5047
5224.0000 741 375 0.5061
5226.0000 741 376 0.5074
5232.0000 742 376 0.5067
5239.0000 743 376 0.5061
5244.0000 744 376 0.5054
5245.0000 744 377 0.5067
5248.0000 744 378 0.5081
5250.0000 745 378 0.5074
5256.0000 746 378 0.5067
5258.0000 746 379 0.5080
5264.0000 747 379 0.5074
5273.0000 748 379 0.5067
5282.0000 749 379 0.5060
5290.0000 750 379 0.5053
5291.0000 750 380 0.5067
5298.0000 751 380 0.5060
5304.0000 751 381 0.5073
5305.0000 752 381 0.5066
5312.0000 753 381 0.5060
5320.0000 754 381 0.5053
5324.0000 754 382 0.5066
5328.0000 755 382 0.5060
5333.0000 755 383 0.5073
5334.0000 755 384 0.5086
5335.0000 756 384 0.5079
5338.0000 756 385 0.5093
5344.0000 757 385 0.5086
5348.0000 757 386 0.5099
5352.0000 758 386 0.5092
5356.0000 758 387 0.5106
5359.0000 759 387 0.5099
5364.0000 759 388 0.5112
5366.0000 760 388 0.5105
5372.0000 761 388 0.5099
5379.0000 762 388 0.5092
5384.0000 763 388 0.5085
5385.0000 763 389 0.5098
5389.0000 764 389 0.5092
5395.0000 765 389 0.5085
5402.0000 766 389 0.5078
5407.0000 766 390 0.5091
5411.0000 767 390 0.5085
5414.0000 767 391 0.5098
5417.0000 768 391 0.5091
5417.0000 768 392 0.5104
5423.0000 769 392 0.5098
5429.0000 770 392 0.5091
5438.0000 771 392 0.5084
5444.0000 772 392 0.5078
5446.0000 772 393 0.5091
5452.0000 773 393 0.5084
5457.0000 774 393 0.5078
5461.0000 774 394 0.5090
5466.0000 775 394 0.5084
5472.0000 776 394 0.5077
5478.0000 776 395 0.5090
5480.0000 777 395 0.5084
5485.0000 777 396 0.5097
5489.0000 778 396 0.5090
5497.0000 779 396 0.5083
5497.0000 779 397 0.5096
5504.0000 780 397 0.5090
5504.0000 780 398 0.5103
5511.0000 781 398 0.5096
5518.0000 782 398 0.5090
5523.0000 783 398 0.5083
5523.0000 783 399 0.5096
5530.0000 784 399 0.5089
5537.0000 785 399 0.5083
5541.0000 785 400 0.5096
5546.0000 786 400 0.5089
5555.0000 787 400 0.5083
5561.0000 787 401 0.5095
5564.0000 788 401 0.5089
5573.0000 789 401 0.5082
5577.0000 789 402 0.5095
5577.0000 789 403 0.5108
5577.0000 789 404 0.5120
5581.0000 790 404 0.5114
5590.0000 791 404 0.5107
5595.0000 792 404 0.5101
5603.0000 793 404 0.5095
5610.0000 794 404 0.5088
5618.0000 795 404 0.5082
5624.0000 796 404 0.5075
5626.0000 796 405 0.5088
5633.0000 797 405 0.5082
5637.0000 797 406 0.5094
5638.0000 798 406 0.5088
5646.0000 799 406 0.5081
5651.0000 799 407 0.5094
5654.0000 800 407 0.5088
5663.0000 801 407 0.5081
5665.0000 801 408 0.5094
5668.0000 802 408 0.5087
5677.0000 803 408 0.5081
5685.0000 804 408 0.5075
5693.0000 804 409 0.5087
5694.0000 805 409 0.5081
5695.0000 805 410 0.5093
5700.0000 806 410 0.5087
5706.0000 807 410 0.5081
5715.0000 808 410 0.5074
5720.0000 809 410 0.5068
5722.0000 809 411 0.5080
5728.0000 810 411 0.5074
5730.0000 810 412 0.5086
5730.0000 810 413 0.5099
5733.0000 810 414 0.5111
5735.0000 811 414 0.5105
5742.0000 812 414 0.5099
5742.0000 812 415 0.5111
5748.0000 813 415 0.5105
5750.0000 813 416 0.5117
5754.0000 814 416 0.5111
5759.0000 815 416 0.5104
5766.0000 816 416 0.5098
5768.0000 816 417 0.5110
5772.0000 817 417 0.5104
5780.0000 818 417 0.5098
5787.0000 819 417 0.5092
5792.0000 820 417 0.5085
5799.0000 821 417 0.5079
5808.0000 822 417 0.5073
5808.0000 822 418 0.5085
5816.0000 823 418 0.5079
5823.0000 823 419 0.5091
5825.0000 824 419 0.5085
5833.0000 825 419 0.5079
5839.0000 826 419 0.5073
5839.0000 826 420 0.5085
5841.0000 826 421 0.5097
5844.0000 827 421 0.5091
5852.0000 828 421 0.5085
5854.0000 828 422 0.5097
5855.0000 828 423 0.5109
5860.0000 829 423 0.5103
5861.0000 829 424 0.5115
5862.0000 829 425 0.5127
5867.0000 830 425 0.5120
5870.0000 830 426 0.5133
5871.0000 830 427 0.5145
5876.0000 831 427 0.5138
5878.0000 831 428 0.5150
5884.0000 832 428 0.5144
5892.0000 833 428 0.5138
5901.0000 834 428 0.5132
5910.0000 835 428 0.5126
5919.0000 836 428 0.5120
5924.0000 837 428 0.5114
5932.0000 838 428 0.5107
5939.0000 839 428 0.5101
5940.0000 839 429 0.5113
5946.0000 840 429 0.5107
5951.0000 841 429 0.5101
5959.0000 842 429 0.5095
5968.0000 843 429 0.5089
5974.0000 844 429 0.5083
5980.0000 844 430 0.5095
5982.0000 845 430 0.5089
5984.0000 845 431 0.5101
5989.0000 846 431 0.5095
5993.0000 846 432 0.5106
5995.0000 847 432 0.5100
6000.0000 848 432 0.5094
6008.0000 849 432 0.5088
6008.0000 849 433 0.5100
6015.0000 850 433 0.5094
6023.0000 851 433 0.5088
6030.0000 852 433 0.5082
6035.0000 853 433 0.5076
6041.0000 854 433 0.5070
6047.0000 855 433 0.5064
6049.0000 855 434 0.5076
6054.0000 856 434 0.5070
6056.0000 856 435 0.5082
6061.0000 857 435 0.5076
6068.0000 858 435 0.5070
6074.0000 858 436 0.5082
6077.0000 859 436 0.5076
6077.0000 859 437 0.5087
6085.0000 860 437 0.5081
6094.0000 861 437 0.5075
6103.0000 862 437 0.5070
6107.0000 862 438 0.5081
6110.0000 863 438 0.5075
6112.0000 863 439 0.5087
6116.0000 864 439 0.5081
6121.0000 864 440 0.5093
6123.0000 865 440 0.5087
6129.0000 866 440 0.5081
6137.0000 867 440 0.5075
6146.0000 868 440 0.5069
6155.0000 869 440 0.5063
6161.0000 870 440 0.5057
6169.0000 871 440 0.5052
6175.0000 872 440 0.5046
6183.0000 873 440 0.5040
6188.0000 873 441 0.5052
6190.0000 874 441 0.5046
6199.0000 875 441 0.5040
6205.0000 876 441 0.5034
6211.0000 877 441 0.5029
6216.0000 878 441 0.5023
6221.0000 879 441 0.5017
6228.0000 880 441 0.5011
6233.0000 881 441 0.5006
6233.0000 881 442 0.5017
6242.0000 882 442 0.5011
6251.0000 883 442 0.5006
6257.0000 884 442 0.5000
6262.0000 885 442 0.4994
6269.0000 886 442 0.4989
6276.0000 887 442 0.4983
6284.0000 888 442 0.4977
6285.0000 888 443 0.4989
6289.0000 889 443 0.4983
6289.0000 889 444 0.4994
6292.0000 889 445 0.5006
6297.0000 890 445 0.5000
6306.0000 891 445 0.4994
6306.0000 891 446 0.5006
6314.0000 892 446 0.5000
6314.0000 892 447 0.5011
6323.0000 893 447 0.5006
6328.0000 894 447 0.5000
6328.0000 894 448 0.5011
6334.0000 895 448 0.5006
6340.0000 896 448 0.5000
6349.0000 897 448 0.4994
6358.0000 898 448 0.4989
6360.0000 898 449 0.5000
6366.0000 899 449 0.4994
6373.0000 900 449 0.4989
6378.0000 901 449 0.4983
6380.0000 901 450 0.4994
6381.0000 901 451 0.5006
6382.0000 901 452 0.5017
6386.0000 902 452 0.5011
6390.0000 902 453 0.5022
6395.0000 903 453 0.5017
6400.0000 904 453 0.5011
6405.0000 905 453 0.5006
6409.0000 905 454 0.5017
6412.0000 906 454 0.5011
6418.0000 907 454 0.5006
6426.0000 908 454 0.5000
6433.0000 909 454 0.4994
6436.0000 909 455 0.5006
6440.0000 910 455 0.5000
6445.0000 910 456 0.5011
6448.0000 911 456 0.5005
6451.0000 911 457 0.5016
6456.0000 912 457 0.5011
6461.0000 913 457 0.5005
6467.0000 914 457 0.5000
6476.0000 915 457 0.4995
6480.0000 915 458 0.5005
6483.0000 916 458 0.5000
6489.0000 917 458 0.4995
6489.0000 917 459 0.5005
6494.0000 917 460 0.5016
6498.0000 918 460 0.5011
6498.0000 918 461 0.5022
6499.0000 918 462 0.5033
6506.0000 919 462 0.5027
6507.0000 919 463 0.5038
6507.0000 919 464 0.5049
6509.0000 919 465 0.5060
6511.0000 920 465 0.5054
6517.0000 920 466 0.5065
6520.0000 921 466 0.5060
6526.0000 922 466 0.5054
6533.0000 923 466 0.5049
6535.0000 923 467 0.5060
6538.0000 924 467 0.5054
6545.0000 925 467 0.5049
6554.0000 926 467 0.5043
6555.0000 926 468 0.5054
6560.0000 926 469 0.5065
6561.0000 927 469 0.5059
6568.0000 927 470 0.5070
6568.0000 927 471 0.5081
6569.0000 928 471 0.5075
6577.0000 929 471 0.5070
6583.0000 930 471 0.5065
6591.0000 931 471 0.5059
6591.0000 931 472 0.5070
6592.0000 931 473 0.5081
6600.0000 932 473 0.5075
6605.0000 933 473 0.5070
6607.0000 933 474 0.5080
6613.0000 934 474 0.5075
6621.0000 935 474 0.5070
6621.0000 935 475 0.5080
6627.0000 936 475 0.5075
6629.0000 936 476 0.5085
6633.0000 937 476 0.5080
6634.0000 937 477 0.5091
6638.0000 938 477 0.5085
6642.0000 938 478 0.5096
6643.0000 939 478 0.5091
6648.0000 940 478 0.5085
6657.0000 941 478 0.5080
6662.0000 942 478 0.5074
6662.0000 942 479 0.5085
6669.0000 943 479 0.5080
6671.0000 943 480 0.5090
6674.0000 943 481 0.5101
6676.0000 944 481 0.5095
6678.0000 944 482 0.5106
6685.0000 945 482 0.5101
6689.0000 945 483 0.5111
6689.0000 945 484 0.5122
6690.0000 945 485 0.5132
6692.0000 946 485 0.5127
6699.0000 947 485 0.5121
6700.0000 947 486 0.5132
6704.0000 947 487 0.5143
6706.0000 948 487 0.5137
6711.0000 949 487 0.5132
6717.0000 950 487 0.5126
6722.0000 951 487 0.5121
6727.0000 951 488 0.5131
6728.0000 951 489 0.5142
6730.0000 952 489 0.5137
6739.0000 953 489 0.5131
6745.0000 954 489 0.5126
6753.0000 955 489 0.5120
6762.0000 956 489 0.5115
6766.0000 956 490 0.5126
6769.0000 956 491 0.5136
6769.0000 956 492 0.5146
6771.0000 957 492 0.5141
6780.0000 958 492 0.5136
6786.0000 959 492 0.5130
6795.0000 960 492 0.5125
6804.0000 961 492 0.5120
6809.0000 962 492 0.5114
6809.0000 962 493 0.5125
6816.0000 963 493 0.5119
6818.0000 963 494 0.5130
6822.0000 963 495 0.5140
6823.0000 964 495 0.5135
6823.0000 964 496 0.5145
6830.0000 965 496 0.5140
6838.0000 966 496 0.5135
6838.0000 966 497 0.5145
6841.0000 966 498 0.5155
6844.0000 967 498 0.5150
6846.0000 967 499 0.5160
6850.0000 968 499 0.5155
6858.0000 969 499 0.5150
6864.0000 970 499 0.5144
6867.0000 970 500 0.5155
6869.0000 970 501 0.5165
6871.0000 971 501 0.5160
6878.0000 972 501 0.5154
6885.0000 973 501 0.5149
6890.0000 974 501 0.5144
6896.0000 975 501 0.5138
6901.0000 976 501 0.5133
6909.0000 977 501 0.5128
6910.0000 977 502 0.5138
6918.0000 978 502 0.5133
6927.0000 979 502 0.5128
6929.0000 979 503 0.5138
6934.0000 980 503 0.5133
6941.0000 981 503 0.5127
6948.0000 982 503 0.5122
6957.0000 983 503 0.5117
6957.0000 983 504 0.5127
6964.0000 984 504 0.5122
6970.0000 984 505 0.5132
6971.0000 984 506 0.5142
6972.0000 985 506 0.5137
6977.0000 986 506 0.5132
6982.0000 987 506 0.5127
6988.0000 988 506 0.5121
6996.0000 989 506 0.5116
7005.0000 990 506 0.5111
7011.0000 991 506 0.5106
7020.0000 992 506 0.5101
7025.0000 992 507 0.5111
7027.0000 993 507 0.5106
7034.0000 994 507 0.5101
7042.0000 995 507 0.5095
7048.0000 996 507 0.5090
7055.0000 997 507 0.5085
7064.0000 998 507 0.5080
7071.0000 999 507 0.5075
7076.0000 1000 507 0.5070
7082.0000 1001 507 0.5065
7090.0000 1002 507 0.5060
7095.0000 1002 508 0.5070
7097.0000 1003 508 0.5065
7102.0000 1004 508 0.5060
7109.0000 1005 508 0.5055
7118.0000 1006 508 0.5050
7124.0000 1007 508 0.5045
7127.0000 1007 509 0.5055
7130.0000 1008 509 0.5050
7132.0000 1008 510 0.5060
7139.0000 1009 510 0.5055
7144.0000 1010 510 0.5050
7153.0000 1011 510 0.5045
7160.0000 1012 510 0.5040
7167.0000 1013 510 0.5035
7176.0000 1014 510 0.5030
7183.0000 1015 510 0.5025
7189.0000 1016 510 0.5020
7191.0000 1016 511 0.5030
7198.0000 1017 511 0.5025
7205.0000 1018 511 0.5020
7211.0000 1019 511 0.5015
7217.0000 1020 511 0.5010
7222.0000 1021 511 0.5005
7229.0000 1022 511 0.5000
7237.0000 1023 511 0.4995
7244.0000 1024 511 0.4990
7253.0000 1025 511 0.4985
7258.0000 1025 512 0.4995
7260.0000 1026 512 0.4990
7268.0000 1027 512 0.4985
7275.0000 1028 512 0.4981
7284.0000 1029 512 0.4976
7292.0000 1030 512 0.4971
7297.0000 1031 512 0.4966
7303.0000 1031 513 0.4976
7305.0000 1032 513 0.4971
7311.0000 1033 513 0.4966
7312.0000 1033 514 0.4976
7318.0000 1034 514 0.4971
7322.0000 1034 515 0.4981
7322.0000 1034 516 0.4990
7327.0000 1035 516 0.4986
7334.0000 1036 516 0.4981
7338.0000 1036 517 0.4990
7341.0000 1037 517 0.4986
7343.0000 1037 518 0.4995
7348.0000 1037 519 0.5005
7350.0000 1038 519 0.5000
7359.0000 1039 519 0.4995
7363.0000 1039 520 0.5005
7365.0000 1040 520 0.5000
7370.0000 1040 521 0.5010
7373.0000 1041 521 0.5005
7378.0000 1042 521 0.5000
7383.0000 1043 521 0.4995
7392.0000 1044 521 0.4990
7395.0000 1044 522 0.5000
7397.0000 1045 522 0.4995
7398.0000 1045 523 0.5005
7404.0000 1046 523 0.5000
7411.0000 1047 523 0.4995
7414.0000 1047 524 0.5005
7418.0000 1048 524 0.5000
7421.0000 1048 525 0.5010
7424.0000 1049 525 0.5005
7427.0000 1049 526 0.5014
7430.0000 1050 526 0.5010
7436.0000 1051 526 0.5005
7441.0000 1052 526 0.5000
7447.0000 1052 527 0.5010
7448.0000 1053 527 0.5005
7452.0000 1053 528 0.5014
7457.0000 1054 528 0.5009
7465.0000 1055 528 0.5005
7465.0000 1055 529 0.5014
7466.0000 1055 530 0.5024
7474.0000 1056 530 0.5019
7476.0000 1056 531 0.5028
7482.0000 1057 531 0.5024
7487.0000 1058 531 0.5019
7488.0000 1058 532 0.5028
7491.0000 1058 533 0.5038
7493.0000 1059 533 0.5033
7494.0000 1059 534 0.5042
7495.0000 1059 535 0.5052
7502.0000 1060 535 0.5047
7507.0000 1061 535 0.5042
7513.0000 1062 535 0.5038
7519.0000 1063 535 0.5033
7525.0000 1064 535 0.5028
7534.0000 1065 535 0.5023
7542.0000 1066 535 0.5019
7550.0000 1067 535 0.5014
7556.0000 1068 535 0.5009
7561.0000 1068 536 0.5019
7562.0000 1069 536 0.5014
7570.0000 1070 536 0.5009
7576.0000 1071 536 0.5005
7585.0000 1072 536 0.5000
7594.0000 1073 536 0.4995
7595.0000 1073 537 0.5005
7598.0000 1073 538 0.5014
7602.0000 1074 538 0.5009
7609.0000 1075 538 0.5005
7617.0000 1076 538 0.5000
7620.0000 1076 539 0.5009
7625.0000 1077 539 0.5005
7630.0000 1078 539 0.5000
7635.0000 1079 539 0.4995
7644.0000 1080 539 0.4991
7651.0000 1080 540 0.5000
7652.0000 1081 540 0.4995
7655.0000 1081 541 0.5005
7657.0000 1082 541 0.5000
7662.0000 1083 541 0.4995
7667.0000 1084 541 0.4991
7672.0000 1085 541 0.4986
7680.0000 1086 541 0.4982
7688.0000 1087 541 0.4977
7697.0000 1088 541 0.4972
7706.0000 1089 541 0.4968
7713.0000 1090 541 0.4963
7721.0000 1091 541 0.4959
7722.0000 1091 542 0.4968
7724.0000 1091 543 0.4977
7725.0000 1091 544 0.4986
7729.0000 1092 544 0.4982
7738.0000 1093 544 0.4977
7740.0000 1093 545 0.4986
7741.0000 1093 546 0.4995
7743.0000 1094 546 0.4991
7748.0000 1095 546 0.4986
7753.0000 1096 546 0.4982
7753.0000 1096 547 0.4991
7757.0000 1096 548 0.5000
7761.0000 1096 549 0.5009
7762.0000 1097 549 0.5005
7762.0000 1097 550 0.5014
7766.0000 1097 551 0.5023
7770.0000 1098 551 0.5018
7776.0000 1099 551 0.5014
7785.0000 1100 551 0.5009
7791.0000 1101 551 0.5005
7796.0000 1102 551 0.5000
7804.0000 1103 551 0.4995
7810.0000 1103 552 0.5005
7811.0000 1104 552 0.5000
7820.0000 1105 552 0.4995
7826.0000 1106 552 0.4991
7832.0000 1107 552 0.4986
7839.0000 1108 552 0.4982
7844.0000 1108 553 0.4991
7845.0000 1109 553 0.4986
7845.0000 1109 554 0.4995
7854.0000 1110 554 0.4991
7863.0000 1111 554 0.4986
7865.0000 1111 555 0.4995
7870.0000 1112 555 0.4991
7874.0000 1112 556 0.5000
7877.0000 1113 556 0.4996
7884.0000 1114 556 0.4991
7887.0000 1114 557 0.5000
7891.0000 1115 557 0.4996
7893.0000 1115 558 0.5004
7897.0000 1116 558 0.5000
7902.0000 1117 558 0.4996
7910.0000 1118 558 0.4991
7918.0000 1119 558 0.4987
7923.0000 1120 558 0.4982
7928.0000 1121 558 0.4978
7932.0000 1121 559 0.4987
7934.0000 1122 559 0.4982
7939.0000 1123 559 0.4978
7940.0000 1123 560 0.4987
7944.0000 1124 560 0.4982
7946.0000 1124 561 0.4991
7950.0000 1125 561 0.4987
7958.0000 1126 561 0.4982
7966.0000 1127 561 0.4978
7973.0000 1128 561 0.4973
7980.0000 1129 561 0.4969
7981.0000 1129 562 0.4978
7984.0000 1129 563 0.4987
7987.0000 1130 563 0.4982
7990.0000 1130 564 0.4991
7990.0000 1130 565 0.5000
7992.0000 1130 566 0.5009
7994.0000 1130 567 0.5018
7996.0000 1131 567 0.5013
8005.0000 1132 567 0.5009
8011.0000 1133 567 0.5004
8011.0000 1133 568 0.5013
8018.0000 1134 568 0.5009
8026.0000 1135 568 0.5004
8035.0000 1136 568 0.5000
8040.0000 1137 568 0.4996
8045.0000 1138 568 0.4991
8052.0000 1139 568 0.4987
8057.0000 1140 568 0.4982
8059.0000 1140 569 0.4991
8063.0000 1141 569 0.4987
8069.0000 1142 569 0.4982
8074.0000 1143 569 0.4978
8079.0000 1144 569 0.4974
8084.0000 1145 569 0.4969
8092.0000 1146 569 0.4965
8101.0000 1147 569 0.4961
8110.0000 1148 569 0.4956
8117.0000 1149 569 0.4952
8118.0000 1149 570 0.4961
8118.0000 1149 571 0.4970
8118.0000 1149 572 0.4978
8121.0000 1149 573 0.4987
8122.0000 1149 574 0.4996
8124.0000 1150 574 0.4991
8133.0000 1151 574 0.4987
8137.0000 1151 575 0.4996
8138.0000 1152 575 0.4991
8144.0000 1153 575 0.4987
8153.0000 1154 575 0.4983
8162.0000 1155 575 0.4978
8169.0000 1156 575 0.4974
8174.0000 1156 576 0.4983
8178.0000 1157 576 0.4978
8184.0000 1158 576 0.4974
8184.0000 1158 577 0.4983
8191.0000 1159 577 0.4978
8199.0000 1160 577 0.4974
8200.0000 1160 578 0.4983
8204.0000 1161 578 0.4978
8212.0000 1162 578 0.4974
8218.0000 1163 578 0.4970
8223.0000 1164 578 0.4966
8226.0000 1164 579 0.4974
8230.0000 1164 580 0.4983
8231.0000 1165 580 0.4979
8231.0000 1165 581 0.4987
8234.0000 1165 582 0.4996
8239.0000 1166 582 0.4991
8247.0000 1167 582 0.4987
8256.0000 1168 582 0.4983
8264.0000 1169 582 0.4979
8268.0000 1169 583 0.4987
8272.0000 1170 583 0.4983
8279.0000 1171 583 0.4979
8287.0000 1172 583 0.4974
8293.0000 1173 583 0.4970
8302.0000 1174 583 0.4966
8308.0000 1175 583 0.4962
8317.0000 1176 583 0.4957
8317.0000 1176 584 0.4966
8325.0000 1177 584 0.4962
8332.0000 1178 584 0.4958
8340.0000 1179 584 0.4953
8343.0000 1179 585 0.4962
8345.0000 1180 585 0.4958
8354.0000 1181 585 0.4953
8356.0000 1181 586 0.4962
8359.0000 1182 586 0.4958
8362.0000 1182 587 0.4966
8366.0000 1183 587 0.4962
8372.0000 1183 588 0.4970
8373.0000 1183 589 0.4979
8373.0000 1183 590 0.4987
8374.0000 1184 590 0.4983
8382.0000 1185 590 0.4979
8386.0000 1185 591 0.4987
8390.0000 1186 591 0.4983
8393.0000 1186 592 0.4992
8395.0000 1186 593 0.5000
8396.0000 1186 594 0.5008
8397.0000 1187 594 0.5004
8403.0000 1188 594 0.5000
8410.0000 1189 594 0.4996
8412.0000 1189 595 0.5004
8416.0000 1190 595 0.5000
8421.0000 1191 595 0.4996
8426.0000 1192 595 0.4992
8435.0000 1193 595 0.4987
8441.0000 1194 595 0.4983
8447.0000 1195 595 0.4979
8453.0000 1195 596 0.4987
8455.0000 1196 596 0.4983
8456.0000 1196 597 0.4992
8458.0000 1196 598 0.5000
8464.0000 1197 598 0.4996
8472.0000 1198 598 0.4992
8480.0000 1198 599 0.5000
8480.0000 1198 600 0.5008
8481.0000 1199 600 0.5004
8488.0000 1200 600 0.5000
8489.0000 1200 601 0.5008
8494.0000 1200 602 0.5017
8497.0000 1201 602 0.5012
8504.0000 1201 603 0.5021
8506.0000 1202 603 0.5017
8511.0000 1203 603 0.5012
8516.0000 1204 603 0.5008
8524.0000 1205 603 0.5004
8528.0000 1205 604 0.5012
8530.0000 1206 604 0.5008
8535.0000 1207 604 0.5004
8537.0000 1207 605 0.5012
8544.0000 1208 605 0.5008
8549.0000 1209 605 0.5004
8556.0000 1210 605 0.5000
8561.0000 1211 605 0.4996
8568.0000 1211 606 0.5004
8569.0000 1212 606 0.5000
8578.0000 1213 606 0.4996
8585.0000 1214 606 0.4992
8592.0000 1214 607 0.5000
8593.0000 1215 607 0.4996
8599.0000 1216 607 0.4992
8608.0000 1217 607 0.4988
8617.0000 1218 607 0.4984
8622.0000 1219 607 0.4979
8622.0000 1219 608 0.4988
8624.0000 1219 609 0.4996
8631.0000 1220 609 0.4992
8640.0000 1221 609 0.4988
8644.0000 1221 610 0.4996
8647.0000 1222 610 0.4992
8654.0000 1223 610 0.4988
8659.0000 1224 610 0.4984
8661.0000 1224 611 0.4992
8662.0000 1224 612 0.5000
8665.0000 1225 612 0.4996
8665.0000 1225 613 0.5004
8672.0000 1226 613 0.5000
8672.0000 1226 614 0.5008
8679.0000 1227 614 0.5004
8686.0000 1228 614 0.5000
8693.0000 1229 614 0.4996
8700.0000 1229 615 0.5004
8701.0000 1230 615 0.5000
8706.0000 1231 615 0.4996
8707.0000 1231 616 0.5004
8709.0000 1231 617 0.5012
8712.0000 1232 617 0.5008
8714.0000 1232 618 0.5016
8719.0000 1233 618 0.5012
8724.0000 1234 618 0.5008
8729.0000 1235 618 0.5004
8735.0000 1236 618 0.5000
8743.0000 1237 618 0.4996
8749.0000 1238 618 0.4992
8757.0000 1239 618 0.4988
8763.0000 1240 618 0.4984
8772.0000 1241 618 0.4980
8775.0000 1241 619 0.4988
8778.0000 1242 619 0.4984
8784.0000 1243 619 0.4980
8790.0000 1244 619 0.4976
8798.0000 1245 619 0.4972
8804.0000 1246 619 0.4968
8806.0000 1246 620 0.4976
8812.0000 1247 620 0.4972
8815.0000 1247 621 0.4980
8819.0000 1247 622 0.4988
8820.0000 1248 622 0.4984
8820.0000 1248 623 0.4992
8825.0000 1249 623 0.4988
8825.0000 1249 624 0.4996
8829.0000 1249 625 0.5004
8829.0000 1249 626 0.5012
8832.0000 1250 626 0.5008
8836.0000 1250 627 0.5016
8837.0000 1251 627 0.5012
8846.0000 1252 627 0.5008
8851.0000 1253 627 0.5004
8860.0000 1254 627 0.5000
8862.0000 1254 628 0.5008
8865.0000 1255 628 0.5004
8866.0000 1255 629 0.5012
8870.0000 1256 629 0.5008
8878.0000 1257 629 0.5004
8881.0000 1257 630 0.5012
8884.0000 1257 631 0.5020
8885.0000 1258 631 0.5016
8887.0000 1258 632 0.5024
8892.0000 1259 632 0.5020
8900.0000 1260 632 0.5016
8909.0000 1261 632 0.5012
8909.0000 1261 633 0.5020
8911.0000 1261 634 0.5028
8918.0000 1262 634 0.5024
8925.0000 1263 634 0.5020
8925.0000 1263 635 0.5028
8931.0000 1264 635 0.5024
8938.0000 1264 636 0.5032
8939.0000 1265 636 0.5028
8944.0000 1266 636 0.5024
8948.0000 1266 637 0.5032
8953.0000 1267 637 0.5028
8953.0000 1267 638 0.5036
8955.0000 1267 639 0.5043
8956.0000 1267 640 0.5051
8959.0000 1268 640 0.5047
8967.0000 1269 640 0.5043
8975.0000 1270 640 0.5039
8981.0000 1271 640 0.5035
8990.0000 1272 640 0.5031
8999.0000 1273 640 0.5027
9006.0000 1274 640 0.5024
9015.0000 1275 640 0.5020
9021.0000 1276 640 0.5016
9024.0000 1276 641 0.5024
9028.0000 1277 641 0.5020
9030.0000 1277 642 0.5027
9036.0000 1278 642 0.5023
9043.0000 1279 642 0.5020
9052.0000 1280 642 0.5016
9059.0000 1280 643 0.5023
9060.0000 1281 643 0.5020
9063.0000 1281 644 0.5027
9066.0000 1282 644 0.5023
9074.0000 1283 644 0.5019
9081.0000 1284 644 0.5016
9086.0000 1285 644 0.5012
9093.0000 1286 644 0.5008
9100.0000 1287 644 0.5004
9100.0000 1287 645 0.5012
9107.0000 1288 645 0.5008
9114.0000 1289 645 0.5004
9119.0000 1290 645 0.5000
9127.0000 1291 645 0.4996
9128.0000 1291 646 0.5004
9134.0000 1292 646 0.5000
9139.0000 1292 647 0.5008
9140.0000 1293 647 0.5004
9146.0000 1293 648 0.5012
9147.0000 1294 648 0.5008
9153.0000 1295 648 0.5004
9158.0000 1296 648 0.5000
9167.0000 1297 648 0.4996
9176.0000 1298 648 0.4992
9185.0000 1299 648 0.4988
9189.0000 1299 649 0.4996
9191.0000 1300 649 0.4992
9200.0000 1301 649 0.4988
9205.0000 1301 650 0.4996
9208.0000 1302 650 0.4992
9213.0000 1302 651 0.5000
9215.0000 1302 652 0.5008
9216.0000 1303 652 0.5004
9223.0000 1304 652 0.5000
9227.0000 1304 653 0.5008
9229.0000 1305 653 0.5004
9238.0000 1306 653 0.5000
9245.0000 1307 653 0.4996
9250.0000 1307 654 0.5004
9253.0000 1308 654 0.5000
9260.0000 1309 654 0.4996
9268.0000 1310 654 0.4992
9275.0000 1311 654 0.4989
9283.0000 1312 654 0.4985
9289.0000 1313 654 0.4981
9295.0000 1314 654 0.4977
9300.0000 1315 654 0.4973
9307.0000 1316 654 0.4970
9316.0000 1317 654 0.4966
9324.0000 1318 654 0.4962
9330.0000 1319 654 0.4958
9338.0000 1320 654 0.4955
9347.0000 1321 654 0.4951
9351.0000 1321 655 0.4958
9353.0000 1321 656 0.4966
9354.0000 1321 657 0.4974
9355.0000 1322 657 0.4970
9362.0000 1323 657 0.4966
9369.0000 1324 657 0.4962
9378.0000 1325 657 0.4958
9384.0000 1326 657 0.4955
9390.0000 1327 657 0.4951
9397.0000 1328 657 0.4947
9405.0000 1329 657 0.4944
9412.0000 1330 657 0.4940
9418.0000 1331 657 0.4936
9421.0000 1331 658 0.4944
9424.0000 1332 658 0.4940
9430.0000 1333 658 0.4936
9438.0000 1334 658 0.4933
9443.0000 1335 658 0.4929
9449.0000 1336 658 0.4925
9458.0000 1337 658 0.4921
9465.0000 1338 658 0.4918
9473.0000 1339 658 0.4914
9478.0000 1340 658 0.4910
9487.0000 1341 658 0.4907
9493.0000 1342 658 0.4903
9494.0000 1342 659 0.4911
9501.0000 1342 660 0.4918
9502.0000 1343 660 0.4914
9507.0000 1344 660 0.4911
9514.0000 1345 660 0.4907
9519.0000 1346 660 0.4903
9520.0000 1346 661 0.4911
9528.0000 1347 661 0.4907
9534.0000 1348 661 0.4904
9539.0000 1349 661 0.4900
9547.0000 1350 661 0.4896
9553.0000 1350 662 0.4904
9553.0000 1350 663 0.4911
9554.0000 1351 663 0.4907
9563.0000 1352 663 0.4904
9570.0000 1352 664 0.4911
9572.0000 1353 664 0.4908
9577.0000 1354 664 0.4904
9585.0000 1355 664 0.4900
9588.0000 1355 665 0.4908
9593.0000 1356 665 0.4904
9602.0000 1357 665 0.4901
9607.0000 1358 665 0.4897
9616.0000 1359 665 0.4893
9625.0000 1360 665 0.4890
9632.0000 1361 665 0.4886
9641.0000 1362 665 0.4883
9648.0000 1363 665 0.4879
9656.0000 1363 666 0.4886
9657.0000 1364 666 0.4883
9662.0000 1364 667 0.4890
9666.0000 1365 667 0.4886
9671.0000 1366 667 0.4883
9677.0000 1367 667 0.4879
9686.0000 1368 667 0.4876
9694.0000 1369 667 0.4872
9698.0000 1369 668 0.4879
9702.0000 1370 668 0.4876
9704.0000 1370 669 0.4883
9709.0000 1371 669 0.4880
9717.0000 1372 669 0.4876
9726.0000 1373 669 0.4873
9732.0000 1374 669 0.4869
9740.0000 1375 669 0.4865
9745.0000 1375 670 0.4873
9749.0000 1376 670 0.4869
9756.0000 1377 670 0.4866
9760.0000 1377 671 0.4873
9762.0000 1378 671 0.4869
9768.0000 1379 671 0.4866
9775.0000 1380 671 0.4862
9781.0000 1381 671 0.4859
9787.0000 1382 671 0.4855
9795.0000 1382 672 0.4863
9796.0000 1383 672 0.4859
9802.0000 1383 673 0.4866
9804.0000 1384 673 0.4863
9812.0000 1385 673 0.4859
9814.0000 1385 674 0.4866
9821.0000 1386 674 0.4863
9830.0000 1387 674 0.4859
9838.0000 1388 674 0.4856
9843.0000 1389 674 0.4852
9849.0000 1390 674 0.4849
9850.0000 1390 675 0.4856
9857.0000 1391 675 0.4853
9864.0000 1392 675 0.4849
9871.0000 1393 675 0.4846
9871.0000 1393 676 0.4853
9877.0000 1394 676 0.4849
9882.0000 1395 676 0.4846
9882.0000 1395 677 0.4853
9890.0000 1396 677 0.4850
9893.0000 1396 678 0.4857
9899.0000 1397 678 0.4853
9908.0000 1398 678 0.4850
9913.0000 1399 678 0.4846
9921.0000 1400 678 0.4843
9926.0000 1400 679 0.4850
9928.0000 1401 679 0.4847
9935.0000 1402 679 0.4843
9942.0000 1403 679 0.4840
9949.0000 1404 679 0.4836
9949.0000 1404 680 0.4843
9950.0000 1404 681 0.4850
9951.0000 1404 682 0.4858
9957.0000 1405 682 0.4854
9957.0000 1405 683 0.4861
9964.0000 1406 683 0.4858
9970.0000 1407 683 0.4854
9978.0000 1408 683 0.4851
9978.0000 1408 684 0.4858
9980.0000 1408 685 0.4865
9984.0000 1409 685 0.4862
9984.0000 1409 686 0.4869
9991.0000 1410 686 0.4865
9994.0000 1410 687 0.4872
9998.0000 1411 687 0.4869
