# messageDelay  cumulativeProbability
2.0000 0.0007
2.0000 0.0014
2.0000 0.0021
2.0000 0.0028
2.0000 0.0035
2.0000 0.0043
2.0000 0.0050
2.0000 0.0057
2.0000 0.0064
2.0000 0.0071
2.0000 0.0078
2.0000 0.0085
2.0000 0.0092
2.0000 0.0099
2.0000 0.0106
3.0000 0.0113
3.0000 0.0120
3.0000 0.0128
3.0000 0.0135
3.0000 0.0142
3.0000 0.0149
3.0000 0.0156
3.0000 0.0163
3.0000 0.0170
3.0000 0.0177
3.0000 0.0184
4.0000 0.0191
4.0000 0.0198
4.0000 0.0206
4.0000 0.0213
4.0000 0.0220
5.0000 0.0227
6.0000 0.0234
6.0000 0.0241
7.0000 0.0248
7.0000 0.0255
8.0000 0.0262
8.0000 0.0269
9.0000 0.0276
9.0000 0.0283
10.0000 0.0291
10.0000 0.0298
10.0000 0.0305
10.0000 0.0312
10.0000 0.0319
11.0000 0.0326
11.0000 0.0333
12.0000 0.0340
13.0000 0.0347
14.0000 0.0354
14.0000 0.0361
15.0000 0.0369
15.0000 0.0376
17.0000 0.0383
17.0000 0.0390
18.0000 0.0397
19.0000 0.0404
20.0000 0.0411
20.0000 0.0418
21.0000 0.0425
23.0000 0.0432
23.0000 0.0439
25.0000 0.0446
25.0000 0.0454
27.0000 0.0461
28.0000 0.0468
28.0000 0.0475
28.0000 0.0482
29.0000 0.0489
29.0000 0.0496
30.0000 0.0503
30.0000 0.0510
32.0000 0.0517
32.0000 0.0524
33.0000 0.0532
34.0000 0.0539
34.0000 0.0546
34.0000 0.0553
34.0000 0.0560
36.0000 0.0567
37.0000 0.0574
37.0000 0.0581
38.0000 0.0588
38.0000 0.0595
40.0000 0.0602
42.0000 0.0609
42.0000 0.0617
43.0000 0.0624
43.0000 0.0631
43.0000 0.0638
43.0000 0.0645
43.0000 0.0652
43.0000 0.0659
44.0000 0.0666
44.0000 0.0673
45.0000 0.0680
45.0000 0.0687
45.0000 0.0695
46.0000 0.0702
47.0000 0.0709
48.0000 0.0716
48.0000 0.0723
48.0000 0.0730
49.0000 0.0737
49.0000 0.0744
50.0000 0.0751
50.0000 0.0758
53.0000 0.0765
53.0000 0.0773
55.0000 0.0780
55.0000 0.0787
56.0000 0.0794
56.0000 0.0801
57.0000 0.0808
57.0000 0.0815
59.0000 0.0822
60.0000 0.0829
60.0000 0.0836
61.0000 0.0843
61.0000 0.0850
64.0000 0.0858
65.0000 0.0865
68.0000 0.0872
69.0000 0.0879
70.0000 0.0886
73.0000 0.0893
73.0000 0.0900
74.0000 0.0907
75.0000 0.0914
76.0000 0.0921
76.0000 0.0928
76.0000 0.0936
76.0000 0.0943
77.0000 0.0950
77.0000 0.0957
77.0000 0.0964
77.0000 0.0971
78.0000 0.0978
79.0000 0.0985
79.0000 0.0992
80.0000 0.0999
80.0000 0.1006
81.0000 0.1013
82.0000 0.1021
82.0000 0.1028
83.0000 0.1035
83.0000 0.1042
84.0000 0.1049
84.0000 0.1056
84.0000 0.1063
85.0000 0.1070
85.0000 0.1077
85.0000 0.1084
89.0000 0.1091
90.0000 0.1099
91.0000 0.1106
92.0000 0.1113
92.0000 0.1120
92.0000 0.1127
93.0000 0.1134
93.0000 0.1141
95.0000 0.1148
96.0000 0.1155
96.0000 0.1162
97.0000 0.1169
98.0000 0.1176
98.0000 0.1184
99.0000 0.1191
99.0000 0.1198
100.0000 0.1205
101.0000 0.1212
102.0000 0.1219
104.0000 0.1226
105.0000 0.1233
105.0000 0.1240
106.0000 0.1247
109.0000 0.1254
110.0000 0.1262
111.0000 0.1269
113.0000 0.1276
113.0000 0.1283
114.0000 0.1290
118.0000 0.1297
119.0000 0.1304
119.0000 0.1311
120.0000 0.1318
124.0000 0.1325
124.0000 0.1332
125.0000 0.1339
128.0000 0.1347
128.0000 0.1354
129.0000 0.1361
131.0000 0.1368
132.0000 0.1375
132.0000 0.1382
133.0000 0.1389
133.0000 0.1396
134.0000 0.1403
134.0000 0.1410
134.0000 0.1417
136.0000 0.1425
137.0000 0.1432
137.0000 0.1439
137.0000 0.1446
139.0000 0.1453
140.0000 0.1460
140.0000 0.1467
140.0000 0.1474
141.0000 0.1481
142.0000 0.1488
143.0000 0.1495
144.0000 0.1502
144.0000 0.1510
146.0000 0.1517
148.0000 0.1524
148.0000 0.1531
149.0000 0.1538
149.0000 0.1545
150.0000 0.1552
152.0000 0.1559
152.0000 0.1566
153.0000 0.1573
153.0000 0.1580
153.0000 0.1588
154.0000 0.1595
155.0000 0.1602
159.0000 0.1609
159.0000 0.1616
160.0000 0.1623
160.0000 0.1630
161.0000 0.1637
161.0000 0.1644
161.0000 0.1651
162.0000 0.1658
162.0000 0.1665
162.0000 0.1673
163.0000 0.1680
163.0000 0.1687
163.0000 0.1694
164.0000 0.1701
165.0000 0.1708
165.0000 0.1715
165.0000 0.1722
169.0000 0.1729
170.0000 0.1736
171.0000 0.1743
171.0000 0.1751
172.0000 0.1758
172.0000 0.1765
173.0000 0.1772
175.0000 0.1779
175.0000 0.1786
176.0000 0.1793
178.0000 0.1800
178.0000 0.1807
179.0000 0.1814
180.0000 0.1821
181.0000 0.1828
182.0000 0.1836
183.0000 0.1843
184.0000 0.1850
185.0000 0.1857
186.0000 0.1864
186.0000 0.1871
187.0000 0.1878
188.0000 0.1885
188.0000 0.1892
188.0000 0.1899
189.0000 0.1906
190.0000 0.1914
190.0000 0.1921
194.0000 0.1928
195.0000 0.1935
196.0000 0.1942
197.0000 0.1949
198.0000 0.1956
199.0000 0.1963
202.0000 0.1970
202.0000 0.1977
206.0000 0.1984
206.0000 0.1991
208.0000 0.1999
209.0000 0.2006
211.0000 0.2013
212.0000 0.2020
212.0000 0.2027
213.0000 0.2034
214.0000 0.2041
214.0000 0.2048
215.0000 0.2055
215.0000 0.2062
217.0000 0.2069
219.0000 0.2077
220.0000 0.2084
222.0000 0.2091
228.0000 0.2098
228.0000 0.2105
228.0000 0.2112
231.0000 0.2119
232.0000 0.2126
232.0000 0.2133
232.0000 0.2140
233.0000 0.2147
235.0000 0.2155
237.0000 0.2162
238.0000 0.2169
239.0000 0.2176
241.0000 0.2183
242.0000 0.2190
244.0000 0.2197
244.0000 0.2204
245.0000 0.2211
247.0000 0.2218
248.0000 0.2225
249.0000 0.2232
251.0000 0.2240
253.0000 0.2247
255.0000 0.2254
257.0000 0.2261
257.0000 0.2268
258.0000 0.2275
258.0000 0.2282
259.0000 0.2289
261.0000 0.2296
263.0000 0.2303
263.0000 0.2310
263.0000 0.2318
264.0000 0.2325
265.0000 0.2332
266.0000 0.2339
267.0000 0.2346
269.0000 0.2353
269.0000 0.2360
269.0000 0.2367
270.0000 0.2374
271.0000 0.2381
271.0000 0.2388
272.0000 0.2395
273.0000 0.2403
273.0000 0.2410
274.0000 0.2417
274.0000 0.2424
274.0000 0.2431
274.0000 0.2438
274.0000 0.2445
275.0000 0.2452
277.0000 0.2459
278.0000 0.2466
278.0000 0.2473
281.0000 0.2481
281.0000 0.2488
284.0000 0.2495
285.0000 0.2502
286.0000 0.2509
286.0000 0.2516
286.0000 0.2523
288.0000 0.2530
289.0000 0.2537
290.0000 0.2544
291.0000 0.2551
291.0000 0.2558
291.0000 0.2566
292.0000 0.2573
295.0000 0.2580
296.0000 0.2587
296.0000 0.2594
296.0000 0.2601
302.0000 0.2608
302.0000 0.2615
303.0000 0.2622
303.0000 0.2629
303.0000 0.2636
303.0000 0.2644
304.0000 0.2651
305.0000 0.2658
305.0000 0.2665
306.0000 0.2672
307.0000 0.2679
310.0000 0.2686
311.0000 0.2693
311.0000 0.2700
312.0000 0.2707
316.0000 0.2714
316.0000 0.2721
317.0000 0.2729
322.0000 0.2736
322.0000 0.2743
323.0000 0.2750
323.0000 0.2757
326.0000 0.2764
326.0000 0.2771
328.0000 0.2778
328.0000 0.2785
328.0000 0.2792
329.0000 0.2799
331.0000 0.2807
332.0000 0.2814
335.0000 0.2821
336.0000 0.2828
337.0000 0.2835
337.0000 0.2842
337.0000 0.2849
338.0000 0.2856
340.0000 0.2863
340.0000 0.2870
343.0000 0.2877
343.0000 0.2884
343.0000 0.2892
344.0000 0.2899
345.0000 0.2906
347.0000 0.2913
348.0000 0.2920
350.0000 0.2927
350.0000 0.2934
352.0000 0.2941
353.0000 0.2948
353.0000 0.2955
355.0000 0.2962
356.0000 0.2970
359.0000 0.2977
359.0000 0.2984
359.0000 0.2991
361.0000 0.2998
367.0000 0.3005
367.0000 0.3012
368.0000 0.3019
371.0000 0.3026
372.0000 0.3033
379.0000 0.3040
380.0000 0.3047
380.0000 0.3055
380.0000 0.3062
381.0000 0.3069
384.0000 0.3076
385.0000 0.3083
385.0000 0.3090
386.0000 0.3097
387.0000 0.3104
388.0000 0.3111
389.0000 0.3118
389.0000 0.3125
390.0000 0.3133
391.0000 0.3140
392.0000 0.3147
394.0000 0.3154
395.0000 0.3161
396.0000 0.3168
396.0000 0.3175
397.0000 0.3182
400.0000 0.3189
401.0000 0.3196
401.0000 0.3203
404.0000 0.3210
404.0000 0.3218
405.0000 0.3225
405.0000 0.3232
405.0000 0.3239
408.0000 0.3246
409.0000 0.3253
411.0000 0.3260
411.0000 0.3267
412.0000 0.3274
414.0000 0.3281
414.0000 0.3288
415.0000 0.3296
415.0000 0.3303
419.0000 0.3310
420.0000 0.3317
421.0000 0.3324
421.0000 0.3331
422.0000 0.3338
424.0000 0.3345
425.0000 0.3352
429.0000 0.3359
429.0000 0.3366
429.0000 0.3373
432.0000 0.3381
433.0000 0.3388
434.0000 0.3395
439.0000 0.3402
440.0000 0.3409
440.0000 0.3416
441.0000 0.3423
441.0000 0.3430
441.0000 0.3437
446.0000 0.3444
450.0000 0.3451
450.0000 0.3459
452.0000 0.3466
454.0000 0.3473
458.0000 0.3480
459.0000 0.3487
460.0000 0.3494
461.0000 0.3501
464.0000 0.3508
466.0000 0.3515
468.0000 0.3522
468.0000 0.3529
469.0000 0.3536
473.0000 0.3544
475.0000 0.3551
476.0000 0.3558
477.0000 0.3565
478.0000 0.3572
478.0000 0.3579
480.0000 0.3586
480.0000 0.3593
481.0000 0.3600
483.0000 0.3607
484.0000 0.3614
487.0000 0.3622
488.0000 0.3629
490.0000 0.3636
490.0000 0.3643
492.0000 0.3650
496.0000 0.3657
497.0000 0.3664
503.0000 0.3671
508.0000 0.3678
509.0000 0.3685
511.0000 0.3692
511.0000 0.3700
514.0000 0.3707
514.0000 0.3714
515.0000 0.3721
519.0000 0.3728
520.0000 0.3735
522.0000 0.3742
523.0000 0.3749
524.0000 0.3756
524.0000 0.3763
528.0000 0.3770
531.0000 0.3777
532.0000 0.3785
533.0000 0.3792
533.0000 0.3799
534.0000 0.3806
534.0000 0.3813
536.0000 0.3820
540.0000 0.3827
541.0000 0.3834
542.0000 0.3841
543.0000 0.3848
543.0000 0.3855
545.0000 0.3863
548.0000 0.3870
553.0000 0.3877
555.0000 0.3884
556.0000 0.3891
556.0000 0.3898
560.0000 0.3905
564.0000 0.3912
565.0000 0.3919
569.0000 0.3926
569.0000 0.3933
571.0000 0.3940
577.0000 0.3948
578.0000 0.3955
579.0000 0.3962
580.0000 0.3969
582.0000 0.3976
583.0000 0.3983
583.0000 0.3990
585.0000 0.3997
585.0000 0.4004
587.0000 0.4011
587.0000 0.4018
588.0000 0.4026
591.0000 0.4033
592.0000 0.4040
592.0000 0.4047
594.0000 0.4054
599.0000 0.4061
600.0000 0.4068
600.0000 0.4075
602.0000 0.4082
602.0000 0.4089
603.0000 0.4096
609.0000 0.4103
612.0000 0.4111
615.0000 0.4118
618.0000 0.4125
620.0000 0.4132
620.0000 0.4139
622.0000 0.4146
622.0000 0.4153
624.0000 0.4160
627.0000 0.4167
627.0000 0.4174
630.0000 0.4181
631.0000 0.4189
632.0000 0.4196
636.0000 0.4203
638.0000 0.4210
639.0000 0.4217
641.0000 0.4224
647.0000 0.4231
649.0000 0.4238
654.0000 0.4245
655.0000 0.4252
655.0000 0.4259
659.0000 0.4266
662.0000 0.4274
667.0000 0.4281
668.0000 0.4288
669.0000 0.4295
671.0000 0.4302
679.0000 0.4309
681.0000 0.4316
682.0000 0.4323
684.0000 0.4330
685.0000 0.4337
686.0000 0.4344
688.0000 0.4352
688.0000 0.4359
694.0000 0.4366
699.0000 0.4373
702.0000 0.4380
705.0000 0.4387
707.0000 0.4394
713.0000 0.4401
714.0000 0.4408
716.0000 0.4415
718.0000 0.4422
719.0000 0.4429
722.0000 0.4437
723.0000 0.4444
725.0000 0.4451
726.0000 0.4458
727.0000 0.4465
737.0000 0.4472
738.0000 0.4479
748.0000 0.4486
748.0000 0.4493
753.0000 0.4500
755.0000 0.4507
756.0000 0.4515
758.0000 0.4522
761.0000 0.4529
764.0000 0.4536
766.0000 0.4543
766.0000 0.4550
770.0000 0.4557
771.0000 0.4564
776.0000 0.4571
777.0000 0.4578
777.0000 0.4585
783.0000 0.4592
784.0000 0.4600
787.0000 0.4607
794.0000 0.4614
796.0000 0.4621
802.0000 0.4628
803.0000 0.4635
813.0000 0.4642
816.0000 0.4649
822.0000 0.4656
822.0000 0.4663
826.0000 0.4670
833.0000 0.4678
838.0000 0.4685
843.0000 0.4692
849.0000 0.4699
854.0000 0.4706
860.0000 0.4713
862.0000 0.4720
864.0000 0.4727
866.0000 0.4734
870.0000 0.4741
870.0000 0.4748
877.0000 0.4755
879.0000 0.4763
889.0000 0.4770
897.0000 0.4777
901.0000 0.4784
902.0000 0.4791
910.0000 0.4798
917.0000 0.4805
920.0000 0.4812
923.0000 0.4819
925.0000 0.4826
926.0000 0.4833
927.0000 0.4841
938.0000 0.4848
942.0000 0.4855
953.0000 0.4862
958.0000 0.4869
962.0000 0.4876
964.0000 0.4883
967.0000 0.4890
970.0000 0.4897
996.0000 0.4904
1008.0000 0.4911
1013.0000 0.4918
1015.0000 0.4926
1015.0000 0.4933
1015.0000 0.4940
1015.0000 0.4947
1017.0000 0.4954
1023.0000 0.4961
1032.0000 0.4968
1033.0000 0.4975
1033.0000 0.4982
1053.0000 0.4989
1053.0000 0.4996
1054.0000 0.5004
1054.0000 0.5011
1068.0000 0.5018
1081.0000 0.5025
1089.0000 0.5032
1090.0000 0.5039
1093.0000 0.5046
1098.0000 0.5053
1128.0000 0.5060
1136.0000 0.5067
1164.0000 0.5074
1165.0000 0.5082
1173.0000 0.5089
1175.0000 0.5096
1178.0000 0.5103
1190.0000 0.5110
1211.0000 0.5117
1212.0000 0.5124
1215.0000 0.5131
1224.0000 0.5138
1250.0000 0.5145
1265.0000 0.5152
1281.0000 0.5159
1281.0000 0.5167
1287.0000 0.5174
1299.0000 0.5181
1303.0000 0.5188
1315.0000 0.5195
1324.0000 0.5202
1333.0000 0.5209
1338.0000 0.5216
1341.0000 0.5223
1373.0000 0.5230
1390.0000 0.5237
1509.0000 0.5245
1561.0000 0.5252
1603.0000 0.5259
1657.0000 0.5266
1667.0000 0.5273
1674.0000 0.5280
1718.0000 0.5287
1722.0000 0.5294
1729.0000 0.5301
1734.0000 0.5308
1741.0000 0.5315
2031.0000 0.5322
