# Scenario da_epidemic2
# distance at msg send, delivery time, hop count, MSG_ID
67.6363 10.0000 2 M1
167.6064 15.0000 4 M4
22.2825 2.0000 1 M11
195.4771 96.0000 4 M3
131.3930 11.0000 3 M16
372.4283 129.0000 8 M2
90.7869 9.0000 3 M22
211.7436 43.0000 8 M19
29.7302 2.0000 1 M26
80.5863 21.0000 4 M32
343.2828 189.0000 7 M8
473.5999 148.0000 1 M15
168.9704 10.0000 4 M36
463.4051 214.0000 2 M10
51.2570 4.0000 1 M41
87.5639 12.0000 3 M44
81.9485 20.0000 5 M43
204.1584 70.0000 4 M38
227.6074 186.0000 7 M23
692.5779 328.0000 4 M7
467.7694 182.0000 8 M30
225.0310 322.0000 3 M9
263.0506 265.0000 6 M20
205.7747 76.0000 1 M47
157.7779 89.0000 2 M46
70.9652 42.0000 3 M55
54.7688 10.0000 2 M62
132.3784 55.0000 2 M56
208.6809 77.0000 4 M54
170.8915 29.0000 3 M66
546.1570 329.0000 5 M25
68.3009 23.0000 1 M70
462.2130 169.0000 4 M51
409.4504 163.0000 2 M52
280.8881 85.0000 3 M64
60.2007 261.0000 4 M39
119.0636 34.0000 4 M73
594.5887 211.0000 4 M50
502.3631 353.0000 3 M33
407.1774 511.0000 8 M12
205.8326 79.0000 4 M74
144.3946 34.0000 6 M81
282.1734 508.0000 5 M17
664.1410 190.0000 4 M63
226.7532 440.0000 7 M28
631.1191 434.0000 1 M31
80.1946 25.0000 1 M90
170.7963 137.0000 3 M77
479.2410 478.0000 4 M29
154.3668 272.0000 1 M58
323.2694 160.0000 2 M76
373.0753 667.0000 6 M5
571.2946 609.0000 5 M14
228.7212 317.0000 2 M57
18.2856 3.0000 1 M101
207.7322 73.0000 3 M92
287.9187 497.0000 5 M34
235.6053 84.0000 1 M91
394.7168 188.0000 6 M78
651.8156 278.0000 1 M67
634.0859 310.0000 4 M65
217.0380 215.0000 2 M80
48.1304 159.0000 3 M87
72.5627 76.0000 1 M99
374.4639 565.0000 3 M35
293.4360 385.0000 3 M61
264.3874 488.0000 2 M48
273.8644 638.0000 10 M27
302.5878 415.0000 4 M59
339.3434 247.0000 1 M85
15.8595 2.0000 1 M122
383.0614 311.0000 1 M79
641.6545 578.0000 4 M49
214.4619 404.0000 6 M75
208.1048 137.0000 3 M112
207.4341 232.0000 4 M98
29.8107 2.0000 1 M133
406.9548 439.0000 2 M72
385.6920 481.0000 5 M68
35.9209 44.0000 1 M137
581.8225 866.0000 2 M21
181.0772 286.0000 4 M103
243.9575 269.0000 3 M107
101.5368 118.0000 2 M136
99.5864 74.0000 2 M147
137.2125 412.0000 2 M96
71.8467 534.0000 2 M82
440.7510 441.0000 2 M95
269.6662 274.0000 2 M120
652.1382 1015.0000 7 M18
654.2976 647.0000 9 M71
376.8638 353.0000 4 M113
217.5617 553.0000 5 M86
177.2796 190.0000 2 M140
40.9168 43.0000 1 M161
611.2453 803.0000 3 M53
96.7302 161.0000 2 M146
180.2790 100.0000 2 M154
153.3501 150.0000 3 M148
359.9112 927.0000 7 M40
170.1887 503.0000 6 M102
373.0740 484.0000 4 M106
280.3305 244.0000 2 M142
298.7276 1215.0000 3 M6
24.6165 111.0000 1 M164
616.4829 1178.0000 5 M13
181.4692 1023.0000 5 M37
231.5258 302.0000 2 M141
24.5157 2.0000 1 M187
84.0923 48.0000 1 M180
686.4223 702.0000 4 M88
129.5462 98.0000 1 M176
617.0454 1164.0000 2 M24
533.3003 564.0000 2 M110
470.7553 748.0000 4 M84
417.7309 681.0000 3 M93
142.7950 389.0000 1 M139
348.1236 727.0000 2 M89
321.4696 1054.0000 4 M45
410.7172 395.0000 2 M143
543.4156 337.0000 3 M151
523.1626 577.0000 2 M116
137.5202 198.0000 1 M171
240.1832 511.0000 3 M127
340.2661 284.0000 1 M160
392.8279 337.0000 3 M153
270.7426 206.0000 2 M173
182.7838 429.0000 3 M144
686.0041 1136.0000 3 M42
107.1745 59.0000 1 M197
712.6321 532.0000 3 M129
372.5788 206.0000 1 M179
503.3394 548.0000 3 M131
159.4193 140.0000 2 M193
143.9156 902.0000 5 M83
146.4552 92.0000 2 M203
47.5756 8.0000 1 M214
32.3503 120.0000 1 M205
216.6345 267.0000 2 M186
64.8283 199.0000 2 M201
170.0404 400.0000 4 M175
433.8231 755.0000 4 M124
14.4201 153.0000 1 M211
225.5875 1265.0000 3 M60
40.8596 440.0000 4 M182
15.7971 367.0000 5 M204
287.1954 860.0000 4 M135
42.7314 2.0000 1 M258
67.1006 80.0000 1 M249
299.3615 473.0000 1 M195
80.6077 843.0000 4 M145
593.3830 1013.0000 3 M121
141.4493 45.0000 1 M262
355.9889 962.0000 3 M134
187.0071 753.0000 2 M167
200.7483 367.0000 4 M222
389.3725 212.0000 1 M245
309.6048 305.0000 2 M232
251.6476 705.0000 3 M177
49.0778 7.0000 1 M276
537.6739 239.0000 1 M246
246.8627 401.0000 3 M224
21.5851 43.0000 1 M274
189.4866 124.0000 3 M263
94.5640 350.0000 1 M233
217.6614 441.0000 2 M221
158.1863 45.0000 1 M284
135.9813 723.0000 6 M190
126.8474 917.0000 6 M163
466.4937 228.0000 2 M260
122.9767 777.0000 4 M184
80.5823 140.0000 1 M273
78.0639 1173.0000 9 M132
338.7666 816.0000 4 M185
57.3164 1015.0000 4 M156
227.9399 311.0000 2 M256
311.1740 380.0000 2 M247
198.3005 461.0000 3 M237
282.1275 632.0000 1 M213
95.9841 450.0000 3 M240
66.1565 30.0000 1 M299
425.3777 274.0000 2 M265
395.3830 1315.0000 3 M118
464.8581 603.0000 5 M220
247.9681 405.0000 1 M251
244.7246 602.0000 4 M223
252.7386 602.0000 1 M229
510.8733 337.0000 2 M266
359.6667 352.0000 2 M267
384.5009 343.0000 3 M271
120.0296 162.0000 1 M300
260.4586 110.0000 1 M309
29.2334 46.0000 1 M322
154.2956 172.0000 2 M306
351.7048 686.0000 2 M236
17.2291 2.0000 1 M333
368.4355 344.0000 3 M285
144.6811 1053.0000 3 M189
49.6464 6.0000 1 M339
181.0954 77.0000 1 M329
322.7413 124.0000 3 M323
98.0257 323.0000 3 M295
300.3117 514.0000 2 M270
410.7526 328.0000 2 M297
390.0459 826.0000 5 M228
7.5893 14.0000 1 M343
359.1601 208.0000 1 M316
237.1286 306.0000 2 M303
21.9036 238.0000 2 M315
369.8069 165.0000 2 M326
233.0511 534.0000 4 M280
136.1214 49.0000 1 M349
113.1214 273.0000 3 M321
221.7155 359.0000 1 M313
555.0476 631.0000 2 M275
150.5318 838.0000 4 M252
32.1830 30.0000 1 M365
271.7702 460.0000 4 M305
113.4002 466.0000 3 M307
147.0867 587.0000 2 M291
598.2961 543.0000 1 M298
31.2930 56.0000 1 M370
341.9352 492.0000 3 M312
142.7692 92.0000 1 M369
352.2266 128.0000 1 M363
58.0191 9.0000 1 M382
418.9165 264.0000 2 M345
246.4820 388.0000 1 M328
241.6424 910.0000 5 M255
34.2765 8.0000 1 M383
46.7778 38.0000 2 M380
160.5446 520.0000 2 M317
143.8028 480.0000 2 M324
299.9173 359.0000 2 M342
93.1916 813.0000 3 M279
15.1252 3.0000 1 M395
303.2738 163.0000 1 M374
342.6560 421.0000 3 M338
259.9704 849.0000 3 M282
20.1598 28.0000 1 M399
294.7556 766.0000 2 M296
124.0264 612.0000 5 M319
234.1197 161.0000 3 M384
134.2797 82.0000 1 M397
324.0998 509.0000 3 M337
288.3369 682.0000 2 M314
121.2369 57.0000 1 M403
311.2797 594.0000 4 M327
285.7846 429.0000 1 M356
239.9347 212.0000 1 M389
10.4742 4.0000 1 M421
106.0494 343.0000 2 M373
352.4748 1333.0000 5 M238
100.4571 36.0000 2 M423
10.1429 6.0000 1 M428
239.9423 514.0000 3 M355
166.4506 106.0000 2 M415
153.9830 401.0000 3 M375
233.2002 636.0000 4 M346
124.3175 50.0000 1 M430
144.3797 134.0000 2 M420
281.5522 540.0000 2 M361
195.6759 1053.0000 7 M290
65.9104 56.0000 1 M436
535.9372 269.0000 3 M408
197.6302 289.0000 1 M407
161.6816 219.0000 2 M419
214.0014 328.0000 2 M404
63.6382 84.0000 1 M441
479.6061 669.0000 4 M357
229.7180 764.0000 3 M344
63.8843 105.0000 2 M439
96.1496 161.0000 1 M432
322.3454 91.0000 2 M443
119.0235 452.0000 4 M392
145.1720 304.0000 1 M414
197.5904 170.0000 1 M433
92.5683 302.0000 1 M422
2.3980 19.0000 1 M462
175.2489 761.0000 8 M359
80.0029 312.0000 1 M429
224.5137 60.0000 1 M464
262.4149 153.0000 3 M452
117.5341 685.0000 5 M378
214.9028 970.0000 4 M336
27.1615 622.0000 5 M387
77.9292 414.0000 2 M426
138.4924 79.0000 1 M472
288.1619 140.0000 2 M465
340.9053 528.0000 1 M418
325.9966 281.0000 4 M453
345.0419 263.0000 1 M459
183.5870 93.0000 1 M489
256.0262 131.0000 1 M484
238.9035 338.0000 3 M456
75.1329 655.0000 5 M412
110.3752 93.0000 1 M493
117.5058 699.0000 1 M410
160.1529 822.0000 2 M394
212.8294 490.0000 1 M444
248.6826 1281.0000 8 M332
80.2104 285.0000 3 M476
216.6365 390.0000 3 M461
390.1892 422.0000 2 M458
122.5337 33.0000 1 M513
162.9129 345.0000 2 M470
246.4252 1718.0000 9 M278
67.2417 61.0000 1 M517
28.8360 50.0000 1 M519
179.6445 303.0000 2 M486
140.8624 64.0000 1 M530
13.1136 29.0000 1 M539
67.7078 10.0000 1 M542
83.2408 99.0000 1 M532
407.7037 217.0000 1 M518
0.5837 32.0000 1 M545
238.9939 726.0000 2 M449
119.1957 303.0000 2 M509
472.7632 291.0000 2 M514
493.1439 587.0000 4 M473
391.8062 149.0000 1 M537
72.0657 73.0000 2 M548
121.3041 37.0000 1 M553
300.0260 128.0000 2 M546
333.7566 920.0000 2 M440
275.5156 222.0000 1 M540
269.5020 556.0000 2 M494
443.7120 441.0000 4 M515
192.3585 942.0000 4 M446
142.1162 1299.0000 4 M396
294.8762 305.0000 3 M536
166.8759 580.0000 5 M497
231.7183 258.0000 2 M547
338.8243 1068.0000 2 M438
456.9328 766.0000 5 M479
126.9101 688.0000 3 M490
291.7265 964.0000 3 M454
142.5966 48.0000 1 M583
2.0535 32.0000 2 M586
361.1254 105.0000 1 M577
222.6319 380.0000 1 M538
39.7404 2.0000 1 M594
82.4950 237.0000 3 M565
68.6455 1089.0000 1 M445
4.0707 3.0000 1 M601
335.9715 446.0000 3 M541
100.6479 68.0000 1 M596
288.9791 197.0000 2 M579
393.8758 1015.0000 3 M463
350.1832 560.0000 3 M529
161.3649 1674.0000 9 M376
340.7152 1722.0000 7 M368
407.2072 164.0000 1 M590
241.4697 185.0000 2 M591
175.7018 923.0000 3 M488
199.0963 241.0000 1 M585
161.2096 381.0000 3 M566
10.0407 17.0000 1 M622
293.9488 533.0000 3 M552
115.5198 37.0000 1 M624
243.2836 165.0000 1 M605
167.3015 141.0000 2 M609
335.6283 231.0000 2 M602
525.9217 286.0000 1 M599
173.7567 65.0000 1 M641
166.7791 83.0000 1 M646
449.1443 303.0000 2 M616
134.1081 176.0000 1 M637
51.5922 255.0000 3 M625
125.5530 119.0000 1 M648
13.4826 1373.0000 7 M469
493.6300 228.0000 1 M636
583.4116 1324.0000 5 M481
439.9960 1303.0000 9 M485
140.2467 777.0000 4 M564
483.5732 555.0000 2 M595
247.8794 133.0000 2 M658
93.2938 40.0000 1 M675
56.5520 43.0000 1 M681
114.9829 165.0000 2 M664
497.3586 347.0000 3 M640
85.5983 719.0000 3 M587
242.6207 181.0000 2 M666
149.8113 47.0000 1 M686
156.1920 864.0000 3 M572
199.5074 414.0000 2 M639
111.4127 188.0000 2 M672
451.4062 585.0000 2 M617
51.1232 274.0000 2 M670
697.9118 408.0000 2 M651
1.6940 80.0000 2 M700
364.4017 468.0000 3 M645
441.6515 419.0000 4 M652
391.7453 487.0000 5 M644
49.6573 2.0000 1 M714
218.0823 215.0000 3 M687
551.3336 585.0000 1 M634
46.5254 4.0000 1 M717
44.1465 3.0000 1 M718
94.0132 209.0000 1 M689
117.3786 220.0000 1 M688
227.6382 83.0000 2 M711
234.8228 862.0000 4 M598
244.1262 1008.0000 3 M584
516.5704 389.0000 3 M674
255.4888 326.0000 1 M684
155.4757 515.0000 4 M657
151.6541 958.0000 3 M592
21.7556 326.0000 3 M685
36.7066 76.0000 2 M721
9.9181 175.0000 1 M708
21.8950 14.0000 1 M732
299.0935 870.0000 1 M611
32.4135 5.0000 1 M736
128.8875 542.0000 4 M662
117.6740 27.0000 1 M735
11.2127 75.0000 1 M729
60.0633 162.0000 2 M719
250.9919 524.0000 3 M669
33.9486 1175.0000 1 M575
107.5275 776.0000 5 M633
491.3966 787.0000 1 M632
51.8866 82.0000 2 M733
216.3320 178.0000 1 M720
19.2368 2.0000 1 M748
215.1919 1090.0000 4 M593
625.1550 684.0000 3 M654
51.1463 90.0000 1 M738
628.3231 386.0000 2 M697
179.2113 1033.0000 6 M604
441.0152 385.0000 2 M701
163.9466 758.0000 5 M653
247.4737 332.0000 2 M716
272.8013 425.0000 1 M710
56.7104 18.0000 1 M770
227.8545 429.0000 3 M713
141.0534 148.0000 2 M755
227.4047 60.0000 1 M769
470.8288 259.0000 1 M743
134.8109 114.0000 1 M767
47.5840 134.0000 1 M766
59.7336 627.0000 5 M699
262.6717 424.0000 2 M730
80.6521 233.0000 2 M760
389.8587 591.0000 7 M712
176.9174 476.0000 2 M728
400.6931 361.0000 3 M746
520.2858 1250.0000 3 M621
174.5254 152.0000 1 M781
416.0646 796.0000 1 M695
236.8330 159.0000 1 M785
145.7295 92.0000 1 M794
14.4891 2.0000 1 M807
133.8379 25.0000 1 M805
72.9541 411.0000 1 M753
20.3963 2.0000 1 M814
513.4002 331.0000 2 M771
117.9145 77.0000 1 M813
123.5306 85.0000 1 M812
347.7554 938.0000 4 M698
131.2847 49.0000 1 M822
159.6482 384.0000 2 M778
92.7747 154.0000 3 M809
75.4933 371.0000 2 M780
83.8494 175.0000 1 M806
101.1080 258.0000 2 M795
176.7606 600.0000 4 M757
236.5477 303.0000 1 M800
180.9272 397.0000 2 M788
354.1854 180.0000 1 M823
361.6816 541.0000 3 M779
201.9062 459.0000 3 M791
556.7353 335.0000 2 M808
14.8151 173.0000 1 M833
195.4162 188.0000 1 M832
526.8488 290.0000 1 M820
200.4428 716.0000 3 M761
80.7000 153.0000 1 M843
171.5501 889.0000 5 M742
529.6532 307.0000 1 M825
26.9723 15.0000 1 M867
677.1583 316.0000 1 M826
242.9753 877.0000 6 M751
143.5402 202.0000 2 M852
91.7930 38.0000 2 M875
375.7503 291.0000 2 M842
387.0687 477.0000 2 M818
263.5547 523.0000 2 M811
512.9771 368.0000 4 M840
248.0406 136.0000 2 M873
58.7341 278.0000 2 M854
242.9629 1211.0000 5 M727
181.0723 756.0000 3 M797
409.3777 134.0000 1 M884
255.9522 316.0000 1 M859
228.9528 291.0000 2 M863
484.8121 1224.0000 5 M741
144.0143 43.0000 1 M907
225.5334 85.0000 2 M901
122.0850 707.0000 1 M816
54.0179 415.0000 2 M858
71.0809 7.0000 1 M916
353.2746 372.0000 3 M865
210.6141 340.0000 2 M869
161.1472 340.0000 2 M870
62.8390 28.0000 1 M915
109.4250 53.0000 1 M919
26.4080 11.0000 1 M926
186.7400 102.0000 1 M914
143.4895 1017.0000 4 M790
94.8033 1015.0000 3 M793
402.1584 213.0000 1 M908
464.6293 242.0000 1 M904
41.7717 3.0000 1 M939
291.2049 1093.0000 7 M787
259.5459 143.0000 1 M922
340.5518 95.0000 1 M929
66.5488 34.0000 1 M941
29.1354 17.0000 1 M944
46.1791 3.0000 1 M947
22.3657 109.0000 2 M933
54.0597 783.0000 5 M844
334.4255 659.0000 1 M864
341.6846 533.0000 2 M882
434.1187 496.0000 2 M890
92.1431 139.0000 1 M942
430.0792 630.0000 2 M874
25.8820 4.0000 1 M964
583.5346 228.0000 2 M932
242.6099 96.0000 1 M954
139.4812 713.0000 3 M866
87.9250 524.0000 2 M893
357.2597 480.0000 3 M902
319.5158 679.0000 3 M876
26.1694 3.0000 1 M977
460.1280 1032.0000 4 M834
54.9715 1657.0000 5 M749
104.3364 162.0000 2 M962
172.2893 55.0000 1 M978
268.0449 119.0000 1 M970
156.3033 42.0000 1 M983
285.2138 592.0000 3 M909
231.1618 81.0000 2 M982
376.5565 420.0000 2 M934
163.9516 396.0000 4 M938
653.7037 599.0000 1 M912
214.3463 996.0000 2 M861
382.4532 2031.0000 10 M722
419.4453 355.0000 1 M956
75.3333 649.0000 2 M924
332.6759 144.0000 1 M998
269.1978 519.0000 2 M950
230.6597 522.0000 1 M955
360.5831 478.0000 2 M965
487.6409 195.0000 1 M1014
387.6555 248.0000 3 M1009
297.6984 1033.0000 3 M898
159.2833 163.0000 1 M1022
45.7313 187.0000 1 M1018
141.1119 771.0000 4 M936
245.3214 356.0000 2 M995
38.4951 2.0000 1 M1045
332.7598 624.0000 3 M960
530.5395 688.0000 3 M953
8.2262 2.0000 1 M1052
37.7332 3.0000 1 M1059
188.2942 722.0000 2 M958
132.6881 1338.0000 4 M871
203.7811 668.0000 3 M967
624.4379 543.0000 2 M989
430.7773 654.0000 2 M976
348.8092 618.0000 1 M986
129.8797 270.0000 3 M1036
37.6861 10.0000 1 M1073
66.8926 277.0000 1 M1035
130.3656 1165.0000 5 M911
167.6828 738.0000 5 M972
314.5831 396.0000 2 M1021
435.6729 271.0000 1 M1038
78.5504 245.0000 2 M1043
267.3731 251.0000 2 M1044
159.7634 45.0000 1 M1076
201.7675 155.0000 2 M1063
109.1660 1341.0000 4 M895
416.1534 588.0000 3 M1004
265.5718 194.0000 2 M1064
400.9942 405.0000 1 M1034
77.7746 432.0000 1 M1030
576.1298 475.0000 2 M1025
285.7333 627.0000 2 M1005
31.1494 274.0000 1 M1057
126.6323 101.0000 1 M1082
77.4362 714.0000 4 M996
47.4457 20.0000 1 M1101
48.5799 1509.0000 7 M891
206.1062 146.0000 2 M1086
224.0962 202.0000 1 M1080
424.4720 380.0000 2 M1058
309.9581 748.0000 5 M1008
290.9983 870.0000 5 M991
340.1703 718.0000 1 M1015
103.7729 275.0000 2 M1079
425.8392 784.0000 2 M1010
276.5455 235.0000 2 M1088
75.9010 879.0000 4 M997
248.7551 1098.0000 4 M968
191.4145 350.0000 2 M1078
183.2436 322.0000 3 M1085
370.3449 266.0000 2 M1093
507.2329 641.0000 4 M1041
61.4512 160.0000 1 M1114
155.4519 1054.0000 3 M992
179.0970 583.0000 4 M1060
397.1825 263.0000 3 M1107
67.3926 822.0000 4 M1028
1.4893 3.0000 1 M1149
45.0050 44.0000 1 M1146
201.7599 662.0000 3 M1056
26.7501 214.0000 2 M1124
36.0610 620.0000 2 M1068
50.4601 23.0000 1 M1157
212.6380 274.0000 2 M1121
155.0510 469.0000 2 M1095
343.7288 273.0000 1 M1125
248.7783 639.0000 2 M1072
113.8419 269.0000 1 M1127
242.0662 967.0000 2 M1027
31.2025 77.0000 1 M1160
658.4888 545.0000 5 M1099
185.8295 556.0000 1 M1098
220.6205 794.0000 4 M1067
143.3820 132.0000 1 M1162
218.0438 694.0000 1 M1081
293.1355 725.0000 3 M1077
54.9238 13.0000 1 M1180
133.0186 620.0000 3 M1094
394.2542 391.0000 3 M1129
56.0034 144.0000 1 M1165
232.5753 244.0000 1 M1151
279.0812 1287.0000 2 M1002
40.9444 84.0000 1 M1173
120.3826 132.0000 2 M1171
65.9396 57.0000 2 M1181
259.0155 171.0000 2 M1167
82.3164 61.0000 1 M1182
256.8148 833.0000 5 M1074
236.7530 179.0000 1 M1168
202.3216 1667.0000 4 M959
158.5692 1734.0000 5 M951
61.6906 69.0000 2 M1189
213.8617 1281.0000 5 M1017
106.4947 571.0000 4 M1118
252.4292 99.0000 1 M1185
142.9951 483.0000 4 M1132
394.7012 394.0000 1 M1147
17.3499 4.0000 1 M1202
127.5465 579.0000 4 M1122
11.2208 142.0000 1 M1184
58.4136 133.0000 2 M1192
149.5870 184.0000 1 M1186
151.6384 232.0000 3 M1183
390.6459 468.0000 4 M1155
99.7130 737.0000 2 M1116
232.3021 1128.0000 6 M1061
234.5430 1190.0000 5 M1054
469.3553 323.0000 3 M1177
173.8257 411.0000 3 M1166
142.1831 802.0000 3 M1117
484.2128 901.0000 3 M1103
375.9502 271.0000 2 M1193
229.1626 569.0000 3 M1153
127.3737 186.0000 2 M1207
10.5164 3.0000 1 M1233
245.1509 421.0000 2 M1174
119.4752 104.0000 2 M1227
81.2097 48.0000 2 M1237
661.4861 622.0000 2 M1159
94.1342 28.0000 1 M1244
456.7808 897.0000 2 M1120
28.4245 43.0000 1 M1248
528.9081 295.0000 2 M1212
13.7153 3.0000 1 M1255
414.4046 953.0000 3 M1119
148.6180 149.0000 1 M1238
33.2698 2.0000 1 M1261
227.3056 359.0000 2 M1210
279.2749 257.0000 1 M1225
201.7259 76.0000 1 M1253
228.1374 98.0000 1 M1254
176.0503 1741.0000 2 M1020
301.7881 582.0000 2 M1190
114.8750 464.0000 3 M1209
289.5308 343.0000 1 M1226
178.7900 458.0000 4 M1214
229.7714 392.0000 2 M1223
84.8642 171.0000 3 M1260
22.5763 113.0000 1 M1270
515.1003 1212.0000 4 M1115
231.0446 405.0000 3 M1241
26.4063 172.0000 1 M1277
181.9578 53.0000 1 M1295
278.8187 450.0000 4 M1240
268.5968 1390.0000 4 M1111
208.2665 536.0000 1 M1239
205.2258 253.0000 2 M1280
233.3907 1729.0000 5 M1071
361.3709 348.0000 1 M1268
217.9598 336.0000 2 M1271
150.8591 600.0000 3 M1235
540.1368 854.0000 4 M1204
56.0187 183.0000 1 M1304
441.9939 387.0000 1 M1278
299.4906 137.0000 1 M1314
277.1769 433.0000 3 M1273
217.8838 249.0000 2 M1300
479.8160 770.0000 1 M1230
62.0440 1603.0000 5 M1112
309.7914 409.0000 5 M1283
437.0199 615.0000 3 M1256
74.5426 97.0000 1 M1328
262.6920 569.0000 4 M1264
139.7494 257.0000 1 M1307
340.4387 292.0000 1 M1303
143.4906 671.0000 4 M1251
670.8525 583.0000 1 M1263
564.4781 232.0000 1 M1312
367.7710 1561.0000 5 M1130
163.6934 1081.0000 3 M1198
353.0371 281.0000 1 M1311
171.2801 288.0000 2 M1310
37.4469 113.0000 1 M1338
125.8661 404.0000 4 M1298
71.7701 125.0000 2 M1337
259.4452 152.0000 2 M1334
446.1590 925.0000 4 M1232
98.7771 454.0000 2 M1299
257.1849 926.0000 4 M1236
174.2262 379.0000 3 M1317
566.1801 296.0000 3 M1333
324.7614 490.0000 2 M1306
401.4952 531.0000 1 M1305
350.5992 655.0000 4 M1292
158.6713 296.0000 1 M1342
21.4707 34.0000 1 M1379
514.8791 263.0000 1 M1354
330.4082 286.0000 1 M1359
274.6182 196.0000 1 M1371
188.9980 78.0000 1 M1388
71.4774 296.0000 3 M1360
120.8711 592.0000 3 M1319
189.7601 178.0000 1 M1385
696.3762 -1.0000 -1 M94
669.2846 -1.0000 -1 M97
222.2223 -1.0000 -1 M910
736.0497 -1.0000 -1 M913
366.3174 -1.0000 -1 M918
180.5276 -1.0000 -1 M917
96.2183 -1.0000 -1 M903
110.5073 -1.0000 -1 M900
225.0154 -1.0000 -1 M906
181.9046 -1.0000 -1 M905
13.4058 -1.0000 -1 M810
159.4175 -1.0000 -1 M931
209.6830 -1.0000 -1 M930
569.6618 -1.0000 -1 M815
247.4429 -1.0000 -1 M935
97.1477 -1.0000 -1 M819
246.6620 -1.0000 -1 M817
277.8181 -1.0000 -1 M937
250.6059 -1.0000 -1 M921
441.0857 -1.0000 -1 M920
41.1486 -1.0000 -1 M804
256.0902 -1.0000 -1 M925
80.6840 -1.0000 -1 M803
226.9876 -1.0000 -1 M802
224.1337 -1.0000 -1 M923
319.9034 -1.0000 -1 M801
31.3589 -1.0000 -1 M928
384.9174 -1.0000 -1 M927
67.0150 -1.0000 -1 M1411
182.3311 -1.0000 -1 M831
231.4522 -1.0000 -1 M952
179.9659 -1.0000 -1 M830
285.8206 -1.0000 -1 M837
183.5664 -1.0000 -1 M715
243.0524 -1.0000 -1 M836
139.7860 -1.0000 -1 M957
62.3645 -1.0000 -1 M835
441.8114 -1.0000 -1 M839
610.2719 -1.0000 -1 M838
113.0620 -1.0000 -1 M1410
453.7343 -1.0000 -1 M1308
175.7885 -1.0000 -1 M1301
220.1413 -1.0000 -1 M1302
134.1149 -1.0000 -1 M943
215.2964 -1.0000 -1 M821
178.0123 -1.0000 -1 M940
65.4977 -1.0000 -1 M705
400.0586 -1.0000 -1 M1309
327.7364 -1.0000 -1 M704
224.9204 -1.0000 -1 M946
228.9174 -1.0000 -1 M703
443.7465 -1.0000 -1 M824
21.8090 -1.0000 -1 M945
160.5900 -1.0000 -1 M702
232.5172 -1.0000 -1 M709
503.8715 -1.0000 -1 M829
242.2784 -1.0000 -1 M707
510.9124 -1.0000 -1 M828
236.4937 -1.0000 -1 M949
399.7772 -1.0000 -1 M706
72.8283 -1.0000 -1 M827
311.7171 -1.0000 -1 M948
497.4236 -1.0000 -1 M851
144.4391 -1.0000 -1 M850
248.3977 -1.0000 -1 M971
268.2656 -1.0000 -1 M613
267.6034 -1.0000 -1 M734
117.1680 -1.0000 -1 M855
176.2199 -1.0000 -1 M612
250.4696 -1.0000 -1 M975
93.3043 -1.0000 -1 M853
385.1595 -1.0000 -1 M974
234.9389 -1.0000 -1 M610
346.5473 -1.0000 -1 M731
217.0822 -1.0000 -1 M973
317.4912 -1.0000 -1 M737
210.0151 -1.0000 -1 M979
264.3618 -1.0000 -1 M615
201.2114 -1.0000 -1 M857
263.2705 -1.0000 -1 M614
338.1091 -1.0000 -1 M856
226.5322 -1.0000 -1 M619
315.4431 -1.0000 -1 M618
186.4232 -1.0000 -1 M739
22.9618 -1.0000 -1 M1404
327.5553 -1.0000 -1 M1405
41.3550 -1.0000 -1 M1406
410.8177 -1.0000 -1 M1407
262.4675 -1.0000 -1 M961
315.1845 -1.0000 -1 M1400
528.9049 -1.0000 -1 M1401
41.6075 -1.0000 -1 M1402
426.3971 -1.0000 -1 M1403
456.2295 -1.0000 -1 M723
427.3293 -1.0000 -1 M600
183.7985 -1.0000 -1 M963
120.0239 -1.0000 -1 M841
170.9963 -1.0000 -1 M606
412.7090 -1.0000 -1 M848
227.5340 -1.0000 -1 M969
413.2543 -1.0000 -1 M1408
231.8965 -1.0000 -1 M726
43.6489 -1.0000 -1 M847
308.2981 -1.0000 -1 M1409
214.6957 -1.0000 -1 M725
114.8101 -1.0000 -1 M846
313.1190 -1.0000 -1 M603
4.0304 -1.0000 -1 M724
110.1830 -1.0000 -1 M845
56.0950 -1.0000 -1 M966
206.6108 -1.0000 -1 M608
109.3898 -1.0000 -1 M607
289.0933 -1.0000 -1 M849
271.0586 -1.0000 -1 M990
252.7298 -1.0000 -1 M1217
158.7948 -1.0000 -1 M1218
54.8644 -1.0000 -1 M1339
217.6290 -1.0000 -1 M1219
80.8224 -1.0000 -1 M510
322.6369 -1.0000 -1 M631
138.4669 -1.0000 -1 M752
170.4691 -1.0000 -1 M994
276.3970 -1.0000 -1 M1213
447.5576 -1.0000 -1 M630
488.0537 -1.0000 -1 M872
321.9407 -1.0000 -1 M993
111.9147 -1.0000 -1 M1335
39.1172 -1.0000 -1 M750
200.2077 -1.0000 -1 M1215
547.1677 -1.0000 -1 M1336
408.0303 -1.0000 -1 M1216
254.5424 -1.0000 -1 M635
172.6812 -1.0000 -1 M756
39.3222 -1.0000 -1 M877
260.7530 -1.0000 -1 M512
216.7826 -1.0000 -1 M754
486.3420 -1.0000 -1 M511
464.1941 -1.0000 -1 M638
226.5138 -1.0000 -1 M759
117.1088 -1.0000 -1 M516
226.5319 -1.0000 -1 M758
190.8545 -1.0000 -1 M879
221.6873 -1.0000 -1 M878
34.6153 -1.0000 -1 M999
478.4232 -1.0000 -1 M1330
569.4022 -1.0000 -1 M1331
152.6760 -1.0000 -1 M1211
207.4315 -1.0000 -1 M1332
197.4605 -1.0000 -1 M1228
113.1201 -1.0000 -1 M1349
153.1611 -1.0000 -1 M1108
394.6453 -1.0000 -1 M1229
393.8276 -1.0000 -1 M1109
189.1604 -1.0000 -1 M620
273.1105 -1.0000 -1 M862
107.1602 -1.0000 -1 M1224
322.6648 -1.0000 -1 M1345
55.4002 -1.0000 -1 M740
440.1941 -1.0000 -1 M1104
30.5637 -1.0000 -1 M1346
16.7914 -1.0000 -1 M860
614.7275 -1.0000 -1 M981
286.4063 -1.0000 -1 M1105
560.0446 -1.0000 -1 M1347
223.4188 -1.0000 -1 M980
239.2720 -1.0000 -1 M1106
596.2807 -1.0000 -1 M1348
446.9181 -1.0000 -1 M503
243.5607 -1.0000 -1 M745
69.3275 -1.0000 -1 M987
331.3603 -1.0000 -1 M502
25.2589 -1.0000 -1 M623
459.1681 -1.0000 -1 M744
47.7983 -1.0000 -1 M501
257.9962 -1.0000 -1 M985
89.1793 -1.0000 -1 M500
470.5077 -1.0000 -1 M984
316.0927 -1.0000 -1 M507
289.1483 -1.0000 -1 M628
94.7301 -1.0000 -1 M506
130.5295 -1.0000 -1 M627
72.9043 -1.0000 -1 M505
212.9719 -1.0000 -1 M626
196.8677 -1.0000 -1 M747
292.9947 -1.0000 -1 M868
312.9265 -1.0000 -1 M504
469.6301 -1.0000 -1 M988
5.1943 -1.0000 -1 M508
112.7892 -1.0000 -1 M629
8.6811 -1.0000 -1 M1220
480.8265 -1.0000 -1 M1341
187.5764 -1.0000 -1 M1100
139.4809 -1.0000 -1 M1221
207.4589 -1.0000 -1 M1222
421.8083 -1.0000 -1 M1343
505.3736 -1.0000 -1 M1102
80.2134 -1.0000 -1 M1344
144.1356 -1.0000 -1 M1340
361.7325 -1.0000 -1 M1316
150.7443 -1.0000 -1 M1318
101.8762 -1.0000 -1 M411
259.6077 -1.0000 -1 M774
62.0870 -1.0000 -1 M531
153.5340 -1.0000 -1 M773
159.4652 -1.0000 -1 M894
611.0620 -1.0000 -1 M1313
121.5970 -1.0000 -1 M772
470.3842 -1.0000 -1 M650
274.8503 -1.0000 -1 M892
80.3859 -1.0000 -1 M1315
311.5989 -1.0000 -1 M899
404.1939 -1.0000 -1 M535
46.9610 -1.0000 -1 M656
176.4379 -1.0000 -1 M777
586.3834 -1.0000 -1 M413
170.4751 -1.0000 -1 M534
187.1753 -1.0000 -1 M655
248.0185 -1.0000 -1 M776
545.2944 -1.0000 -1 M897
658.1015 -1.0000 -1 M533
162.4165 -1.0000 -1 M775
313.7959 -1.0000 -1 M896
102.5829 -1.0000 -1 M417
282.5687 -1.0000 -1 M659
217.7632 -1.0000 -1 M416
375.8331 -1.0000 -1 M880
61.0813 -1.0000 -1 M1206
328.2170 -1.0000 -1 M1327
176.2823 -1.0000 -1 M1208
505.6264 -1.0000 -1 M1329
630.3535 -1.0000 -1 M400
154.1666 -1.0000 -1 M521
40.3766 -1.0000 -1 M642
40.1454 -1.0000 -1 M763
99.1047 -1.0000 -1 M1323
199.4397 -1.0000 -1 M520
133.1440 -1.0000 -1 M762
214.3742 -1.0000 -1 M883
262.8824 -1.0000 -1 M1203
262.1850 -1.0000 -1 M1324
629.9333 -1.0000 -1 M1325
59.9215 -1.0000 -1 M881
37.8293 -1.0000 -1 M1205
173.0496 -1.0000 -1 M1326
538.7481 -1.0000 -1 M525
418.3142 -1.0000 -1 M888
134.6410 -1.0000 -1 M524
217.5710 -1.0000 -1 M887
95.0787 -1.0000 -1 M402
369.3231 -1.0000 -1 M523
127.8374 -1.0000 -1 M765
101.6495 -1.0000 -1 M886
194.9764 -1.0000 -1 M401
136.3194 -1.0000 -1 M522
81.4535 -1.0000 -1 M643
103.0194 -1.0000 -1 M764
427.0859 -1.0000 -1 M885
40.4898 -1.0000 -1 M528
50.2992 -1.0000 -1 M649
82.4419 -1.0000 -1 M406
187.6687 -1.0000 -1 M527
66.4100 -1.0000 -1 M405
47.6059 -1.0000 -1 M526
62.1875 -1.0000 -1 M647
137.6064 -1.0000 -1 M768
211.1145 -1.0000 -1 M889
256.5601 -1.0000 -1 M409
313.7898 -1.0000 -1 M1320
104.7319 -1.0000 -1 M1200
49.1807 -1.0000 -1 M1321
400.9740 -1.0000 -1 M1201
210.6727 -1.0000 -1 M1322
37.3786 -1.0000 -1 M550
132.6741 -1.0000 -1 M671
48.0919 -1.0000 -1 M792
92.6963 -1.0000 -1 M1019
212.2757 -1.0000 -1 M554
130.1833 -1.0000 -1 M796
139.6777 -1.0000 -1 M1136
16.4770 -1.0000 -1 M1257
185.4736 -1.0000 -1 M1378
347.9017 -1.0000 -1 M311
60.5425 -1.0000 -1 M1016
477.3937 -1.0000 -1 M1137
665.6817 -1.0000 -1 M1258
129.6290 -1.0000 -1 M310
25.5004 -1.0000 -1 M431
236.7978 -1.0000 -1 M673
32.1719 -1.0000 -1 M1138
321.0906 -1.0000 -1 M1259
278.0424 -1.0000 -1 M551
600.2081 -1.0000 -1 M1139
186.0170 -1.0000 -1 M437
149.4017 -1.0000 -1 M558
71.1615 -1.0000 -1 M679
131.4740 -1.0000 -1 M557
283.4913 -1.0000 -1 M678
392.7125 -1.0000 -1 M799
208.4371 -1.0000 -1 M435
680.6139 -1.0000 -1 M556
216.6189 -1.0000 -1 M677
249.2950 -1.0000 -1 M798
55.5070 -1.0000 -1 M434
134.1434 -1.0000 -1 M555
328.5124 -1.0000 -1 M676
229.2764 -1.0000 -1 M318
366.9228 -1.0000 -1 M559
130.3272 -1.0000 -1 M1011
346.6963 -1.0000 -1 M1374
110.4774 -1.0000 -1 M1012
185.5349 -1.0000 -1 M1133
512.1057 -1.0000 -1 M1375
69.8279 -1.0000 -1 M1013
407.2459 -1.0000 -1 M1134
232.3788 -1.0000 -1 M1376
432.6473 -1.0000 -1 M1135
338.6400 -1.0000 -1 M1377
242.2005 -1.0000 -1 M1370
86.6360 -1.0000 -1 M1250
430.9104 -1.0000 -1 M1372
374.0870 -1.0000 -1 M1131
79.4816 -1.0000 -1 M1252
97.9087 -1.0000 -1 M1373
347.6921 -1.0000 -1 M660
500.6118 -1.0000 -1 M301
105.3585 -1.0000 -1 M543
172.8506 -1.0000 -1 M1026
110.5167 -1.0000 -1 M1389
204.1257 -1.0000 -1 M663
295.5717 -1.0000 -1 M784
204.3016 -1.0000 -1 M1148
191.2704 -1.0000 -1 M1269
68.4668 -1.0000 -1 M783
196.8604 -1.0000 -1 M661
436.2325 -1.0000 -1 M782
278.6941 -1.0000 -1 M1029
380.0402 -1.0000 -1 M668
62.8409 -1.0000 -1 M789
189.3788 -1.0000 -1 M304
121.5903 -1.0000 -1 M425
69.3506 -1.0000 -1 M667
342.9237 -1.0000 -1 M424
186.4676 -1.0000 -1 M302
493.1340 -1.0000 -1 M544
316.4712 -1.0000 -1 M665
190.7598 -1.0000 -1 M786
120.1163 -1.0000 -1 M308
270.4426 -1.0000 -1 M549
78.0186 -1.0000 -1 M427
194.5002 -1.0000 -1 M1380
240.3962 -1.0000 -1 M1143
191.4571 -1.0000 -1 M1023
152.1496 -1.0000 -1 M1144
143.7902 -1.0000 -1 M1265
67.8128 -1.0000 -1 M1386
54.4143 -1.0000 -1 M1024
205.6664 -1.0000 -1 M1145
590.8081 -1.0000 -1 M1266
41.7443 -1.0000 -1 M1387
624.8797 -1.0000 -1 M1267
211.4624 -1.0000 -1 M1381
364.5896 -1.0000 -1 M1140
1.3036 -1.0000 -1 M1382
75.4411 -1.0000 -1 M1141
130.4876 -1.0000 -1 M1262
333.6815 -1.0000 -1 M1383
250.6586 -1.0000 -1 M1142
301.5120 -1.0000 -1 M1384
238.6981 -1.0000 -1 M330
205.2517 -1.0000 -1 M451
146.6778 -1.0000 -1 M693
279.6724 -1.0000 -1 M450
508.0941 -1.0000 -1 M571
324.6122 -1.0000 -1 M692
102.3918 -1.0000 -1 M570
153.6424 -1.0000 -1 M691
467.3875 -1.0000 -1 M690
568.5607 -1.0000 -1 M334
233.9746 -1.0000 -1 M455
437.0866 -1.0000 -1 M576
634.3603 -1.0000 -1 M1356
102.1513 -1.0000 -1 M212
310.2413 -1.0000 -1 M696
335.7295 -1.0000 -1 M1357
58.6471 -1.0000 -1 M574
218.0166 -1.0000 -1 M1358
231.3131 -1.0000 -1 M210
108.3234 -1.0000 -1 M331
42.2947 -1.0000 -1 M573
395.3810 -1.0000 -1 M694
62.0025 -1.0000 -1 M217
288.8137 -1.0000 -1 M216
420.1215 -1.0000 -1 M215
228.0936 -1.0000 -1 M457
99.4280 -1.0000 -1 M578
278.4794 -1.0000 -1 M335
178.2826 -1.0000 -1 M219
225.9909 -1.0000 -1 M218
93.6328 -1.0000 -1 M1110
63.4434 -1.0000 -1 M1231
293.7364 -1.0000 -1 M1352
167.7215 -1.0000 -1 M1353
173.3212 -1.0000 -1 M1113
190.8922 -1.0000 -1 M1234
209.8145 -1.0000 -1 M1355
86.0158 -1.0000 -1 M1350
121.7722 -1.0000 -1 M1351
438.4381 -1.0000 -1 M561
54.8803 -1.0000 -1 M682
358.2249 -1.0000 -1 M560
204.0874 -1.0000 -1 M680
126.9874 -1.0000 -1 M202
251.2581 -1.0000 -1 M1246
313.4777 -1.0000 -1 M1367
63.9015 -1.0000 -1 M1126
43.3721 -1.0000 -1 M1247
293.4905 -1.0000 -1 M1368
158.2555 -1.0000 -1 M200
331.2632 -1.0000 -1 M442
59.8419 -1.0000 -1 M563
161.4505 -1.0000 -1 M1006
3.9111 -1.0000 -1 M1369
313.6691 -1.0000 -1 M320
202.5925 -1.0000 -1 M562
186.7225 -1.0000 -1 M683
162.9253 -1.0000 -1 M1007
137.5665 -1.0000 -1 M1128
70.8211 -1.0000 -1 M1249
209.0348 -1.0000 -1 M206
24.8952 -1.0000 -1 M448
170.6598 -1.0000 -1 M569
341.7234 -1.0000 -1 M447
269.2476 -1.0000 -1 M568
175.4690 -1.0000 -1 M325
195.6707 -1.0000 -1 M567
139.8599 -1.0000 -1 M209
327.4008 -1.0000 -1 M208
184.5313 -1.0000 -1 M207
241.6996 -1.0000 -1 M1000
27.0399 -1.0000 -1 M1242
298.7960 -1.0000 -1 M1363
173.9439 -1.0000 -1 M1001
500.2739 -1.0000 -1 M1243
528.5455 -1.0000 -1 M1364
435.4694 -1.0000 -1 M1123
344.8933 -1.0000 -1 M1365
197.2861 -1.0000 -1 M1003
300.9502 -1.0000 -1 M1245
288.2074 -1.0000 -1 M1366
181.6937 -1.0000 -1 M1361
344.7606 -1.0000 -1 M1362
477.1479 -1.0000 -1 M231
335.2746 -1.0000 -1 M352
297.7037 -1.0000 -1 M230
183.7640 -1.0000 -1 M351
151.7379 -1.0000 -1 M350
29.4556 -1.0000 -1 M471
444.2304 -1.0000 -1 M114
140.8989 -1.0000 -1 M235
94.7055 -1.0000 -1 M477
389.2423 -1.0000 -1 M234
36.6863 -1.0000 -1 M597
355.2758 -1.0000 -1 M354
254.9735 -1.0000 -1 M475
376.3994 -1.0000 -1 M111
242.4622 -1.0000 -1 M353
174.9011 -1.0000 -1 M474
459.1385 -1.0000 -1 M239
90.3668 -1.0000 -1 M117
430.0540 -1.0000 -1 M358
179.7721 -1.0000 -1 M115
28.4445 -1.0000 -1 M478
195.1731 -1.0000 -1 M119
107.2414 -1.0000 -1 M1290
223.2897 -1.0000 -1 M1170
176.8845 -1.0000 -1 M1291
156.2914 -1.0000 -1 M1050
234.5722 -1.0000 -1 M1055
199.6156 -1.0000 -1 M1176
189.8191 -1.0000 -1 M1297
187.7978 -1.0000 -1 M1178
223.2181 -1.0000 -1 M1179
404.6556 -1.0000 -1 M480
255.9027 -1.0000 -1 M1051
253.8185 -1.0000 -1 M1172
205.7497 -1.0000 -1 M1293
151.2957 -1.0000 -1 M1294
559.0512 -1.0000 -1 M1053
533.0144 -1.0000 -1 M1175
20.8862 -1.0000 -1 M1296
194.0813 -1.0000 -1 M341
31.1830 -1.0000 -1 M340
189.9020 -1.0000 -1 M582
141.3379 -1.0000 -1 M460
281.7282 -1.0000 -1 M581
135.5952 -1.0000 -1 M580
367.5212 -1.0000 -1 M466
151.4502 -1.0000 -1 M100
11.0200 -1.0000 -1 M227
372.6767 -1.0000 -1 M348
389.8797 -1.0000 -1 M105
206.5325 -1.0000 -1 M226
85.2528 -1.0000 -1 M347
27.8557 -1.0000 -1 M468
69.6713 -1.0000 -1 M589
386.7226 -1.0000 -1 M104
195.6239 -1.0000 -1 M225
221.3379 -1.0000 -1 M467
230.2090 -1.0000 -1 M588
524.2495 -1.0000 -1 M109
153.1438 -1.0000 -1 M108
270.2189 -1.0000 -1 M1066
13.7368 -1.0000 -1 M1187
207.4211 -1.0000 -1 M1188
70.9195 -1.0000 -1 M1069
205.2688 -1.0000 -1 M1062
493.7348 -1.0000 -1 M1065
260.8206 -1.0000 -1 M253
359.4801 -1.0000 -1 M495
92.9045 -1.0000 -1 M130
227.5789 -1.0000 -1 M372
302.9492 -1.0000 -1 M250
331.5217 -1.0000 -1 M371
220.8008 -1.0000 -1 M492
213.0243 -1.0000 -1 M257
151.0217 -1.0000 -1 M499
292.3778 -1.0000 -1 M1037
300.5111 -1.0000 -1 M1158
348.2045 -1.0000 -1 M1279
455.1539 -1.0000 -1 M377
134.2902 -1.0000 -1 M498
181.2487 -1.0000 -1 M1039
407.8699 -1.0000 -1 M254
178.1432 -1.0000 -1 M496
432.3075 -1.0000 -1 M138
273.6198 -1.0000 -1 M259
165.1567 -1.0000 -1 M379
267.4231 -1.0000 -1 M1390
213.3817 -1.0000 -1 M1391
80.3740 -1.0000 -1 M1033
105.4059 -1.0000 -1 M1154
190.4794 -1.0000 -1 M1275
349.7894 -1.0000 -1 M1396
132.7888 -1.0000 -1 M1276
336.9962 -1.0000 -1 M1397
384.0096 -1.0000 -1 M1156
69.0707 -1.0000 -1 M1398
298.0886 -1.0000 -1 M1399
249.1147 -1.0000 -1 M381
287.2026 -1.0000 -1 M1150
302.0530 -1.0000 -1 M1392
422.6108 -1.0000 -1 M1272
296.1385 -1.0000 -1 M1393
349.6154 -1.0000 -1 M1031
302.7245 -1.0000 -1 M1152
192.8068 -1.0000 -1 M1394
317.0873 -1.0000 -1 M1032
262.5754 -1.0000 -1 M1274
177.3016 -1.0000 -1 M1395
404.7124 -1.0000 -1 M242
200.4994 -1.0000 -1 M241
188.1101 -1.0000 -1 M362
431.6770 -1.0000 -1 M483
259.8875 -1.0000 -1 M482
356.7915 -1.0000 -1 M360
251.0105 -1.0000 -1 M125
331.0876 -1.0000 -1 M367
0.3416 -1.0000 -1 M1048
313.7152 -1.0000 -1 M1169
258.9729 -1.0000 -1 M366
155.5310 -1.0000 -1 M487
250.3207 -1.0000 -1 M1049
79.5552 -1.0000 -1 M123
134.3294 -1.0000 -1 M244
243.7974 -1.0000 -1 M243
276.9386 -1.0000 -1 M364
139.6418 -1.0000 -1 M128
404.5677 -1.0000 -1 M248
400.9394 -1.0000 -1 M126
92.8875 -1.0000 -1 M1281
143.1218 -1.0000 -1 M1286
532.2858 -1.0000 -1 M1287
208.3530 -1.0000 -1 M1046
153.8162 -1.0000 -1 M1288
290.9139 -1.0000 -1 M1047
182.6743 -1.0000 -1 M1289
310.0018 -1.0000 -1 M491
70.3846 -1.0000 -1 M1040
187.3106 -1.0000 -1 M1161
275.4048 -1.0000 -1 M1282
311.1778 -1.0000 -1 M1042
443.0795 -1.0000 -1 M1163
279.9695 -1.0000 -1 M1284
317.3647 -1.0000 -1 M1164
183.1280 -1.0000 -1 M1285
374.2161 -1.0000 -1 M152
64.4631 -1.0000 -1 M272
289.1095 -1.0000 -1 M393
218.8677 -1.0000 -1 M158
237.7013 -1.0000 -1 M157
260.8116 -1.0000 -1 M277
377.8349 -1.0000 -1 M398
413.4052 -1.0000 -1 M155
497.8420 -1.0000 -1 M159
162.3874 -1.0000 -1 M1091
218.1188 -1.0000 -1 M1092
258.3300 -1.0000 -1 M1090
136.3912 -1.0000 -1 M281
406.7752 -1.0000 -1 M1096
279.1238 -1.0000 -1 M1097
289.7823 -1.0000 -1 M264
91.3918 -1.0000 -1 M385
215.6858 -1.0000 -1 M261
402.0236 -1.0000 -1 M268
195.7043 -1.0000 -1 M388
528.9073 -1.0000 -1 M386
437.6084 -1.0000 -1 M149
21.6649 -1.0000 -1 M269
313.3549 -1.0000 -1 M150
48.1012 -1.0000 -1 M391
40.2330 -1.0000 -1 M390
113.9549 -1.0000 -1 M174
320.0344 -1.0000 -1 M294
9.0795 -1.0000 -1 M178
150.2474 -1.0000 -1 M1070
195.3554 -1.0000 -1 M1191
78.0867 -1.0000 -1 M1199
212.6091 -1.0000 -1 M183
145.3924 -1.0000 -1 M1194
180.2727 -1.0000 -1 M1195
339.8615 -1.0000 -1 M181
410.0608 -1.0000 -1 M1075
58.4072 -1.0000 -1 M1196
54.6260 -1.0000 -1 M1197
48.6658 -1.0000 -1 M165
336.2738 -1.0000 -1 M286
203.5424 -1.0000 -1 M162
235.4187 -1.0000 -1 M283
361.8948 -1.0000 -1 M169
320.7646 -1.0000 -1 M168
247.8271 -1.0000 -1 M289
121.4928 -1.0000 -1 M288
297.1698 -1.0000 -1 M166
351.1098 -1.0000 -1 M287
260.9659 -1.0000 -1 M1083
80.9691 -1.0000 -1 M1089
312.1400 -1.0000 -1 M172
223.2262 -1.0000 -1 M293
94.7616 -1.0000 -1 M1084
99.5327 -1.0000 -1 M292
511.9728 -1.0000 -1 M170
72.1701 -1.0000 -1 M1087
158.8334 -1.0000 -1 M198
488.9563 -1.0000 -1 M196
73.4703 -1.0000 -1 M199
169.0529 -1.0000 -1 M188
459.8698 -1.0000 -1 M194
218.9845 -1.0000 -1 M192
124.2294 -1.0000 -1 M191
470.8764 -1.0000 -1 M69
