# messageDelay  cumulativeProbability
1.0000 0.0007
1.0000 0.0014
1.0000 0.0021
1.0000 0.0028
1.0000 0.0035
1.0000 0.0043
1.0000 0.0050
1.0000 0.0057
1.0000 0.0064
1.0000 0.0071
1.0000 0.0078
1.0000 0.0085
1.0000 0.0092
1.0000 0.0099
1.0000 0.0106
1.0000 0.0113
1.0000 0.0120
1.0000 0.0128
1.0000 0.0135
1.0000 0.0142
1.0000 0.0149
1.0000 0.0156
1.0000 0.0163
1.0000 0.0170
1.0000 0.0177
1.0000 0.0184
2.0000 0.0191
2.0000 0.0198
2.0000 0.0206
2.0000 0.0213
2.0000 0.0220
3.0000 0.0227
3.0000 0.0234
3.0000 0.0241
4.0000 0.0248
4.0000 0.0255
5.0000 0.0262
5.0000 0.0269
5.0000 0.0276
5.0000 0.0283
6.0000 0.0291
6.0000 0.0298
6.0000 0.0305
6.0000 0.0312
7.0000 0.0319
7.0000 0.0326
7.0000 0.0333
8.0000 0.0340
8.0000 0.0347
8.0000 0.0354
8.0000 0.0361
9.0000 0.0369
9.0000 0.0376
9.0000 0.0383
9.0000 0.0390
10.0000 0.0397
10.0000 0.0404
11.0000 0.0411
11.0000 0.0418
11.0000 0.0425
12.0000 0.0432
12.0000 0.0439
13.0000 0.0446
13.0000 0.0454
13.0000 0.0461
13.0000 0.0468
13.0000 0.0475
13.0000 0.0482
14.0000 0.0489
14.0000 0.0496
14.0000 0.0503
15.0000 0.0510
15.0000 0.0517
15.0000 0.0524
15.0000 0.0532
15.0000 0.0539
16.0000 0.0546
16.0000 0.0553
16.0000 0.0560
16.0000 0.0567
17.0000 0.0574
17.0000 0.0581
17.0000 0.0588
18.0000 0.0595
18.0000 0.0602
19.0000 0.0609
19.0000 0.0617
20.0000 0.0624
20.0000 0.0631
21.0000 0.0638
22.0000 0.0645
22.0000 0.0652
22.0000 0.0659
23.0000 0.0666
24.0000 0.0673
24.0000 0.0680
24.0000 0.0687
26.0000 0.0695
28.0000 0.0702
29.0000 0.0709
29.0000 0.0716
29.0000 0.0723
31.0000 0.0730
32.0000 0.0737
32.0000 0.0744
32.0000 0.0751
32.0000 0.0758
33.0000 0.0765
34.0000 0.0773
34.0000 0.0780
34.0000 0.0787
36.0000 0.0794
36.0000 0.0801
36.0000 0.0808
36.0000 0.0815
37.0000 0.0822
38.0000 0.0829
41.0000 0.0836
41.0000 0.0843
41.0000 0.0850
41.0000 0.0858
41.0000 0.0865
42.0000 0.0872
43.0000 0.0879
43.0000 0.0886
44.0000 0.0893
45.0000 0.0900
46.0000 0.0907
47.0000 0.0914
47.0000 0.0921
48.0000 0.0928
48.0000 0.0936
48.0000 0.0943
48.0000 0.0950
49.0000 0.0957
50.0000 0.0964
50.0000 0.0971
50.0000 0.0978
50.0000 0.0985
52.0000 0.0992
52.0000 0.0999
53.0000 0.1006
53.0000 0.1013
54.0000 0.1021
54.0000 0.1028
55.0000 0.1035
56.0000 0.1042
57.0000 0.1049
58.0000 0.1056
58.0000 0.1063
59.0000 0.1070
59.0000 0.1077
60.0000 0.1084
61.0000 0.1091
61.0000 0.1099
62.0000 0.1106
62.0000 0.1113
62.0000 0.1120
63.0000 0.1127
63.0000 0.1134
63.0000 0.1141
63.0000 0.1148
64.0000 0.1155
64.0000 0.1162
65.0000 0.1169
66.0000 0.1176
66.0000 0.1184
67.0000 0.1191
69.0000 0.1198
69.0000 0.1205
71.0000 0.1212
72.0000 0.1219
74.0000 0.1226
74.0000 0.1233
74.0000 0.1240
77.0000 0.1247
78.0000 0.1254
78.0000 0.1262
82.0000 0.1269
83.0000 0.1276
83.0000 0.1283
83.0000 0.1290
85.0000 0.1297
85.0000 0.1304
86.0000 0.1311
87.0000 0.1318
87.0000 0.1325
87.0000 0.1332
88.0000 0.1339
88.0000 0.1347
88.0000 0.1354
89.0000 0.1361
91.0000 0.1368
91.0000 0.1375
92.0000 0.1382
92.0000 0.1389
93.0000 0.1396
95.0000 0.1403
95.0000 0.1410
95.0000 0.1417
95.0000 0.1425
96.0000 0.1432
97.0000 0.1439
98.0000 0.1446
98.0000 0.1453
100.0000 0.1460
100.0000 0.1467
101.0000 0.1474
101.0000 0.1481
101.0000 0.1488
103.0000 0.1495
103.0000 0.1502
103.0000 0.1510
104.0000 0.1517
104.0000 0.1524
106.0000 0.1531
110.0000 0.1538
111.0000 0.1545
111.0000 0.1552
112.0000 0.1559
112.0000 0.1566
112.0000 0.1573
115.0000 0.1580
116.0000 0.1588
118.0000 0.1595
118.0000 0.1602
119.0000 0.1609
120.0000 0.1616
121.0000 0.1623
121.0000 0.1630
122.0000 0.1637
122.0000 0.1644
123.0000 0.1651
124.0000 0.1658
124.0000 0.1665
124.0000 0.1673
125.0000 0.1680
125.0000 0.1687
125.0000 0.1694
126.0000 0.1701
126.0000 0.1708
126.0000 0.1715
127.0000 0.1722
127.0000 0.1729
127.0000 0.1736
128.0000 0.1743
128.0000 0.1751
129.0000 0.1758
131.0000 0.1765
131.0000 0.1772
133.0000 0.1779
135.0000 0.1786
135.0000 0.1793
136.0000 0.1800
136.0000 0.1807
138.0000 0.1814
139.0000 0.1821
140.0000 0.1828
141.0000 0.1836
141.0000 0.1843
143.0000 0.1850
144.0000 0.1857
144.0000 0.1864
146.0000 0.1871
147.0000 0.1878
147.0000 0.1885
147.0000 0.1892
148.0000 0.1899
150.0000 0.1906
150.0000 0.1914
150.0000 0.1921
151.0000 0.1928
152.0000 0.1935
152.0000 0.1942
152.0000 0.1949
153.0000 0.1956
154.0000 0.1963
155.0000 0.1970
155.0000 0.1977
156.0000 0.1984
157.0000 0.1991
157.0000 0.1999
158.0000 0.2006
159.0000 0.2013
160.0000 0.2020
160.0000 0.2027
161.0000 0.2034
161.0000 0.2041
161.0000 0.2048
161.0000 0.2055
162.0000 0.2062
163.0000 0.2069
164.0000 0.2077
164.0000 0.2084
164.0000 0.2091
167.0000 0.2098
168.0000 0.2105
168.0000 0.2112
169.0000 0.2119
170.0000 0.2126
171.0000 0.2133
172.0000 0.2140
174.0000 0.2147
176.0000 0.2155
176.0000 0.2162
176.0000 0.2169
177.0000 0.2176
181.0000 0.2183
181.0000 0.2190
181.0000 0.2197
182.0000 0.2204
183.0000 0.2211
183.0000 0.2218
184.0000 0.2225
184.0000 0.2232
184.0000 0.2240
185.0000 0.2247
185.0000 0.2254
185.0000 0.2261
185.0000 0.2268
185.0000 0.2275
185.0000 0.2282
185.0000 0.2289
188.0000 0.2296
190.0000 0.2303
192.0000 0.2310
194.0000 0.2318
194.0000 0.2325
194.0000 0.2332
195.0000 0.2339
195.0000 0.2346
196.0000 0.2353
196.0000 0.2360
198.0000 0.2367
199.0000 0.2374
200.0000 0.2381
201.0000 0.2388
201.0000 0.2395
201.0000 0.2403
207.0000 0.2410
209.0000 0.2417
211.0000 0.2424
212.0000 0.2431
213.0000 0.2438
215.0000 0.2445
215.0000 0.2452
215.0000 0.2459
216.0000 0.2466
218.0000 0.2473
219.0000 0.2481
219.0000 0.2488
220.0000 0.2495
223.0000 0.2502
224.0000 0.2509
225.0000 0.2516
225.0000 0.2523
226.0000 0.2530
227.0000 0.2537
228.0000 0.2544
231.0000 0.2551
233.0000 0.2558
234.0000 0.2566
234.0000 0.2573
234.0000 0.2580
236.0000 0.2587
238.0000 0.2594
240.0000 0.2601
244.0000 0.2608
246.0000 0.2615
246.0000 0.2622
247.0000 0.2629
250.0000 0.2636
250.0000 0.2644
251.0000 0.2651
254.0000 0.2658
254.0000 0.2665
255.0000 0.2672
256.0000 0.2679
256.0000 0.2686
258.0000 0.2693
258.0000 0.2700
259.0000 0.2707
260.0000 0.2714
262.0000 0.2721
262.0000 0.2729
264.0000 0.2736
268.0000 0.2743
268.0000 0.2750
270.0000 0.2757
271.0000 0.2764
271.0000 0.2771
277.0000 0.2778
280.0000 0.2785
281.0000 0.2792
282.0000 0.2799
283.0000 0.2807
284.0000 0.2814
284.0000 0.2821
285.0000 0.2828
287.0000 0.2835
287.0000 0.2842
288.0000 0.2849
292.0000 0.2856
292.0000 0.2863
293.0000 0.2870
294.0000 0.2877
295.0000 0.2884
295.0000 0.2892
296.0000 0.2899
301.0000 0.2906
302.0000 0.2913
302.0000 0.2920
302.0000 0.2927
304.0000 0.2934
305.0000 0.2941
305.0000 0.2948
306.0000 0.2955
308.0000 0.2962
311.0000 0.2970
311.0000 0.2977
317.0000 0.2984
319.0000 0.2991
320.0000 0.2998
320.0000 0.3005
320.0000 0.3012
321.0000 0.3019
321.0000 0.3026
323.0000 0.3033
325.0000 0.3040
327.0000 0.3047
327.0000 0.3055
327.0000 0.3062
327.0000 0.3069
328.0000 0.3076
328.0000 0.3083
329.0000 0.3090
330.0000 0.3097
332.0000 0.3104
334.0000 0.3111
337.0000 0.3118
339.0000 0.3125
340.0000 0.3133
342.0000 0.3140
344.0000 0.3147
348.0000 0.3154
349.0000 0.3161
350.0000 0.3168
352.0000 0.3175
354.0000 0.3182
355.0000 0.3189
357.0000 0.3196
357.0000 0.3203
359.0000 0.3210
360.0000 0.3218
361.0000 0.3225
363.0000 0.3232
368.0000 0.3239
370.0000 0.3246
374.0000 0.3253
374.0000 0.3260
376.0000 0.3267
377.0000 0.3274
377.0000 0.3281
379.0000 0.3288
379.0000 0.3296
380.0000 0.3303
382.0000 0.3310
382.0000 0.3317
383.0000 0.3324
385.0000 0.3331
387.0000 0.3338
387.0000 0.3345
387.0000 0.3352
388.0000 0.3359
388.0000 0.3366
388.0000 0.3373
391.0000 0.3381
395.0000 0.3388
396.0000 0.3395
398.0000 0.3402
403.0000 0.3409
404.0000 0.3416
404.0000 0.3423
407.0000 0.3430
408.0000 0.3437
412.0000 0.3444
412.0000 0.3451
417.0000 0.3459
417.0000 0.3466
419.0000 0.3473
421.0000 0.3480
425.0000 0.3487
426.0000 0.3494
429.0000 0.3501
429.0000 0.3508
429.0000 0.3515
429.0000 0.3522
430.0000 0.3529
430.0000 0.3536
433.0000 0.3544
433.0000 0.3551
436.0000 0.3558
438.0000 0.3565
439.0000 0.3572
439.0000 0.3579
441.0000 0.3586
442.0000 0.3593
444.0000 0.3600
448.0000 0.3607
449.0000 0.3614
450.0000 0.3622
451.0000 0.3629
453.0000 0.3636
453.0000 0.3643
454.0000 0.3650
463.0000 0.3657
466.0000 0.3664
470.0000 0.3671
472.0000 0.3678
475.0000 0.3685
477.0000 0.3692
480.0000 0.3700
482.0000 0.3707
483.0000 0.3714
483.0000 0.3721
484.0000 0.3728
486.0000 0.3735
490.0000 0.3742
491.0000 0.3749
495.0000 0.3756
496.0000 0.3763
499.0000 0.3770
502.0000 0.3777
503.0000 0.3785
503.0000 0.3792
507.0000 0.3799
509.0000 0.3806
509.0000 0.3813
512.0000 0.3820
513.0000 0.3827
517.0000 0.3834
519.0000 0.3841
521.0000 0.3848
523.0000 0.3855
523.0000 0.3863
524.0000 0.3870
527.0000 0.3877
529.0000 0.3884
530.0000 0.3891
531.0000 0.3898
535.0000 0.3905
535.0000 0.3912
537.0000 0.3919
537.0000 0.3926
538.0000 0.3933
546.0000 0.3940
547.0000 0.3948
549.0000 0.3955
551.0000 0.3962
553.0000 0.3969
556.0000 0.3976
556.0000 0.3983
559.0000 0.3990
562.0000 0.3997
563.0000 0.4004
567.0000 0.4011
575.0000 0.4018
576.0000 0.4026
583.0000 0.4033
595.0000 0.4040
599.0000 0.4047
599.0000 0.4054
603.0000 0.4061
605.0000 0.4068
607.0000 0.4075
608.0000 0.4082
609.0000 0.4089
610.0000 0.4096
611.0000 0.4103
611.0000 0.4111
612.0000 0.4118
612.0000 0.4125
612.0000 0.4132
617.0000 0.4139
618.0000 0.4146
621.0000 0.4153
623.0000 0.4160
624.0000 0.4167
624.0000 0.4174
625.0000 0.4181
626.0000 0.4189
630.0000 0.4196
631.0000 0.4203
632.0000 0.4210
636.0000 0.4217
637.0000 0.4224
637.0000 0.4231
638.0000 0.4238
641.0000 0.4245
646.0000 0.4252
648.0000 0.4259
656.0000 0.4266
666.0000 0.4274
666.0000 0.4281
669.0000 0.4288
671.0000 0.4295
671.0000 0.4302
675.0000 0.4309
677.0000 0.4316
678.0000 0.4323
679.0000 0.4330
683.0000 0.4337
685.0000 0.4344
685.0000 0.4352
686.0000 0.4359
688.0000 0.4366
692.0000 0.4373
698.0000 0.4380
700.0000 0.4387
703.0000 0.4394
715.0000 0.4401
718.0000 0.4408
723.0000 0.4415
729.0000 0.4422
731.0000 0.4429
737.0000 0.4437
747.0000 0.4444
751.0000 0.4451
756.0000 0.4458
763.0000 0.4465
777.0000 0.4472
799.0000 0.4479
822.0000 0.4486
823.0000 0.4493
825.0000 0.4500
836.0000 0.4507
843.0000 0.4515
852.0000 0.4522
855.0000 0.4529
858.0000 0.4536
860.0000 0.4543
866.0000 0.4550
869.0000 0.4557
877.0000 0.4564
879.0000 0.4571
889.0000 0.4578
890.0000 0.4585
891.0000 0.4592
898.0000 0.4600
917.0000 0.4607
919.0000 0.4614
924.0000 0.4621
925.0000 0.4628
935.0000 0.4635
954.0000 0.4642
955.0000 0.4649
982.0000 0.4656
985.0000 0.4663
988.0000 0.4670
989.0000 0.4678
997.0000 0.4685
1014.0000 0.4692
1016.0000 0.4699
1030.0000 0.4706
1031.0000 0.4713
1032.0000 0.4720
1046.0000 0.4727
1046.0000 0.4734
1052.0000 0.4741
1055.0000 0.4748
1069.0000 0.4755
1112.0000 0.4763
1165.0000 0.4770
1173.0000 0.4777
1180.0000 0.4784
1219.0000 0.4791
1263.0000 0.4798
1271.0000 0.4805
1286.0000 0.4812
1297.0000 0.4819
1343.0000 0.4826
1374.0000 0.4833
1429.0000 0.4841
1481.0000 0.4848
1519.0000 0.4855
1585.0000 0.4862
1698.0000 0.4869
