# time  created  delivered  delivered/created
7.0000 1 0 0.0000
16.0000 2 0 0.0000
17.0000 2 1 0.5000
21.0000 3 1 0.3333
29.0000 4 1 0.2500
37.0000 5 1 0.2000
44.0000 6 1 0.1667
44.0000 6 2 0.3333
50.0000 7 2 0.2857
58.0000 8 2 0.2500
66.0000 9 2 0.2222
71.0000 10 2 0.2000
79.0000 11 2 0.1818
81.0000 11 3 0.2727
85.0000 12 3 0.2500
91.0000 13 3 0.2308
97.0000 14 3 0.2143
105.0000 15 3 0.2000
112.0000 16 3 0.1875
117.0000 16 4 0.2500
121.0000 17 4 0.2353
123.0000 17 5 0.2941
128.0000 18 5 0.2778
134.0000 19 5 0.2632
141.0000 20 5 0.2500
145.0000 20 6 0.3000
149.0000 21 6 0.2857
155.0000 22 6 0.2727
163.0000 23 6 0.2609
164.0000 23 7 0.3043
168.0000 24 7 0.2917
177.0000 25 7 0.2800
177.0000 25 8 0.3200
182.0000 26 8 0.3077
184.0000 26 9 0.3462
188.0000 27 9 0.3333
193.0000 28 9 0.3214
199.0000 29 9 0.3103
204.0000 30 9 0.3000
213.0000 31 9 0.2903
219.0000 32 9 0.2813
228.0000 33 9 0.2727
235.0000 34 9 0.2647
240.0000 34 10 0.2941
244.0000 35 10 0.2857
247.0000 35 11 0.3143
251.0000 36 11 0.3056
253.0000 36 12 0.3333
259.0000 37 12 0.3243
261.0000 37 13 0.3514
268.0000 38 13 0.3421
276.0000 39 13 0.3333
284.0000 40 13 0.3250
285.0000 40 14 0.3500
293.0000 41 14 0.3415
297.0000 41 15 0.3659
300.0000 42 15 0.3571
305.0000 43 15 0.3488
310.0000 44 15 0.3409
315.0000 45 15 0.3333
322.0000 45 16 0.3556
323.0000 46 16 0.3478
325.0000 46 17 0.3696
330.0000 47 17 0.3617
336.0000 48 17 0.3542
338.0000 48 18 0.3750
343.0000 49 18 0.3673
349.0000 49 19 0.3878
352.0000 50 19 0.3800
357.0000 51 19 0.3725
365.0000 52 19 0.3654
371.0000 53 19 0.3585
378.0000 54 19 0.3519
378.0000 54 20 0.3704
386.0000 55 20 0.3636
386.0000 55 21 0.3818
388.0000 55 22 0.4000
392.0000 56 22 0.3929
399.0000 57 22 0.3860
406.0000 58 22 0.3793
406.0000 58 23 0.3966
406.0000 58 24 0.4138
412.0000 58 25 0.4310
415.0000 59 25 0.4237
420.0000 60 25 0.4167
427.0000 61 25 0.4098
428.0000 61 26 0.4262
435.0000 62 26 0.4194
441.0000 63 26 0.4127
445.0000 63 27 0.4286
447.0000 63 28 0.4444
449.0000 64 28 0.4375
454.0000 65 28 0.4308
455.0000 65 29 0.4462
462.0000 66 29 0.4394
470.0000 67 29 0.4328
478.0000 68 29 0.4265
487.0000 69 29 0.4203
491.0000 69 30 0.4348
493.0000 70 30 0.4286
498.0000 71 30 0.4225
506.0000 71 31 0.4366
507.0000 72 31 0.4306
512.0000 73 31 0.4247
516.0000 73 32 0.4384
519.0000 74 32 0.4324
524.0000 75 32 0.4267
526.0000 75 33 0.4400
528.0000 75 34 0.4533
533.0000 76 34 0.4474
534.0000 76 35 0.4605
537.0000 76 36 0.4737
539.0000 77 36 0.4675
546.0000 77 37 0.4805
548.0000 78 37 0.4744
555.0000 79 37 0.4684
563.0000 80 37 0.4625
563.0000 80 38 0.4750
572.0000 81 38 0.4691
581.0000 82 38 0.4634
581.0000 82 39 0.4756
590.0000 83 39 0.4699
596.0000 83 40 0.4819
598.0000 83 41 0.4940
599.0000 84 41 0.4881
606.0000 85 41 0.4824
606.0000 85 42 0.4941
615.0000 86 42 0.4884
621.0000 87 42 0.4828
627.0000 88 42 0.4773
629.0000 88 43 0.4886
631.0000 88 44 0.5000
633.0000 88 45 0.5114
636.0000 89 45 0.5056
643.0000 90 45 0.5000
647.0000 90 46 0.5111
650.0000 91 46 0.5055
659.0000 92 46 0.5000
668.0000 93 46 0.4946
668.0000 93 47 0.5054
676.0000 94 47 0.5000
676.0000 94 48 0.5106
677.0000 94 49 0.5213
678.0000 94 50 0.5319
681.0000 95 50 0.5263
689.0000 96 50 0.5208
693.0000 96 51 0.5313
694.0000 97 51 0.5258
701.0000 98 51 0.5204
704.0000 98 52 0.5306
706.0000 99 52 0.5253
706.0000 99 53 0.5354
714.0000 100 53 0.5300
716.0000 100 54 0.5400
721.0000 101 54 0.5347
724.0000 101 55 0.5446
729.0000 102 55 0.5392
732.0000 102 56 0.5490
732.0000 102 57 0.5588
734.0000 103 57 0.5534
734.0000 103 58 0.5631
736.0000 103 59 0.5728
741.0000 104 59 0.5673
748.0000 105 59 0.5619
748.0000 105 60 0.5714
753.0000 106 60 0.5660
761.0000 107 60 0.5607
764.0000 107 61 0.5701
769.0000 108 61 0.5648
774.0000 109 61 0.5596
778.0000 109 62 0.5688
780.0000 109 63 0.5780
781.0000 110 63 0.5727
782.0000 110 64 0.5818
789.0000 111 64 0.5766
794.0000 112 64 0.5714
800.0000 113 64 0.5664
807.0000 114 64 0.5614
809.0000 114 65 0.5702
812.0000 114 66 0.5789
815.0000 115 66 0.5739
821.0000 116 66 0.5690
824.0000 116 67 0.5776
826.0000 117 67 0.5726
826.0000 117 68 0.5812
830.0000 117 69 0.5897
834.0000 118 69 0.5847
839.0000 119 69 0.5798
848.0000 120 69 0.5750
853.0000 120 70 0.5833
854.0000 121 70 0.5785
863.0000 122 70 0.5738
865.0000 122 71 0.5820
866.0000 122 72 0.5902
871.0000 123 72 0.5854
877.0000 124 72 0.5806
883.0000 125 72 0.5760
890.0000 126 72 0.5714
896.0000 127 72 0.5669
903.0000 128 72 0.5625
908.0000 129 72 0.5581
914.0000 130 72 0.5538
921.0000 131 72 0.5496
921.0000 131 73 0.5573
928.0000 131 74 0.5649
929.0000 132 74 0.5606
931.0000 132 75 0.5682
933.0000 132 76 0.5758
934.0000 133 76 0.5714
936.0000 133 77 0.5789
941.0000 134 77 0.5746
946.0000 134 78 0.5821
948.0000 135 78 0.5778
955.0000 136 78 0.5735
959.0000 136 79 0.5809
962.0000 137 79 0.5766
968.0000 138 79 0.5725
974.0000 139 79 0.5683
979.0000 140 79 0.5643
988.0000 141 79 0.5603
993.0000 142 79 0.5563
998.0000 143 79 0.5524
1003.0000 144 79 0.5486
1006.0000 144 80 0.5556
1012.0000 145 80 0.5517
1015.0000 145 81 0.5586
1019.0000 146 81 0.5548
1020.0000 146 82 0.5616
1025.0000 147 82 0.5578
1030.0000 147 83 0.5646
1032.0000 148 83 0.5608
1040.0000 149 83 0.5570
1047.0000 150 83 0.5533
1056.0000 151 83 0.5497
1065.0000 152 83 0.5461
1073.0000 152 84 0.5526
1074.0000 153 84 0.5490
1081.0000 154 84 0.5455
1090.0000 155 84 0.5419
1096.0000 156 84 0.5385
1099.0000 156 85 0.5449
1101.0000 157 85 0.5414
1101.0000 157 86 0.5478
1108.0000 158 86 0.5443
1115.0000 158 87 0.5506
1116.0000 159 87 0.5472
1122.0000 159 88 0.5535
1122.0000 159 89 0.5597
1123.0000 160 89 0.5563
1129.0000 161 89 0.5528
1136.0000 162 89 0.5494
1143.0000 163 89 0.5460
1143.0000 163 90 0.5521
1145.0000 163 91 0.5583
1152.0000 164 91 0.5549
1153.0000 164 92 0.5610
1161.0000 165 92 0.5576
1168.0000 165 93 0.5636
1169.0000 165 94 0.5697
1170.0000 166 94 0.5663
1172.0000 166 95 0.5723
1174.0000 166 96 0.5783
1177.0000 167 96 0.5749
1180.0000 167 97 0.5808
1181.0000 167 98 0.5868
1182.0000 168 98 0.5833
1182.0000 168 99 0.5893
1189.0000 169 99 0.5858
1195.0000 170 99 0.5824
1200.0000 171 99 0.5789
1206.0000 172 99 0.5756
1211.0000 172 100 0.5814
1215.0000 173 100 0.5780
1223.0000 174 100 0.5747
1228.0000 175 100 0.5714
1232.0000 175 101 0.5771
1233.0000 176 101 0.5739
1237.0000 176 102 0.5795
1237.0000 176 103 0.5852
1242.0000 177 103 0.5819
1247.0000 178 103 0.5787
1253.0000 179 103 0.5754
1259.0000 179 104 0.5810
1262.0000 180 104 0.5778
1263.0000 180 105 0.5833
1267.0000 181 105 0.5801
1269.0000 181 106 0.5856
1273.0000 182 106 0.5824
1281.0000 183 106 0.5792
1282.0000 183 107 0.5847
1288.0000 184 107 0.5815
1290.0000 184 108 0.5870
1294.0000 185 108 0.5838
1300.0000 186 108 0.5806
1307.0000 187 108 0.5775
1309.0000 187 109 0.5829
1310.0000 187 110 0.5882
1313.0000 188 110 0.5851
1319.0000 189 110 0.5820
1327.0000 190 110 0.5789
1329.0000 190 111 0.5842
1331.0000 190 112 0.5895
1332.0000 190 113 0.5947
1336.0000 191 113 0.5916
1344.0000 192 113 0.5885
1345.0000 192 114 0.5938
1347.0000 192 115 0.5990
1349.0000 193 115 0.5959
1349.0000 193 116 0.6010
1358.0000 194 116 0.5979
1363.0000 194 117 0.6031
1363.0000 194 118 0.6082
1366.0000 195 118 0.6051
1369.0000 195 119 0.6103
1372.0000 196 119 0.6071
1377.0000 197 119 0.6041
1383.0000 198 119 0.6010
1389.0000 199 119 0.5980
1393.0000 199 120 0.6030
1393.0000 199 121 0.6080
1394.0000 200 121 0.6050
1398.0000 200 122 0.6100
1398.0000 200 123 0.6150
1403.0000 201 123 0.6119
1407.0000 201 124 0.6169
1407.0000 201 125 0.6219
1411.0000 202 125 0.6188
1411.0000 202 126 0.6238
1420.0000 203 126 0.6207
1421.0000 203 127 0.6256
1428.0000 204 127 0.6225
1432.0000 204 128 0.6275
1436.0000 204 129 0.6324
1436.0000 204 130 0.6373
1437.0000 205 130 0.6341
1440.0000 205 131 0.6390
1446.0000 206 131 0.6359
1455.0000 207 131 0.6329
1459.0000 207 132 0.6377
1464.0000 208 132 0.6346
1469.0000 209 132 0.6316
1469.0000 209 133 0.6364
1476.0000 210 133 0.6333
1485.0000 211 133 0.6303
1489.0000 211 134 0.6351
1492.0000 212 134 0.6321
1492.0000 212 135 0.6368
1499.0000 213 135 0.6338
1506.0000 214 135 0.6308
1512.0000 214 136 0.6355
1514.0000 214 137 0.6402
1515.0000 215 137 0.6372
1522.0000 216 137 0.6343
1531.0000 217 137 0.6313
1537.0000 218 137 0.6284
1545.0000 219 137 0.6256
1553.0000 220 137 0.6227
1557.0000 220 138 0.6273
1560.0000 221 138 0.6244
1567.0000 221 139 0.6290
1568.0000 222 139 0.6261
1575.0000 223 139 0.6233
1580.0000 224 139 0.6205
1586.0000 225 139 0.6178
1593.0000 226 139 0.6150
1599.0000 227 139 0.6123
1602.0000 227 140 0.6167
1606.0000 228 140 0.6140
1614.0000 229 140 0.6114
1622.0000 230 140 0.6087
1628.0000 231 140 0.6061
1628.0000 231 141 0.6104
1632.0000 231 142 0.6147
1634.0000 232 142 0.6121
1638.0000 232 143 0.6164
1642.0000 233 143 0.6137
1651.0000 234 143 0.6111
1656.0000 235 143 0.6085
1664.0000 236 143 0.6059
1670.0000 237 143 0.6034
1675.0000 238 143 0.6008
1681.0000 239 143 0.5983
1685.0000 239 144 0.6025
1688.0000 240 144 0.6000
1697.0000 241 144 0.5975
1706.0000 242 144 0.5950
1711.0000 243 144 0.5926
1713.0000 243 145 0.5967
1716.0000 244 145 0.5943
1725.0000 245 145 0.5918
1730.0000 246 145 0.5894
1737.0000 247 145 0.5870
1744.0000 248 145 0.5847
1749.0000 249 145 0.5823
1758.0000 250 145 0.5800
1764.0000 251 145 0.5777
1771.0000 252 145 0.5754
1780.0000 253 145 0.5731
1787.0000 254 145 0.5709
1795.0000 255 145 0.5686
1795.0000 255 146 0.5725
1803.0000 256 146 0.5703
1808.0000 256 147 0.5742
1810.0000 257 147 0.5720
1817.0000 258 147 0.5698
1819.0000 258 148 0.5736
1826.0000 259 148 0.5714
1829.0000 259 149 0.5753
1835.0000 260 149 0.5731
1839.0000 260 150 0.5769
1844.0000 261 150 0.5747
1850.0000 262 150 0.5725
1855.0000 262 151 0.5763
1859.0000 263 151 0.5741
1866.0000 264 151 0.5720
1867.0000 264 152 0.5758
1875.0000 265 152 0.5736
1882.0000 266 152 0.5714
1890.0000 267 152 0.5693
1895.0000 267 153 0.5730
1896.0000 268 153 0.5709
1902.0000 269 153 0.5688
1903.0000 269 154 0.5725
1910.0000 270 154 0.5704
1919.0000 271 154 0.5683
1926.0000 272 154 0.5662
1930.0000 272 155 0.5699
1932.0000 273 155 0.5678
1935.0000 273 156 0.5714
1937.0000 273 157 0.5751
1939.0000 274 157 0.5730
1939.0000 274 158 0.5766
1946.0000 275 158 0.5745
1947.0000 275 159 0.5782
1952.0000 276 159 0.5761
1958.0000 277 159 0.5740
1959.0000 277 160 0.5776
1966.0000 278 160 0.5755
1969.0000 278 161 0.5791
1971.0000 279 161 0.5771
1976.0000 280 161 0.5750
1981.0000 280 162 0.5786
1982.0000 280 163 0.5821
1983.0000 280 164 0.5857
1984.0000 281 164 0.5836
1990.0000 282 164 0.5816
1992.0000 282 165 0.5851
1999.0000 283 165 0.5830
2001.0000 283 166 0.5866
2004.0000 284 166 0.5845
2010.0000 285 166 0.5825
2018.0000 286 166 0.5804
2024.0000 287 166 0.5784
2031.0000 288 166 0.5764
2039.0000 289 166 0.5744
2045.0000 290 166 0.5724
2049.0000 290 167 0.5759
2050.0000 290 168 0.5793
2053.0000 291 168 0.5773
2059.0000 292 168 0.5753
2060.0000 292 169 0.5788
2063.0000 292 170 0.5822
2065.0000 292 171 0.5856
2066.0000 293 171 0.5836
2072.0000 293 172 0.5870
2074.0000 294 172 0.5850
2083.0000 295 172 0.5831
2089.0000 296 172 0.5811
2098.0000 297 172 0.5791
2102.0000 297 173 0.5825
2107.0000 298 173 0.5805
2110.0000 298 174 0.5839
2111.0000 298 175 0.5872
2114.0000 299 175 0.5853
2114.0000 299 176 0.5886
2117.0000 299 177 0.5920
2119.0000 300 177 0.5900
2127.0000 301 177 0.5880
2131.0000 301 178 0.5914
2131.0000 301 179 0.5947
2135.0000 302 179 0.5927
2138.0000 302 180 0.5960
2144.0000 303 180 0.5941
2144.0000 303 181 0.5974
2149.0000 304 181 0.5954
2149.0000 304 182 0.5987
2149.0000 304 183 0.6020
2156.0000 305 183 0.6000
2156.0000 305 184 0.6033
2164.0000 306 184 0.6013
2169.0000 306 185 0.6046
2170.0000 307 185 0.6026
2177.0000 308 185 0.6006
2177.0000 308 186 0.6039
2184.0000 309 186 0.6019
2192.0000 310 186 0.6000
2198.0000 311 186 0.5981
2203.0000 312 186 0.5962
2210.0000 313 186 0.5942
2216.0000 313 187 0.5974
2217.0000 314 187 0.5955
2219.0000 314 188 0.5987
2223.0000 315 188 0.5968
2228.0000 316 188 0.5949
2237.0000 317 188 0.5931
2242.0000 317 189 0.5962
2245.0000 318 189 0.5943
2253.0000 319 189 0.5925
2259.0000 320 189 0.5906
2262.0000 320 190 0.5938
2265.0000 321 190 0.5919
2273.0000 322 190 0.5901
2278.0000 323 190 0.5882
2281.0000 323 191 0.5913
2285.0000 324 191 0.5895
2292.0000 325 191 0.5877
2294.0000 325 192 0.5908
2301.0000 326 192 0.5890
2307.0000 327 192 0.5872
2316.0000 328 192 0.5854
2319.0000 328 193 0.5884
2323.0000 329 193 0.5866
2329.0000 330 193 0.5848
2334.0000 331 193 0.5831
2336.0000 331 194 0.5861
2342.0000 332 194 0.5843
2350.0000 333 194 0.5826
2350.0000 333 195 0.5856
2352.0000 333 196 0.5886
2354.0000 333 197 0.5916
2357.0000 334 197 0.5898
2363.0000 335 197 0.5881
2372.0000 336 197 0.5863
2372.0000 336 198 0.5893
2378.0000 337 198 0.5875
2387.0000 338 198 0.5858
2392.0000 339 198 0.5841
2398.0000 339 199 0.5870
2400.0000 339 200 0.5900
2401.0000 340 200 0.5882
2402.0000 340 201 0.5912
2406.0000 340 202 0.5941
2409.0000 341 202 0.5924
2417.0000 342 202 0.5906
2422.0000 343 202 0.5889
2424.0000 343 203 0.5918
2426.0000 343 204 0.5948
2431.0000 344 204 0.5930
2432.0000 344 205 0.5959
2436.0000 344 206 0.5988
2436.0000 344 207 0.6017
2439.0000 345 207 0.6000
2445.0000 346 207 0.5983
2450.0000 346 208 0.6012
2451.0000 347 208 0.5994
2460.0000 348 208 0.5977
2461.0000 348 209 0.6006
2466.0000 348 210 0.6034
2467.0000 349 210 0.6017
2475.0000 350 210 0.6000
2481.0000 351 210 0.5983
2488.0000 352 210 0.5966
2497.0000 353 210 0.5949
2505.0000 354 210 0.5932
2510.0000 355 210 0.5915
2510.0000 355 211 0.5944
2516.0000 356 211 0.5927
2516.0000 356 212 0.5955
2525.0000 357 212 0.5938
2534.0000 358 212 0.5922
2538.0000 358 213 0.5950
2540.0000 359 213 0.5933
2547.0000 360 213 0.5917
2552.0000 361 213 0.5900
2560.0000 362 213 0.5884
2568.0000 363 213 0.5868
2569.0000 363 214 0.5895
2573.0000 364 214 0.5879
2577.0000 364 215 0.5907
2579.0000 365 215 0.5890
2585.0000 366 215 0.5874
2592.0000 367 215 0.5858
2598.0000 368 215 0.5842
2603.0000 369 215 0.5827
2608.0000 370 215 0.5811
2609.0000 370 216 0.5838
2609.0000 370 217 0.5865
2614.0000 371 217 0.5849
2616.0000 371 218 0.5876
2620.0000 372 218 0.5860
2626.0000 373 218 0.5845
2631.0000 374 218 0.5829
2636.0000 374 219 0.5856
2639.0000 375 219 0.5840
2640.0000 375 220 0.5867
2644.0000 376 220 0.5851
2650.0000 376 221 0.5878
2652.0000 377 221 0.5862
2657.0000 378 221 0.5847
2664.0000 378 222 0.5873
2665.0000 379 222 0.5858
2673.0000 380 222 0.5842
2681.0000 381 222 0.5827
2690.0000 382 222 0.5812
2695.0000 382 223 0.5838
2695.0000 382 224 0.5864
2696.0000 382 225 0.5890
2699.0000 383 225 0.5875
2699.0000 383 226 0.5901
2703.0000 383 227 0.5927
2704.0000 383 228 0.5953
2705.0000 383 229 0.5979
2707.0000 383 230 0.6005
2708.0000 384 230 0.5990
2711.0000 384 231 0.6016
2714.0000 385 231 0.6000
2722.0000 386 231 0.5984
2729.0000 387 231 0.5969
2734.0000 388 231 0.5954
2743.0000 389 231 0.5938
2748.0000 390 231 0.5923
2757.0000 391 231 0.5908
2757.0000 391 232 0.5934
2764.0000 392 232 0.5918
2765.0000 392 233 0.5944
2770.0000 393 233 0.5929
2776.0000 393 234 0.5954
2777.0000 394 234 0.5939
2784.0000 394 235 0.5964
2785.0000 395 235 0.5949
2788.0000 395 236 0.5975
2790.0000 396 236 0.5960
2794.0000 396 237 0.5985
2797.0000 397 237 0.5970
2805.0000 398 237 0.5955
2808.0000 398 238 0.5980
2813.0000 399 238 0.5965
2821.0000 400 238 0.5950
2829.0000 401 238 0.5935
2834.0000 402 238 0.5920
2839.0000 402 239 0.5945
2841.0000 402 240 0.5970
2842.0000 403 240 0.5955
2847.0000 404 240 0.5941
2852.0000 405 240 0.5926
2855.0000 405 241 0.5951
2857.0000 406 241 0.5936
2863.0000 407 241 0.5921
2865.0000 407 242 0.5946
2869.0000 407 243 0.5971
2872.0000 408 243 0.5956
2879.0000 408 244 0.5980
2881.0000 409 244 0.5966
2887.0000 410 244 0.5951
2887.0000 410 245 0.5976
2896.0000 411 245 0.5961
2899.0000 411 246 0.5985
2899.0000 411 247 0.6010
2901.0000 411 248 0.6034
2904.0000 412 248 0.6019
2911.0000 413 248 0.6005
2916.0000 414 248 0.5990
2922.0000 415 248 0.5976
2927.0000 416 248 0.5962
2936.0000 417 248 0.5947
2942.0000 418 248 0.5933
2945.0000 418 249 0.5957
2951.0000 419 249 0.5943
2955.0000 419 250 0.5967
2956.0000 420 250 0.5952
2961.0000 421 250 0.5938
2965.0000 421 251 0.5962
2969.0000 421 252 0.5986
2970.0000 422 252 0.5972
2975.0000 423 252 0.5957
2984.0000 424 252 0.5943
2991.0000 425 252 0.5929
3000.0000 426 252 0.5915
3008.0000 427 252 0.5902
3008.0000 427 253 0.5925
3011.0000 427 254 0.5948
3017.0000 428 254 0.5935
3023.0000 428 255 0.5958
3024.0000 428 256 0.5981
3025.0000 429 256 0.5967
3028.0000 429 257 0.5991
3034.0000 430 257 0.5977
3040.0000 431 257 0.5963
3040.0000 431 258 0.5986
3046.0000 432 258 0.5972
3051.0000 433 258 0.5958
3060.0000 434 258 0.5945
3067.0000 435 258 0.5931
3073.0000 436 258 0.5917
3080.0000 437 258 0.5904
3081.0000 437 259 0.5927
3084.0000 437 260 0.5950
3085.0000 438 260 0.5936
3090.0000 438 261 0.5959
3091.0000 439 261 0.5945
3092.0000 439 262 0.5968
3097.0000 440 262 0.5955
3098.0000 440 263 0.5977
3106.0000 441 263 0.5964
3114.0000 442 263 0.5950
3123.0000 443 263 0.5937
3129.0000 443 264 0.5959
3131.0000 444 264 0.5946
3138.0000 445 264 0.5933
3141.0000 445 265 0.5955
3144.0000 446 265 0.5942
3151.0000 447 265 0.5928
3152.0000 447 266 0.5951
3159.0000 448 266 0.5938
3166.0000 449 266 0.5924
3170.0000 449 267 0.5947
3175.0000 450 267 0.5933
3175.0000 450 268 0.5956
3184.0000 451 268 0.5942
3189.0000 452 268 0.5929
3190.0000 452 269 0.5951
3194.0000 452 270 0.5973
3195.0000 452 271 0.5996
3196.0000 452 272 0.6018
3197.0000 453 272 0.6004
3204.0000 454 272 0.5991
3207.0000 454 273 0.6013
3211.0000 455 273 0.6000
3214.0000 455 274 0.6022
3216.0000 455 275 0.6044
3218.0000 456 275 0.6031
3220.0000 456 276 0.6053
3221.0000 456 277 0.6075
3227.0000 457 277 0.6061
3236.0000 458 277 0.6048
3242.0000 459 277 0.6035
3251.0000 460 277 0.6022
3258.0000 461 277 0.6009
3266.0000 462 277 0.5996
3272.0000 462 278 0.6017
3274.0000 463 278 0.6004
3282.0000 464 278 0.5991
3285.0000 464 279 0.6013
3291.0000 465 279 0.6000
3298.0000 466 279 0.5987
3301.0000 466 280 0.6009
3303.0000 467 280 0.5996
3309.0000 468 280 0.5983
3318.0000 469 280 0.5970
3324.0000 470 280 0.5957
3330.0000 471 280 0.5945
3337.0000 471 281 0.5966
3338.0000 472 281 0.5953
3342.0000 472 282 0.5975
3342.0000 472 283 0.5996
3342.0000 472 284 0.6017
3342.0000 472 285 0.6038
3344.0000 473 285 0.6025
3351.0000 474 285 0.6013
3351.0000 474 286 0.6034
3356.0000 475 286 0.6021
3362.0000 476 286 0.6008
3371.0000 477 286 0.5996
3380.0000 478 286 0.5983
3388.0000 479 286 0.5971
3395.0000 480 286 0.5958
3403.0000 481 286 0.5946
3409.0000 482 286 0.5934
3414.0000 482 287 0.5954
3417.0000 483 287 0.5942
3417.0000 483 288 0.5963
3424.0000 484 288 0.5950
3430.0000 485 288 0.5938
3431.0000 485 289 0.5959
3439.0000 486 289 0.5947
3446.0000 487 289 0.5934
3453.0000 488 289 0.5922
3460.0000 489 289 0.5910
3467.0000 490 289 0.5898
3470.0000 490 290 0.5918
3472.0000 491 290 0.5906
3477.0000 492 290 0.5894
3478.0000 492 291 0.5915
3484.0000 493 291 0.5903
3492.0000 494 291 0.5891
3500.0000 495 291 0.5879
3505.0000 495 292 0.5899
3506.0000 496 292 0.5887
3512.0000 497 292 0.5875
3519.0000 498 292 0.5863
3525.0000 499 292 0.5852
3531.0000 500 292 0.5840
3537.0000 501 292 0.5828
3546.0000 502 292 0.5817
3553.0000 502 293 0.5837
3555.0000 503 293 0.5825
3555.0000 503 294 0.5845
3556.0000 503 295 0.5865
3559.0000 503 296 0.5885
3561.0000 504 296 0.5873
3570.0000 505 296 0.5861
3577.0000 505 297 0.5881
3578.0000 506 297 0.5870
3586.0000 507 297 0.5858
3586.0000 507 298 0.5878
3593.0000 508 298 0.5866
3599.0000 509 298 0.5855
3599.0000 509 299 0.5874
3608.0000 510 299 0.5863
3613.0000 511 299 0.5851
3620.0000 512 299 0.5840
3621.0000 512 300 0.5859
3623.0000 512 301 0.5879
3625.0000 513 301 0.5867
3630.0000 514 301 0.5856
3635.0000 515 301 0.5845
3643.0000 516 301 0.5833
3647.0000 516 302 0.5853
3648.0000 516 303 0.5872
3652.0000 517 303 0.5861
3658.0000 517 304 0.5880
3658.0000 517 305 0.5899
3660.0000 518 305 0.5888
3666.0000 519 305 0.5877
3669.0000 519 306 0.5896
3671.0000 520 306 0.5885
3679.0000 521 306 0.5873
3684.0000 522 306 0.5862
3684.0000 522 307 0.5881
3691.0000 523 307 0.5870
3697.0000 524 307 0.5859
3702.0000 525 307 0.5848
3708.0000 526 307 0.5837
3713.0000 526 308 0.5856
3716.0000 526 309 0.5875
3717.0000 527 309 0.5863
3725.0000 528 309 0.5852
3730.0000 529 309 0.5841
3739.0000 530 309 0.5830
3742.0000 530 310 0.5849
3747.0000 531 310 0.5838
3756.0000 532 310 0.5827
3764.0000 533 310 0.5816
3772.0000 534 310 0.5805
3780.0000 535 310 0.5794
3787.0000 536 310 0.5784
3796.0000 537 310 0.5773
3803.0000 537 311 0.5791
3805.0000 538 311 0.5781
3812.0000 539 311 0.5770
3817.0000 540 311 0.5759
3826.0000 541 311 0.5749
3833.0000 542 311 0.5738
3838.0000 543 311 0.5727
3841.0000 543 312 0.5746
3843.0000 543 313 0.5764
3845.0000 544 313 0.5754
3852.0000 545 313 0.5743
3855.0000 545 314 0.5761
3858.0000 546 314 0.5751
3863.0000 547 314 0.5740
3872.0000 548 314 0.5730
3877.0000 548 315 0.5748
3880.0000 549 315 0.5738
3884.0000 549 316 0.5756
3888.0000 550 316 0.5745
3892.0000 550 317 0.5764
3897.0000 551 317 0.5753
3902.0000 551 318 0.5771
3903.0000 552 318 0.5761
3909.0000 553 318 0.5750
3915.0000 554 318 0.5740
3921.0000 554 319 0.5758
3922.0000 555 319 0.5748
3927.0000 556 319 0.5737
3931.0000 556 320 0.5755
3934.0000 557 320 0.5745
3942.0000 558 320 0.5735
3945.0000 558 321 0.5753
3945.0000 558 322 0.5771
3946.0000 558 323 0.5789
3947.0000 559 323 0.5778
3954.0000 560 323 0.5768
3963.0000 561 323 0.5758
3970.0000 562 323 0.5747
3978.0000 563 323 0.5737
3985.0000 564 323 0.5727
3986.0000 564 324 0.5745
3990.0000 565 324 0.5735
3997.0000 566 324 0.5724
4002.0000 567 324 0.5714
4011.0000 568 324 0.5704
4017.0000 569 324 0.5694
4017.0000 569 325 0.5712
4023.0000 570 325 0.5702
4030.0000 571 325 0.5692
4038.0000 572 325 0.5682
4039.0000 572 326 0.5699
4046.0000 573 326 0.5689
4048.0000 573 327 0.5707
4052.0000 574 327 0.5697
4061.0000 575 327 0.5687
4067.0000 576 327 0.5677
4076.0000 577 327 0.5667
4076.0000 577 328 0.5685
4083.0000 578 328 0.5675
4086.0000 578 329 0.5692
4089.0000 578 330 0.5709
4091.0000 579 330 0.5699
4092.0000 579 331 0.5717
4092.0000 579 332 0.5734
4096.0000 580 332 0.5724
4105.0000 581 332 0.5714
4113.0000 582 332 0.5704
4121.0000 582 333 0.5722
4122.0000 583 333 0.5712
4127.0000 584 333 0.5702
4135.0000 585 333 0.5692
4143.0000 586 333 0.5683
4152.0000 587 333 0.5673
4153.0000 587 334 0.5690
4154.0000 587 335 0.5707
4155.0000 587 336 0.5724
4157.0000 588 336 0.5714
4166.0000 589 336 0.5705
4168.0000 589 337 0.5722
4170.0000 589 338 0.5739
4174.0000 590 338 0.5729
4175.0000 590 339 0.5746
4181.0000 591 339 0.5736
4181.0000 591 340 0.5753
4185.0000 591 341 0.5770
4186.0000 592 341 0.5760
4192.0000 593 341 0.5750
4201.0000 594 341 0.5741
4203.0000 594 342 0.5758
4208.0000 595 342 0.5748
4216.0000 596 342 0.5738
4223.0000 597 342 0.5729
4227.0000 597 343 0.5745
4227.0000 597 344 0.5762
4229.0000 598 344 0.5753
4235.0000 599 344 0.5743
4241.0000 600 344 0.5733
4250.0000 601 344 0.5724
4253.0000 601 345 0.5740
4255.0000 602 345 0.5731
4264.0000 603 345 0.5721
4272.0000 604 345 0.5712
4272.0000 604 346 0.5728
4277.0000 605 346 0.5719
4284.0000 605 347 0.5736
4286.0000 606 347 0.5726
4288.0000 606 348 0.5743
4289.0000 606 349 0.5759
4290.0000 606 350 0.5776
4291.0000 607 350 0.5766
4296.0000 608 350 0.5757
4302.0000 609 350 0.5747
4309.0000 610 350 0.5738
4315.0000 611 350 0.5728
4318.0000 611 351 0.5745
4320.0000 612 351 0.5735
4320.0000 612 352 0.5752
4329.0000 613 352 0.5742
4335.0000 614 352 0.5733
4338.0000 614 353 0.5749
4343.0000 615 353 0.5740
4351.0000 616 353 0.5731
4356.0000 617 353 0.5721
4361.0000 618 353 0.5712
4366.0000 618 354 0.5728
4368.0000 619 354 0.5719
4375.0000 620 354 0.5710
4376.0000 620 355 0.5726
4376.0000 620 356 0.5742
4378.0000 620 357 0.5758
4381.0000 621 357 0.5749
4390.0000 622 357 0.5740
4396.0000 623 357 0.5730
4404.0000 624 357 0.5721
4407.0000 624 358 0.5737
4413.0000 625 358 0.5728
4421.0000 626 358 0.5719
4426.0000 627 358 0.5710
4431.0000 628 358 0.5701
4436.0000 628 359 0.5717
4437.0000 629 359 0.5707
4441.0000 629 360 0.5723
4442.0000 629 361 0.5739
4443.0000 629 362 0.5755
4446.0000 630 362 0.5746
4452.0000 631 362 0.5737
4458.0000 632 362 0.5728
4465.0000 633 362 0.5719
4471.0000 634 362 0.5710
4476.0000 635 362 0.5701
4482.0000 636 362 0.5692
4486.0000 636 363 0.5708
4487.0000 637 363 0.5699
4494.0000 638 363 0.5690
4503.0000 639 363 0.5681
4511.0000 640 363 0.5672
4517.0000 641 363 0.5663
4521.0000 641 364 0.5679
4525.0000 642 364 0.5670
4530.0000 643 364 0.5661
4536.0000 644 364 0.5652
4545.0000 645 364 0.5643
4553.0000 646 364 0.5635
4558.0000 647 364 0.5626
4567.0000 648 364 0.5617
4574.0000 649 364 0.5609
4582.0000 650 364 0.5600
4582.0000 650 365 0.5615
4588.0000 651 365 0.5607
4594.0000 652 365 0.5598
4599.0000 653 365 0.5590
4607.0000 654 365 0.5581
4612.0000 655 365 0.5573
4621.0000 656 365 0.5564
4627.0000 657 365 0.5556
4634.0000 658 365 0.5547
4636.0000 658 366 0.5562
4642.0000 659 366 0.5554
4651.0000 660 366 0.5545
4654.0000 660 367 0.5561
4657.0000 661 367 0.5552
4663.0000 662 367 0.5544
4663.0000 662 368 0.5559
4668.0000 662 369 0.5574
4669.0000 663 369 0.5566
4678.0000 664 369 0.5557
4684.0000 665 369 0.5549
4686.0000 665 370 0.5564
4691.0000 666 370 0.5556
4691.0000 666 371 0.5571
4697.0000 667 371 0.5562
4706.0000 668 371 0.5554
4710.0000 668 372 0.5569
4712.0000 669 372 0.5561
4720.0000 670 372 0.5552
4727.0000 670 373 0.5567
4728.0000 671 373 0.5559
4733.0000 671 374 0.5574
4737.0000 672 374 0.5565
4744.0000 673 374 0.5557
4752.0000 674 374 0.5549
4757.0000 675 374 0.5541
4762.0000 675 375 0.5556
4763.0000 675 376 0.5570
4766.0000 676 376 0.5562
4767.0000 676 377 0.5577
4772.0000 677 377 0.5569
4781.0000 678 377 0.5560
4786.0000 679 377 0.5552
4792.0000 680 377 0.5544
4797.0000 680 378 0.5559
4799.0000 681 378 0.5551
4804.0000 682 378 0.5543
4809.0000 683 378 0.5534
4815.0000 684 378 0.5526
4822.0000 685 378 0.5518
4831.0000 686 378 0.5510
4839.0000 687 378 0.5502
4842.0000 687 379 0.5517
4843.0000 687 380 0.5531
4845.0000 688 380 0.5523
4854.0000 689 380 0.5515
4858.0000 689 381 0.5530
4862.0000 690 381 0.5522
4867.0000 691 381 0.5514
4871.0000 691 382 0.5528
4872.0000 691 383 0.5543
4874.0000 692 383 0.5535
4878.0000 692 384 0.5549
4881.0000 693 384 0.5541
4890.0000 694 384 0.5533
4896.0000 695 384 0.5525
4902.0000 696 384 0.5517
4902.0000 696 385 0.5532
4908.0000 697 385 0.5524
4917.0000 698 385 0.5516
4917.0000 698 386 0.5530
4923.0000 699 386 0.5522
4925.0000 699 387 0.5536
4928.0000 700 387 0.5529
4937.0000 701 387 0.5521
4941.0000 701 388 0.5535
4945.0000 702 388 0.5527
4950.0000 703 388 0.5519
4959.0000 704 388 0.5511
4964.0000 705 388 0.5504
4970.0000 706 388 0.5496
4978.0000 707 388 0.5488
4983.0000 708 388 0.5480
4988.0000 709 388 0.5472
4994.0000 709 389 0.5487
4996.0000 709 390 0.5501
4997.0000 710 390 0.5493
5004.0000 711 390 0.5485
5008.0000 711 391 0.5499
5013.0000 712 391 0.5492
5013.0000 712 392 0.5506
5013.0000 712 393 0.5520
5019.0000 713 393 0.5512
5023.0000 713 394 0.5526
5028.0000 714 394 0.5518
5030.0000 714 395 0.5532
5036.0000 715 395 0.5524
5044.0000 716 395 0.5517
5053.0000 717 395 0.5509
5054.0000 717 396 0.5523
5056.0000 717 397 0.5537
5057.0000 717 398 0.5551
5058.0000 718 398 0.5543
5061.0000 718 399 0.5557
5063.0000 718 400 0.5571
5065.0000 718 401 0.5585
5067.0000 719 401 0.5577
5073.0000 720 401 0.5569
5081.0000 721 401 0.5562
5086.0000 722 401 0.5554
5087.0000 722 402 0.5568
5091.0000 722 403 0.5582
5093.0000 723 403 0.5574
5099.0000 724 403 0.5566
5108.0000 725 403 0.5559
5116.0000 726 403 0.5551
5124.0000 727 403 0.5543
5133.0000 728 403 0.5536
5135.0000 728 404 0.5549
5141.0000 728 405 0.5563
5141.0000 728 406 0.5577
5142.0000 729 406 0.5569
5142.0000 729 407 0.5583
5144.0000 729 408 0.5597
5147.0000 730 408 0.5589
5148.0000 730 409 0.5603
5155.0000 731 409 0.5595
5157.0000 731 410 0.5609
5158.0000 731 411 0.5622
5161.0000 732 411 0.5615
5166.0000 733 411 0.5607
5175.0000 734 411 0.5599
5175.0000 734 412 0.5613
5180.0000 735 412 0.5605
5185.0000 735 413 0.5619
5186.0000 736 413 0.5611
5191.0000 736 414 0.5625
5195.0000 737 414 0.5617
5202.0000 738 414 0.5610
5205.0000 738 415 0.5623
5207.0000 738 416 0.5637
5209.0000 739 416 0.5629
5217.0000 739 417 0.5643
5218.0000 740 417 0.5635
5224.0000 741 417 0.5628
5229.0000 741 418 0.5641
5232.0000 742 418 0.5633
5236.0000 742 419 0.5647
5236.0000 742 420 0.5660
5239.0000 743 420 0.5653
5241.0000 743 421 0.5666
5244.0000 744 421 0.5659
5245.0000 744 422 0.5672
5248.0000 744 423 0.5685
5250.0000 745 423 0.5678
5251.0000 745 424 0.5691
5256.0000 746 424 0.5684
5264.0000 747 424 0.5676
5273.0000 748 424 0.5668
5275.0000 748 425 0.5682
5282.0000 749 425 0.5674
5282.0000 749 426 0.5688
5290.0000 750 426 0.5680
5291.0000 750 427 0.5693
5292.0000 750 428 0.5707
5294.0000 750 429 0.5720
5298.0000 751 429 0.5712
5305.0000 752 429 0.5705
5305.0000 752 430 0.5718
5312.0000 753 430 0.5710
5320.0000 754 430 0.5703
5322.0000 754 431 0.5716
5328.0000 755 431 0.5709
5335.0000 756 431 0.5701
5344.0000 757 431 0.5694
5352.0000 758 431 0.5686
5357.0000 758 432 0.5699
5359.0000 759 432 0.5692
5366.0000 760 432 0.5684
5372.0000 761 432 0.5677
5376.0000 761 433 0.5690
5379.0000 762 433 0.5682
5384.0000 763 433 0.5675
5389.0000 764 433 0.5668
5395.0000 765 433 0.5660
5402.0000 766 433 0.5653
5411.0000 767 433 0.5645
5417.0000 768 433 0.5638
5422.0000 768 434 0.5651
5423.0000 769 434 0.5644
5429.0000 770 434 0.5636
5438.0000 771 434 0.5629
5444.0000 772 434 0.5622
5447.0000 772 435 0.5635
5448.0000 772 436 0.5648
5452.0000 773 436 0.5640
5457.0000 774 436 0.5633
5466.0000 775 436 0.5626
5472.0000 776 436 0.5619
5476.0000 776 437 0.5631
5480.0000 777 437 0.5624
5483.0000 777 438 0.5637
5489.0000 778 438 0.5630
5497.0000 779 438 0.5623
5498.0000 779 439 0.5635
5504.0000 780 439 0.5628
5511.0000 781 439 0.5621
5518.0000 782 439 0.5614
5523.0000 783 439 0.5607
5525.0000 783 440 0.5619
5530.0000 784 440 0.5612
5536.0000 784 441 0.5625
5537.0000 785 441 0.5618
5546.0000 786 441 0.5611
5550.0000 786 442 0.5623
5555.0000 787 442 0.5616
5564.0000 788 442 0.5609
5571.0000 788 443 0.5622
5573.0000 789 443 0.5615
5581.0000 790 443 0.5608
5590.0000 791 443 0.5601
5595.0000 792 443 0.5593
5599.0000 792 444 0.5606
5603.0000 793 444 0.5599
5604.0000 793 445 0.5612
5609.0000 793 446 0.5624
5610.0000 794 446 0.5617
5617.0000 794 447 0.5630
5618.0000 795 447 0.5623
5624.0000 796 447 0.5616
5631.0000 796 448 0.5628
5633.0000 797 448 0.5621
5638.0000 798 448 0.5614
5646.0000 799 448 0.5607
5654.0000 800 448 0.5600
5663.0000 801 448 0.5593
5663.0000 801 449 0.5605
5668.0000 802 449 0.5599
5677.0000 803 449 0.5592
5685.0000 804 449 0.5585
5692.0000 804 450 0.5597
5694.0000 805 450 0.5590
5696.0000 805 451 0.5602
5700.0000 806 451 0.5596
5702.0000 806 452 0.5608
5706.0000 807 452 0.5601
5708.0000 807 453 0.5613
5715.0000 808 453 0.5606
5719.0000 808 454 0.5619
5720.0000 809 454 0.5612
5723.0000 809 455 0.5624
5728.0000 810 455 0.5617
5735.0000 811 455 0.5610
5742.0000 812 455 0.5603
5748.0000 813 455 0.5597
5754.0000 814 455 0.5590
5756.0000 814 456 0.5602
5759.0000 815 456 0.5595
5766.0000 816 456 0.5588
5769.0000 816 457 0.5600
5772.0000 817 457 0.5594
5780.0000 818 457 0.5587
5787.0000 819 457 0.5580
5792.0000 820 457 0.5573
5799.0000 821 457 0.5566
5808.0000 822 457 0.5560
5816.0000 823 457 0.5553
5825.0000 824 457 0.5546
5825.0000 824 458 0.5558
5827.0000 824 459 0.5570
5833.0000 825 459 0.5564
5839.0000 826 459 0.5557
5844.0000 827 459 0.5550
5852.0000 828 459 0.5543
5855.0000 828 460 0.5556
5857.0000 828 461 0.5568
5860.0000 829 461 0.5561
5867.0000 830 461 0.5554
5873.0000 830 462 0.5566
5874.0000 830 463 0.5578
5875.0000 830 464 0.5590
5875.0000 830 465 0.5602
5876.0000 831 465 0.5596
5876.0000 831 466 0.5608
5884.0000 832 466 0.5601
5892.0000 833 466 0.5594
5901.0000 834 466 0.5588
5910.0000 835 466 0.5581
5919.0000 836 466 0.5574
5924.0000 837 466 0.5568
5932.0000 838 466 0.5561
5939.0000 839 466 0.5554
5944.0000 839 467 0.5566
5946.0000 840 467 0.5560
5951.0000 841 467 0.5553
5957.0000 841 468 0.5565
5959.0000 842 468 0.5558
5961.0000 842 469 0.5570
5968.0000 843 469 0.5563
5974.0000 844 469 0.5557
5982.0000 845 469 0.5550
5989.0000 846 469 0.5544
5995.0000 847 469 0.5537
5996.0000 847 470 0.5549
6000.0000 848 470 0.5542
6008.0000 849 470 0.5536
6015.0000 850 470 0.5529
6023.0000 851 470 0.5523
6030.0000 852 470 0.5516
6035.0000 853 470 0.5510
6038.0000 853 471 0.5522
6041.0000 854 471 0.5515
6047.0000 855 471 0.5509
6049.0000 855 472 0.5520
6050.0000 855 473 0.5532
6054.0000 856 473 0.5526
6061.0000 857 473 0.5519
6065.0000 857 474 0.5531
6068.0000 858 474 0.5524
6072.0000 858 475 0.5536
6077.0000 859 475 0.5530
6082.0000 859 476 0.5541
6085.0000 860 476 0.5535
6088.0000 860 477 0.5547
6094.0000 861 477 0.5540
6103.0000 862 477 0.5534
6110.0000 863 477 0.5527
6116.0000 864 477 0.5521
6121.0000 864 478 0.5532
6121.0000 864 479 0.5544
6123.0000 865 479 0.5538
6129.0000 866 479 0.5531
6137.0000 867 479 0.5525
6140.0000 867 480 0.5536
6146.0000 868 480 0.5530
6152.0000 868 481 0.5541
6155.0000 869 481 0.5535
6155.0000 869 482 0.5547
6161.0000 870 482 0.5540
6169.0000 871 482 0.5534
6175.0000 872 482 0.5528
6175.0000 872 483 0.5539
6183.0000 873 483 0.5533
6190.0000 874 483 0.5526
6199.0000 875 483 0.5520
6205.0000 876 483 0.5514
6211.0000 877 483 0.5507
6216.0000 878 483 0.5501
6221.0000 879 483 0.5495
6228.0000 880 483 0.5489
6232.0000 880 484 0.5500
6233.0000 881 484 0.5494
6237.0000 881 485 0.5505
6242.0000 882 485 0.5499
6250.0000 882 486 0.5510
6251.0000 883 486 0.5504
6257.0000 884 486 0.5498
6257.0000 884 487 0.5509
6258.0000 884 488 0.5520
6262.0000 885 488 0.5514
6269.0000 886 488 0.5508
6276.0000 887 488 0.5502
6284.0000 888 488 0.5495
6289.0000 889 488 0.5489
6297.0000 890 488 0.5483
6306.0000 891 488 0.5477
6314.0000 892 488 0.5471
6314.0000 892 489 0.5482
6319.0000 892 490 0.5493
6319.0000 892 491 0.5504
6323.0000 893 491 0.5498
6328.0000 894 491 0.5492
6334.0000 895 491 0.5486
6335.0000 895 492 0.5497
6340.0000 896 492 0.5491
6349.0000 897 492 0.5485
6358.0000 898 492 0.5479
6366.0000 899 492 0.5473
6373.0000 900 492 0.5467
6378.0000 901 492 0.5461
6386.0000 902 492 0.5455
6389.0000 902 493 0.5466
6391.0000 902 494 0.5477
6393.0000 902 495 0.5488
6395.0000 903 495 0.5482
6400.0000 904 495 0.5476
6401.0000 904 496 0.5487
6405.0000 905 496 0.5481
6412.0000 906 496 0.5475
6418.0000 907 496 0.5469
6426.0000 908 496 0.5463
6433.0000 909 496 0.5457
6440.0000 910 496 0.5451
6448.0000 911 496 0.5445
6448.0000 911 497 0.5456
6456.0000 912 497 0.5450
6461.0000 913 497 0.5444
6461.0000 913 498 0.5455
6463.0000 913 499 0.5465
6467.0000 914 499 0.5460
6473.0000 914 500 0.5470
6476.0000 915 500 0.5464
6483.0000 916 500 0.5459
6483.0000 916 501 0.5469
6489.0000 917 501 0.5463
6490.0000 917 502 0.5474
6495.0000 917 503 0.5485
6495.0000 917 504 0.5496
6498.0000 918 504 0.5490
6501.0000 918 505 0.5501
6504.0000 918 506 0.5512
6506.0000 919 506 0.5506
6511.0000 920 506 0.5500
6520.0000 921 506 0.5494
6526.0000 922 506 0.5488
6533.0000 923 506 0.5482
6538.0000 924 506 0.5476
6545.0000 925 506 0.5470
6554.0000 926 506 0.5464
6559.0000 926 507 0.5475
6561.0000 927 507 0.5469
6565.0000 927 508 0.5480
6569.0000 928 508 0.5474
6569.0000 928 509 0.5485
6577.0000 929 509 0.5479
6583.0000 930 509 0.5473
6591.0000 931 509 0.5467
6598.0000 931 510 0.5478
6600.0000 932 510 0.5472
6605.0000 933 510 0.5466
6613.0000 934 510 0.5460
6618.0000 934 511 0.5471
6621.0000 935 511 0.5465
6627.0000 936 511 0.5459
6633.0000 937 511 0.5454
6638.0000 938 511 0.5448
6639.0000 938 512 0.5458
6642.0000 938 513 0.5469
6643.0000 939 513 0.5463
6646.0000 939 514 0.5474
6648.0000 940 514 0.5468
6648.0000 940 515 0.5479
6657.0000 941 515 0.5473
6662.0000 942 515 0.5467
6669.0000 943 515 0.5461
6669.0000 943 516 0.5472
6672.0000 943 517 0.5483
6676.0000 944 517 0.5477
6685.0000 945 517 0.5471
6691.0000 945 518 0.5481
6692.0000 946 518 0.5476
6693.0000 946 519 0.5486
6699.0000 947 519 0.5480
6702.0000 947 520 0.5491
6706.0000 948 520 0.5485
6711.0000 949 520 0.5479
6714.0000 949 521 0.5490
6717.0000 950 521 0.5484
6722.0000 951 521 0.5478
6730.0000 952 521 0.5473
6739.0000 953 521 0.5467
6745.0000 954 521 0.5461
6753.0000 955 521 0.5455
6757.0000 955 522 0.5466
6762.0000 956 522 0.5460
6771.0000 957 522 0.5455
6775.0000 957 523 0.5465
6775.0000 957 524 0.5475
6780.0000 958 524 0.5470
6786.0000 959 524 0.5464
6793.0000 959 525 0.5474
6795.0000 960 525 0.5469
6801.0000 960 526 0.5479
6804.0000 961 526 0.5473
6809.0000 962 526 0.5468
6816.0000 963 526 0.5462
6820.0000 963 527 0.5472
6823.0000 964 527 0.5467
6827.0000 964 528 0.5477
6828.0000 964 529 0.5488
6830.0000 965 529 0.5482
6838.0000 966 529 0.5476
6841.0000 966 530 0.5487
6842.0000 966 531 0.5497
6844.0000 967 531 0.5491
6847.0000 967 532 0.5502
6850.0000 968 532 0.5496
6858.0000 969 532 0.5490
6864.0000 970 532 0.5485
6866.0000 970 533 0.5495
6871.0000 971 533 0.5489
6878.0000 972 533 0.5484
6884.0000 972 534 0.5494
6885.0000 973 534 0.5488
6890.0000 974 534 0.5483
6896.0000 975 534 0.5477
6901.0000 976 534 0.5471
6909.0000 977 534 0.5466
6912.0000 977 535 0.5476
6918.0000 978 535 0.5470
6927.0000 979 535 0.5465
6933.0000 979 536 0.5475
6934.0000 980 536 0.5469
6939.0000 980 537 0.5480
6941.0000 981 537 0.5474
6948.0000 982 537 0.5468
6957.0000 983 537 0.5463
6964.0000 984 537 0.5457
6971.0000 984 538 0.5467
6972.0000 985 538 0.5462
6973.0000 985 539 0.5472
6977.0000 986 539 0.5467
6982.0000 987 539 0.5461
6983.0000 987 540 0.5471
6988.0000 988 540 0.5466
6996.0000 989 540 0.5460
6999.0000 989 541 0.5470
7005.0000 990 541 0.5465
7011.0000 991 541 0.5459
7020.0000 992 541 0.5454
7025.0000 992 542 0.5464
7027.0000 993 542 0.5458
7029.0000 993 543 0.5468
7033.0000 993 544 0.5478
7034.0000 994 544 0.5473
7034.0000 994 545 0.5483
7042.0000 995 545 0.5477
7048.0000 996 545 0.5472
7055.0000 997 545 0.5466
7055.0000 997 546 0.5476
7064.0000 998 546 0.5471
7071.0000 999 546 0.5465
7076.0000 1000 546 0.5460
7082.0000 1001 546 0.5455
7090.0000 1002 546 0.5449
7090.0000 1002 547 0.5459
7097.0000 1003 547 0.5454
7102.0000 1004 547 0.5448
7109.0000 1005 547 0.5443
7117.0000 1005 548 0.5453
7117.0000 1005 549 0.5463
7118.0000 1006 549 0.5457
7124.0000 1007 549 0.5452
7130.0000 1008 549 0.5446
7139.0000 1009 549 0.5441
7144.0000 1010 549 0.5436
7153.0000 1011 549 0.5430
7160.0000 1012 549 0.5425
7167.0000 1013 549 0.5420
7176.0000 1014 549 0.5414
7183.0000 1015 549 0.5409
7187.0000 1015 550 0.5419
7189.0000 1016 550 0.5413
7198.0000 1017 550 0.5408
7205.0000 1018 550 0.5403
7208.0000 1018 551 0.5413
7211.0000 1019 551 0.5407
7217.0000 1020 551 0.5402
7222.0000 1021 551 0.5397
7229.0000 1022 551 0.5391
7236.0000 1022 552 0.5401
7237.0000 1023 552 0.5396
7244.0000 1024 552 0.5391
7253.0000 1025 552 0.5385
7260.0000 1026 552 0.5380
7268.0000 1027 552 0.5375
7275.0000 1028 552 0.5370
7275.0000 1028 553 0.5379
7284.0000 1029 553 0.5374
7292.0000 1030 553 0.5369
7297.0000 1031 553 0.5364
7305.0000 1032 553 0.5359
7308.0000 1032 554 0.5368
7311.0000 1033 554 0.5363
7318.0000 1034 554 0.5358
7327.0000 1035 554 0.5353
7334.0000 1036 554 0.5347
7341.0000 1037 554 0.5342
7350.0000 1038 554 0.5337
7359.0000 1039 554 0.5332
7365.0000 1040 554 0.5327
7371.0000 1040 555 0.5337
7373.0000 1041 555 0.5331
7378.0000 1042 555 0.5326
7383.0000 1043 555 0.5321
7387.0000 1043 556 0.5331
7391.0000 1043 557 0.5340
7392.0000 1044 557 0.5335
7392.0000 1044 558 0.5345
7392.0000 1044 559 0.5354
7397.0000 1045 559 0.5349
7398.0000 1045 560 0.5359
7398.0000 1045 561 0.5368
7399.0000 1045 562 0.5378
7404.0000 1046 562 0.5373
7411.0000 1047 562 0.5368
7418.0000 1048 562 0.5363
7419.0000 1048 563 0.5372
7424.0000 1049 563 0.5367
7427.0000 1049 564 0.5377
7430.0000 1050 564 0.5371
7436.0000 1051 564 0.5366
7441.0000 1052 564 0.5361
7443.0000 1052 565 0.5371
7448.0000 1053 565 0.5366
7457.0000 1054 565 0.5361
7465.0000 1055 565 0.5355
7474.0000 1056 565 0.5350
7482.0000 1057 565 0.5345
7487.0000 1058 565 0.5340
7493.0000 1059 565 0.5335
7496.0000 1059 566 0.5345
7502.0000 1060 566 0.5340
7502.0000 1060 567 0.5349
7507.0000 1061 567 0.5344
7507.0000 1061 568 0.5353
7512.0000 1061 569 0.5363
7513.0000 1062 569 0.5358
7519.0000 1063 569 0.5353
7525.0000 1064 569 0.5348
7534.0000 1065 569 0.5343
7539.0000 1065 570 0.5352
7542.0000 1066 570 0.5347
7550.0000 1067 570 0.5342
7555.0000 1067 571 0.5351
7556.0000 1068 571 0.5346
7562.0000 1069 571 0.5341
7570.0000 1070 571 0.5336
7576.0000 1071 571 0.5331
7585.0000 1072 571 0.5326
7594.0000 1073 571 0.5322
7595.0000 1073 572 0.5331
7602.0000 1074 572 0.5326
7604.0000 1074 573 0.5335
7604.0000 1074 574 0.5345
7604.0000 1074 575 0.5354
7609.0000 1075 575 0.5349
7613.0000 1075 576 0.5358
7616.0000 1075 577 0.5367
7617.0000 1076 577 0.5362
7618.0000 1076 578 0.5372
7621.0000 1076 579 0.5381
7625.0000 1077 579 0.5376
7628.0000 1077 580 0.5385
7630.0000 1078 580 0.5380
7635.0000 1079 580 0.5375
7643.0000 1079 581 0.5385
7644.0000 1080 581 0.5380
7652.0000 1081 581 0.5375
7657.0000 1082 581 0.5370
7662.0000 1083 581 0.5365
7662.0000 1083 582 0.5374
7667.0000 1084 582 0.5369
7672.0000 1085 582 0.5364
7674.0000 1085 583 0.5373
7675.0000 1085 584 0.5382
7680.0000 1086 584 0.5378
7688.0000 1087 584 0.5373
7690.0000 1087 585 0.5382
7697.0000 1088 585 0.5377
7706.0000 1089 585 0.5372
7713.0000 1090 585 0.5367
7719.0000 1090 586 0.5376
7721.0000 1091 586 0.5371
7723.0000 1091 587 0.5380
7724.0000 1091 588 0.5390
7728.0000 1091 589 0.5399
7729.0000 1092 589 0.5394
7736.0000 1092 590 0.5403
7738.0000 1093 590 0.5398
7743.0000 1094 590 0.5393
7748.0000 1095 590 0.5388
7753.0000 1096 590 0.5383
7756.0000 1096 591 0.5392
7758.0000 1096 592 0.5401
7762.0000 1097 592 0.5397
7762.0000 1097 593 0.5406
7770.0000 1098 593 0.5401
7776.0000 1099 593 0.5396
7785.0000 1100 593 0.5391
7791.0000 1101 593 0.5386
7796.0000 1102 593 0.5381
7804.0000 1103 593 0.5376
7811.0000 1104 593 0.5371
7811.0000 1104 594 0.5380
7815.0000 1104 595 0.5389
7820.0000 1105 595 0.5385
7826.0000 1106 595 0.5380
7826.0000 1106 596 0.5389
7832.0000 1107 596 0.5384
7839.0000 1108 596 0.5379
7845.0000 1109 596 0.5374
7846.0000 1109 597 0.5383
7854.0000 1110 597 0.5378
7863.0000 1111 597 0.5374
7867.0000 1111 598 0.5383
7870.0000 1112 598 0.5378
7877.0000 1113 598 0.5373
7878.0000 1113 599 0.5382
7881.0000 1113 600 0.5391
7884.0000 1114 600 0.5386
7891.0000 1115 600 0.5381
7897.0000 1116 600 0.5376
7901.0000 1116 601 0.5385
7902.0000 1117 601 0.5380
7910.0000 1118 601 0.5376
7910.0000 1118 602 0.5385
7918.0000 1119 602 0.5380
7923.0000 1120 602 0.5375
7928.0000 1121 602 0.5370
7928.0000 1121 603 0.5379
7932.0000 1121 604 0.5388
7934.0000 1122 604 0.5383
7934.0000 1122 605 0.5392
7939.0000 1123 605 0.5387
7944.0000 1124 605 0.5383
7948.0000 1124 606 0.5391
7950.0000 1125 606 0.5387
7958.0000 1126 606 0.5382
7966.0000 1127 606 0.5377
7973.0000 1128 606 0.5372
7980.0000 1129 606 0.5368
7980.0000 1129 607 0.5376
7987.0000 1130 607 0.5372
7994.0000 1130 608 0.5381
7996.0000 1131 608 0.5376
8004.0000 1131 609 0.5385
8005.0000 1132 609 0.5380
8011.0000 1133 609 0.5375
8014.0000 1133 610 0.5384
8018.0000 1134 610 0.5379
8026.0000 1135 610 0.5374
8035.0000 1136 610 0.5370
8040.0000 1137 610 0.5365
8044.0000 1137 611 0.5374
8045.0000 1138 611 0.5369
8052.0000 1139 611 0.5364
8057.0000 1140 611 0.5360
8063.0000 1141 611 0.5355
8069.0000 1142 611 0.5350
8074.0000 1143 611 0.5346
8074.0000 1143 612 0.5354
8079.0000 1144 612 0.5350
8084.0000 1145 612 0.5345
8085.0000 1145 613 0.5354
8092.0000 1146 613 0.5349
8095.0000 1146 614 0.5358
8097.0000 1146 615 0.5366
8101.0000 1147 615 0.5362
8110.0000 1148 615 0.5357
8117.0000 1149 615 0.5352
8120.0000 1149 616 0.5361
8124.0000 1150 616 0.5357
8133.0000 1151 616 0.5352
8136.0000 1151 617 0.5361
8136.0000 1151 618 0.5369
8138.0000 1152 618 0.5365
8144.0000 1153 618 0.5360
8153.0000 1154 618 0.5355
8158.0000 1154 619 0.5364
8162.0000 1155 619 0.5359
8169.0000 1156 619 0.5355
8176.0000 1156 620 0.5363
8178.0000 1157 620 0.5359
8184.0000 1158 620 0.5354
8191.0000 1159 620 0.5349
8199.0000 1160 620 0.5345
8201.0000 1160 621 0.5353
8202.0000 1160 622 0.5362
8204.0000 1161 622 0.5357
8212.0000 1162 622 0.5353
8217.0000 1162 623 0.5361
8218.0000 1163 623 0.5357
8223.0000 1164 623 0.5352
8223.0000 1164 624 0.5361
8224.0000 1164 625 0.5369
8231.0000 1165 625 0.5365
8235.0000 1165 626 0.5373
8235.0000 1165 627 0.5382
8239.0000 1166 627 0.5377
8247.0000 1167 627 0.5373
8256.0000 1168 627 0.5368
8264.0000 1169 627 0.5364
8272.0000 1170 627 0.5359
8276.0000 1170 628 0.5368
8279.0000 1171 628 0.5363
8287.0000 1172 628 0.5358
8293.0000 1173 628 0.5354
8302.0000 1174 628 0.5349
8308.0000 1175 628 0.5345
8317.0000 1176 628 0.5340
8321.0000 1176 629 0.5349
8325.0000 1177 629 0.5344
8326.0000 1177 630 0.5353
8332.0000 1178 630 0.5348
8340.0000 1179 630 0.5344
8344.0000 1179 631 0.5352
8344.0000 1179 632 0.5360
8345.0000 1180 632 0.5356
8346.0000 1180 633 0.5364
8350.0000 1180 634 0.5373
8354.0000 1181 634 0.5368
8358.0000 1181 635 0.5377
8359.0000 1182 635 0.5372
8363.0000 1182 636 0.5381
8366.0000 1183 636 0.5376
8371.0000 1183 637 0.5385
8374.0000 1184 637 0.5380
8375.0000 1184 638 0.5389
8377.0000 1184 639 0.5397
8377.0000 1184 640 0.5405
8377.0000 1184 641 0.5414
8382.0000 1185 641 0.5409
8390.0000 1186 641 0.5405
8397.0000 1187 641 0.5400
8403.0000 1188 641 0.5396
8410.0000 1189 641 0.5391
8411.0000 1189 642 0.5399
8411.0000 1189 643 0.5408
8416.0000 1190 643 0.5403
8418.0000 1190 644 0.5412
8420.0000 1190 645 0.5420
8421.0000 1191 645 0.5416
8426.0000 1192 645 0.5411
8435.0000 1193 645 0.5407
8435.0000 1193 646 0.5415
8435.0000 1193 647 0.5423
8441.0000 1194 647 0.5419
8447.0000 1195 647 0.5414
8453.0000 1195 648 0.5423
8455.0000 1196 648 0.5418
8456.0000 1196 649 0.5426
8464.0000 1197 649 0.5422
8472.0000 1198 649 0.5417
8479.0000 1198 650 0.5426
8479.0000 1198 651 0.5434
8481.0000 1199 651 0.5430
8481.0000 1199 652 0.5438
8481.0000 1199 653 0.5446
8488.0000 1200 653 0.5442
8488.0000 1200 654 0.5450
8495.0000 1200 655 0.5458
8497.0000 1201 655 0.5454
8506.0000 1202 655 0.5449
8510.0000 1202 656 0.5458
8511.0000 1203 656 0.5453
8513.0000 1203 657 0.5461
8516.0000 1204 657 0.5457
8516.0000 1204 658 0.5465
8524.0000 1205 658 0.5461
8530.0000 1206 658 0.5456
8535.0000 1207 658 0.5452
8544.0000 1208 658 0.5447
8549.0000 1209 658 0.5443
8556.0000 1210 658 0.5438
8559.0000 1210 659 0.5446
8561.0000 1211 659 0.5442
8569.0000 1212 659 0.5437
8574.0000 1212 660 0.5446
8578.0000 1213 660 0.5441
8585.0000 1214 660 0.5437
8593.0000 1215 660 0.5432
8598.0000 1215 661 0.5440
8599.0000 1216 661 0.5436
8608.0000 1217 661 0.5431
8617.0000 1218 661 0.5427
8622.0000 1219 661 0.5422
8630.0000 1219 662 0.5431
8631.0000 1220 662 0.5426
8634.0000 1220 663 0.5434
8635.0000 1220 664 0.5443
8640.0000 1221 664 0.5438
8647.0000 1222 664 0.5434
8647.0000 1222 665 0.5442
8648.0000 1222 666 0.5450
8650.0000 1222 667 0.5458
8654.0000 1223 667 0.5454
8659.0000 1224 667 0.5449
8665.0000 1225 667 0.5445
8672.0000 1226 667 0.5440
8679.0000 1227 667 0.5436
8686.0000 1228 667 0.5432
8693.0000 1229 667 0.5427
8701.0000 1230 667 0.5423
8704.0000 1230 668 0.5431
8705.0000 1230 669 0.5439
8706.0000 1231 669 0.5435
8706.0000 1231 670 0.5443
8712.0000 1232 670 0.5438
8713.0000 1232 671 0.5446
8719.0000 1233 671 0.5442
8721.0000 1233 672 0.5450
8722.0000 1233 673 0.5458
8723.0000 1233 674 0.5466
8724.0000 1234 674 0.5462
8729.0000 1235 674 0.5457
8735.0000 1236 674 0.5453
8743.0000 1237 674 0.5449
8749.0000 1238 674 0.5444
8757.0000 1239 674 0.5440
8763.0000 1240 674 0.5435
8772.0000 1241 674 0.5431
8778.0000 1242 674 0.5427
8783.0000 1242 675 0.5435
8784.0000 1243 675 0.5430
8790.0000 1244 675 0.5426
8791.0000 1244 676 0.5434
8798.0000 1245 676 0.5430
8804.0000 1246 676 0.5425
8812.0000 1247 676 0.5421
8813.0000 1247 677 0.5429
8818.0000 1247 678 0.5437
8820.0000 1248 678 0.5433
8820.0000 1248 679 0.5441
8825.0000 1249 679 0.5436
8832.0000 1250 679 0.5432
8837.0000 1251 679 0.5428
8846.0000 1252 679 0.5423
8851.0000 1253 679 0.5419
8860.0000 1254 679 0.5415
8863.0000 1254 680 0.5423
8864.0000 1254 681 0.5431
8865.0000 1255 681 0.5426
8868.0000 1255 682 0.5434
8870.0000 1256 682 0.5430
8871.0000 1256 683 0.5438
8878.0000 1257 683 0.5434
8885.0000 1258 683 0.5429
8892.0000 1259 683 0.5425
8898.0000 1259 684 0.5433
8900.0000 1260 684 0.5429
8909.0000 1261 684 0.5424
8911.0000 1261 685 0.5432
8915.0000 1261 686 0.5440
8918.0000 1262 686 0.5436
8922.0000 1262 687 0.5444
8925.0000 1263 687 0.5439
8927.0000 1263 688 0.5447
8931.0000 1264 688 0.5443
8939.0000 1265 688 0.5439
8944.0000 1266 688 0.5434
8953.0000 1267 688 0.5430
8958.0000 1267 689 0.5438
8958.0000 1267 690 0.5446
8959.0000 1268 690 0.5442
8967.0000 1269 690 0.5437
8975.0000 1270 690 0.5433
8981.0000 1271 690 0.5429
8990.0000 1272 690 0.5425
8998.0000 1272 691 0.5432
8999.0000 1273 691 0.5428
9006.0000 1274 691 0.5424
9013.0000 1274 692 0.5432
9015.0000 1275 692 0.5427
9015.0000 1275 693 0.5435
9021.0000 1276 693 0.5431
9028.0000 1277 693 0.5427
9036.0000 1278 693 0.5423
9043.0000 1279 693 0.5418
9043.0000 1279 694 0.5426
9046.0000 1279 695 0.5434
9052.0000 1280 695 0.5430
9060.0000 1281 695 0.5425
9066.0000 1282 695 0.5421
9071.0000 1282 696 0.5429
9074.0000 1283 696 0.5425
9081.0000 1284 696 0.5421
9086.0000 1285 696 0.5416
9088.0000 1285 697 0.5424
9093.0000 1286 697 0.5420
9100.0000 1287 697 0.5416
9103.0000 1287 698 0.5423
9107.0000 1288 698 0.5419
9114.0000 1289 698 0.5415
9119.0000 1290 698 0.5411
9127.0000 1291 698 0.5407
9134.0000 1292 698 0.5402
9140.0000 1293 698 0.5398
9147.0000 1294 698 0.5394
9153.0000 1295 698 0.5390
9158.0000 1296 698 0.5386
9167.0000 1297 698 0.5382
9176.0000 1298 698 0.5378
9177.0000 1298 699 0.5385
9185.0000 1299 699 0.5381
9191.0000 1300 699 0.5377
9200.0000 1301 699 0.5373
9200.0000 1301 700 0.5380
9206.0000 1301 701 0.5388
9208.0000 1302 701 0.5384
9213.0000 1302 702 0.5392
9216.0000 1303 702 0.5388
9223.0000 1304 702 0.5383
9229.0000 1305 702 0.5379
9238.0000 1306 702 0.5375
9245.0000 1307 702 0.5371
9253.0000 1308 702 0.5367
9253.0000 1308 703 0.5375
9260.0000 1309 703 0.5371
9268.0000 1310 703 0.5366
9275.0000 1311 703 0.5362
9283.0000 1312 703 0.5358
9289.0000 1313 703 0.5354
9293.0000 1313 704 0.5362
9295.0000 1314 704 0.5358
9300.0000 1315 704 0.5354
9305.0000 1315 705 0.5361
9305.0000 1315 706 0.5369
9307.0000 1316 706 0.5365
9307.0000 1316 707 0.5372
9316.0000 1317 707 0.5368
9317.0000 1317 708 0.5376
9324.0000 1318 708 0.5372
9329.0000 1318 709 0.5379
9330.0000 1319 709 0.5375
9338.0000 1320 709 0.5371
9347.0000 1321 709 0.5367
9355.0000 1322 709 0.5363
9362.0000 1323 709 0.5359
9369.0000 1324 709 0.5355
9370.0000 1324 710 0.5363
9378.0000 1325 710 0.5358
9384.0000 1326 710 0.5354
9390.0000 1327 710 0.5350
9397.0000 1328 710 0.5346
9405.0000 1329 710 0.5342
9406.0000 1329 711 0.5350
9412.0000 1330 711 0.5346
9418.0000 1331 711 0.5342
9423.0000 1331 712 0.5349
9424.0000 1332 712 0.5345
9430.0000 1333 712 0.5341
9432.0000 1333 713 0.5349
9432.0000 1333 714 0.5356
9438.0000 1334 714 0.5352
9440.0000 1334 715 0.5360
9443.0000 1335 715 0.5356
9449.0000 1336 715 0.5352
9458.0000 1337 715 0.5348
9465.0000 1338 715 0.5344
9471.0000 1338 716 0.5351
9473.0000 1339 716 0.5347
9473.0000 1339 717 0.5355
9478.0000 1340 717 0.5351
9483.0000 1340 718 0.5358
9485.0000 1340 719 0.5366
9487.0000 1341 719 0.5362
9493.0000 1342 719 0.5358
9494.0000 1342 720 0.5365
9500.0000 1342 721 0.5373
9502.0000 1343 721 0.5369
9502.0000 1343 722 0.5376
9507.0000 1344 722 0.5372
9508.0000 1344 723 0.5379
9508.0000 1344 724 0.5387
9508.0000 1344 725 0.5394
9514.0000 1345 725 0.5390
9515.0000 1345 726 0.5398
9519.0000 1346 726 0.5394
9528.0000 1347 726 0.5390
9534.0000 1348 726 0.5386
9539.0000 1349 726 0.5382
9547.0000 1350 726 0.5378
9548.0000 1350 727 0.5385
9553.0000 1350 728 0.5393
9554.0000 1351 728 0.5389
9556.0000 1351 729 0.5396
9556.0000 1351 730 0.5403
9563.0000 1352 730 0.5399
9572.0000 1353 730 0.5395
9577.0000 1354 730 0.5391
9578.0000 1354 731 0.5399
9580.0000 1354 732 0.5406
9583.0000 1354 733 0.5414
9585.0000 1355 733 0.5410
9590.0000 1355 734 0.5417
9593.0000 1356 734 0.5413
9602.0000 1357 734 0.5409
9607.0000 1358 734 0.5405
9616.0000 1359 734 0.5401
9625.0000 1360 734 0.5397
9632.0000 1361 734 0.5393
9637.0000 1361 735 0.5400
9639.0000 1361 736 0.5408
9641.0000 1362 736 0.5404
9648.0000 1363 736 0.5400
9657.0000 1364 736 0.5396
9661.0000 1364 737 0.5403
9666.0000 1365 737 0.5399
9671.0000 1366 737 0.5395
9677.0000 1367 737 0.5391
9686.0000 1368 737 0.5387
9694.0000 1369 737 0.5383
9695.0000 1369 738 0.5391
9702.0000 1370 738 0.5387
9709.0000 1371 738 0.5383
9717.0000 1372 738 0.5379
9726.0000 1373 738 0.5375
9726.0000 1373 739 0.5382
9728.0000 1373 740 0.5390
9732.0000 1374 740 0.5386
9740.0000 1375 740 0.5382
9749.0000 1376 740 0.5378
9756.0000 1377 740 0.5374
9760.0000 1377 741 0.5381
9762.0000 1378 741 0.5377
9768.0000 1379 741 0.5373
9775.0000 1380 741 0.5370
9781.0000 1381 741 0.5366
9787.0000 1382 741 0.5362
9789.0000 1382 742 0.5369
9789.0000 1382 743 0.5376
9796.0000 1383 743 0.5372
9802.0000 1383 744 0.5380
9804.0000 1384 744 0.5376
9812.0000 1385 744 0.5372
9821.0000 1386 744 0.5368
9830.0000 1387 744 0.5364
9838.0000 1388 744 0.5360
9840.0000 1388 745 0.5367
9843.0000 1389 745 0.5364
9849.0000 1390 745 0.5360
9857.0000 1391 745 0.5356
9864.0000 1392 745 0.5352
9871.0000 1393 745 0.5348
9877.0000 1394 745 0.5344
9882.0000 1395 745 0.5341
9890.0000 1396 745 0.5337
9899.0000 1397 745 0.5333
9902.0000 1397 746 0.5340
9905.0000 1397 747 0.5347
9908.0000 1398 747 0.5343
9913.0000 1399 747 0.5340
9916.0000 1399 748 0.5347
9921.0000 1400 748 0.5343
9921.0000 1400 749 0.5350
9922.0000 1400 750 0.5357
9928.0000 1401 750 0.5353
9935.0000 1402 750 0.5350
9942.0000 1403 750 0.5346
9949.0000 1404 750 0.5342
9957.0000 1405 750 0.5338
9964.0000 1406 750 0.5334
9970.0000 1407 750 0.5330
9978.0000 1408 750 0.5327
9984.0000 1409 750 0.5323
9990.0000 1409 751 0.5330
9991.0000 1410 751 0.5326
9998.0000 1411 751 0.5322
