# Scenario da_epidemic
# distance at msg send, delivery time, hop count, MSG_ID
67.6363 5.0000 4 M1
195.4771 18.0000 8 M3
167.6064 11.0000 4 M4
22.2825 1.0000 1 M11
131.3930 8.0000 3 M16
372.4283 128.0000 11 M2
211.7436 13.0000 6 M19
90.7869 2.0000 2 M22
29.7302 1.0000 1 M26
343.2828 128.0000 9 M8
80.5863 5.0000 3 M32
473.5999 147.0000 1 M15
227.6074 91.0000 9 M23
168.9704 13.0000 6 M36
463.4051 213.0000 3 M10
51.2570 2.0000 1 M41
87.5639 3.0000 2 M44
204.1584 48.0000 5 M38
81.9485 11.0000 5 M43
692.5779 327.0000 4 M7
467.7694 181.0000 7 M30
225.0310 320.0000 3 M9
70.9652 10.0000 2 M55
205.7747 67.0000 2 M47
263.0506 262.0000 6 M20
157.7779 89.0000 2 M46
208.6809 63.0000 9 M54
54.7688 7.0000 4 M62
132.3784 52.0000 1 M56
170.8915 22.0000 5 M66
546.1570 317.0000 5 M25
280.8881 47.0000 7 M64
68.3009 15.0000 3 M70
462.2130 168.0000 6 M51
409.4504 161.0000 2 M52
407.1774 442.0000 9 M12
119.0636 19.0000 2 M73
60.2007 260.0000 4 M39
594.5887 196.0000 2 M50
502.3631 349.0000 4 M33
228.7212 183.0000 11 M57
144.3946 23.0000 5 M81
205.8326 78.0000 3 M74
264.3874 281.0000 4 M48
273.8644 430.0000 6 M27
282.1734 507.0000 7 M17
664.1410 188.0000 3 M63
634.0859 176.0000 5 M65
226.7532 438.0000 9 M28
631.1191 433.0000 1 M31
170.7963 136.0000 3 M77
154.3668 270.0000 1 M58
479.2410 477.0000 6 M29
80.1946 41.0000 1 M90
323.2694 162.0000 2 M76
373.0753 666.0000 4 M5
571.2946 607.0000 14 M14
18.2856 1.0000 1 M101
287.9187 496.0000 11 M34
235.6053 82.0000 1 M91
394.7168 185.0000 4 M78
207.7322 83.0000 4 M92
651.8156 277.0000 1 M67
143.9156 161.0000 4 M83
383.0614 254.0000 4 M79
339.3434 218.0000 1 M85
72.5627 125.0000 4 M99
90.3668 16.0000 2 M117
374.4639 599.0000 3 M35
181.4692 611.0000 6 M37
153.1438 121.0000 1 M108
217.0380 328.0000 2 M80
207.4341 198.0000 4 M98
15.8595 41.0000 2 M122
214.4619 403.0000 6 M75
373.0740 183.0000 2 M106
302.5878 523.0000 1 M59
79.5552 69.0000 2 M123
29.8107 9.0000 1 M133
78.0639 14.0000 2 M132
217.5617 329.0000 3 M86
208.1048 176.0000 3 M112
406.9548 463.0000 2 M72
385.6920 503.0000 5 M68
293.4360 559.0000 5 M61
35.9209 24.0000 1 M137
470.7553 391.0000 7 M84
641.6545 675.0000 7 M49
524.2495 250.0000 3 M109
80.6077 24.0000 2 M145
440.7510 382.0000 7 M95
376.3994 296.0000 3 M111
71.8467 513.0000 7 M82
470.8764 630.0000 2 M69
348.1236 483.0000 4 M89
195.1731 287.0000 1 M119
177.2796 155.0000 2 M140
652.1382 1014.0000 8 M18
616.4829 1052.0000 7 M13
654.2976 646.0000 7 M71
376.8638 352.0000 5 M113
24.6165 14.0000 1 M164
40.9168 37.0000 1 M161
417.7309 537.0000 1 M93
99.5864 182.0000 2 M147
359.9112 925.0000 6 M40
433.8231 340.0000 1 M124
237.7013 126.0000 1 M157
187.0071 53.0000 1 M167
9.0795 1.0000 1 M178
523.1626 429.0000 3 M116
669.2846 556.0000 2 M97
298.7276 1219.0000 6 M6
686.4223 637.0000 10 M88
251.0105 387.0000 4 M125
386.7226 535.0000 2 M104
170.1887 549.0000 5 M102
129.5462 60.0000 1 M176
180.2790 216.0000 3 M154
84.0923 36.0000 2 M180
24.5157 1.0000 1 M187
581.8225 1180.0000 3 M21
617.0454 1165.0000 2 M24
218.8677 294.0000 3 M158
270.7426 194.0000 3 M173
340.2661 287.0000 1 M160
240.1832 519.0000 3 M127
126.8474 280.0000 4 M163
122.9767 141.0000 3 M184
15.7971 1.0000 1 M204
392.8279 359.0000 5 M153
182.7838 433.0000 2 M144
593.3830 583.0000 2 M121
32.3503 1.0000 1 M205
503.3394 531.0000 4 M131
372.5788 212.0000 1 M179
170.0404 238.0000 2 M175
497.8420 350.0000 4 M159
159.4193 139.0000 2 M193
14.4201 3.0000 1 M211
146.4552 69.0000 3 M203
511.9728 302.0000 4 M170
169.0529 185.0000 4 M188
712.6321 611.0000 7 M129
47.5756 21.0000 1 M214
135.9813 201.0000 3 M190
320.7646 357.0000 4 M168
153.3501 527.0000 4 M148
355.9889 637.0000 2 M134
184.5313 124.0000 1 M207
139.8599 125.0000 5 M209
327.4008 140.0000 2 M208
64.8283 201.0000 2 M201
62.0025 101.0000 2 M217
225.5875 1271.0000 1 M60
11.0200 110.0000 1 M227
57.3164 631.0000 3 M156
158.8334 377.0000 1 M198
413.4052 692.0000 8 M155
67.1006 55.0000 2 M249
150.5318 120.0000 3 M252
464.8581 342.0000 4 M220
141.4493 46.0000 1 M262
21.6649 1.0000 1 M269
251.6476 677.0000 6 M177
140.8989 268.0000 3 M235
299.3615 563.0000 4 M195
477.1479 301.0000 6 M231
200.4994 233.0000 1 M241
124.2294 599.0000 6 M191
390.0459 330.0000 6 M228
49.0778 10.0000 2 M276
94.5640 320.0000 2 M233
80.5823 32.0000 1 M273
686.0041 1698.0000 6 M42
93.1916 36.0000 1 M279
309.6048 380.0000 5 M232
21.5851 95.0000 1 M274
136.3912 58.0000 2 M281
425.3777 170.0000 2 M265
158.1863 48.0000 1 M284
466.4937 227.0000 2 M260
459.1385 382.0000 4 M239
64.4631 138.0000 3 M272
217.6614 509.0000 5 M221
402.0236 220.0000 3 M268
66.1565 5.0000 1 M299
359.6667 244.0000 2 M267
389.8797 1429.0000 7 M105
420.1215 671.0000 6 M215
209.0348 751.0000 8 M206
273.6198 383.0000 3 M259
144.6811 898.0000 9 M189
320.0344 151.0000 1 M294
351.7048 562.0000 9 M236
120.0296 156.0000 1 M300
500.6118 159.0000 4 M301
154.2956 135.0000 3 M306
21.9036 91.0000 2 M315
113.1214 66.0000 1 M321
231.3131 879.0000 6 M210
555.0476 425.0000 6 M275
17.2291 32.0000 1 M333
246.4252 419.0000 4 M278
49.6464 12.0000 1 M339
359.1601 177.0000 3 M316
181.0954 83.0000 1 M329
195.6239 822.0000 9 M225
598.2961 302.0000 5 M298
229.2764 185.0000 3 M318
369.8069 167.0000 2 M326
407.8699 698.0000 7 M254
194.0813 161.0000 1 M341
342.6560 185.0000 3 M338
31.2930 1.0000 1 M370
183.7640 147.0000 1 M351
241.6424 852.0000 6 M255
313.6691 395.0000 5 M320
206.5325 1069.0000 5 M226
46.7778 16.0000 1 M380
31.1830 320.0000 2 M340
27.1615 4.0000 1 M387
303.2738 103.0000 3 M374
34.2765 57.0000 1 M383
285.7846 256.0000 1 M356
227.5789 153.0000 4 M372
142.7692 174.0000 1 M369
15.1252 1.0000 1 M395
213.0243 985.0000 10 M257
299.9173 379.0000 3 M342
20.1598 15.0000 1 M399
48.1012 77.0000 1 M391
134.2797 45.0000 1 M397
237.1286 718.0000 7 M303
239.9423 355.0000 4 M355
66.4100 18.0000 2 M405
324.0998 499.0000 5 M337
121.2369 54.0000 2 M403
82.4419 44.0000 1 M406
331.5217 305.0000 7 M371
372.6767 495.0000 4 M348
248.6826 621.0000 5 M332
106.0494 360.0000 2 M373
479.6061 490.0000 1 M357
10.1429 15.0000 1 M428
100.4571 61.0000 1 M423
102.5829 125.0000 2 M417
96.1496 85.0000 2 M432
68.6455 15.0000 1 M445
25.5004 127.0000 2 M431
63.8843 95.0000 2 M439
197.5904 144.0000 2 M433
145.1720 292.0000 2 M414
63.6382 106.0000 1 M441
249.1147 535.0000 2 M381
340.9053 306.0000 4 M418
333.7566 152.0000 2 M440
208.4371 184.0000 3 M435
214.9028 935.0000 8 M336
27.8557 8.0000 2 M468
228.0936 95.0000 1 M457
80.0029 311.0000 1 M429
29.4556 11.0000 1 M471
117.5058 482.0000 4 M410
342.9237 385.0000 4 M424
28.4445 9.0000 1 M478
138.4924 78.0000 1 M472
288.1619 143.0000 2 M465
345.0419 262.0000 1 M459
175.7018 74.0000 1 M488
325.9966 337.0000 2 M453
256.0262 123.0000 1 M484
183.5870 88.0000 1 M489
178.1432 62.0000 1 M496
151.0217 50.0000 2 M499
110.3752 92.0000 1 M493
238.9035 379.0000 4 M456
72.9043 64.0000 1 M505
179.6445 215.0000 3 M486
122.5337 29.0000 1 M513
67.2417 41.0000 2 M517
28.8360 41.0000 1 M519
291.7265 530.0000 3 M454
279.6724 595.0000 7 M450
2.3980 537.0000 5 M462
13.1136 1.0000 1 M539
0.5837 1.0000 1 M545
350.1832 172.0000 2 M529
456.9328 524.0000 4 M479
391.8062 148.0000 1 M537
300.0260 103.0000 2 M546
275.5156 157.0000 2 M540
472.7632 354.0000 4 M514
187.6687 308.0000 3 M527
134.1434 118.0000 2 M555
33.9486 6.0000 1 M575
59.8419 104.0000 2 M563
67.7078 255.0000 2 M542
58.6471 43.0000 1 M574
293.9488 195.0000 2 M552
269.5020 625.0000 6 M494
135.5952 43.0000 1 M580
331.3603 609.0000 4 M502
142.5966 49.0000 1 M583
294.8762 388.0000 4 M536
361.1254 104.0000 1 M577
85.5983 29.0000 1 M587
2.0535 50.0000 1 M586
117.1088 551.0000 5 M516
205.2517 1016.0000 3 M451
358.2249 247.0000 3 M560
170.6598 199.0000 5 M569
446.9181 686.0000 6 M503
62.0870 503.0000 4 M531
4.0707 7.0000 1 M601
244.1262 131.0000 3 M584
288.9791 168.0000 4 M579
407.2072 163.0000 1 M590
359.4801 860.0000 6 M495
407.7037 703.0000 5 M518
36.6863 152.0000 2 M597
25.2589 3.0000 1 M623
493.1439 1055.0000 4 M473
10.0407 13.0000 1 M622
176.2199 88.0000 1 M612
94.7301 855.0000 10 M506
264.3618 146.0000 1 M615
525.9217 268.0000 1 M599
315.4431 171.0000 5 M618
107.5275 112.0000 2 M633
62.1875 20.0000 1 M647
438.4381 618.0000 5 M561
47.6059 889.0000 5 M526
130.5295 181.0000 3 M627
404.1939 836.0000 4 M535
449.1443 302.0000 2 M616
443.7120 1046.0000 5 M515
199.5074 181.0000 1 M639
140.2467 700.0000 6 M564
40.3766 164.0000 4 M642
125.5530 124.0000 1 M648
167.3015 429.0000 5 M609
83.2408 988.0000 6 M532
93.2938 17.0000 1 M675
151.6541 612.0000 4 M592
56.5520 8.0000 1 M681
242.6207 136.0000 2 M666
497.3586 327.0000 3 M640
132.6741 118.0000 2 M671
149.8113 36.0000 1 M686
441.6515 282.0000 3 M652
289.1483 451.0000 2 M628
313.1190 638.0000 3 M603
94.0132 62.0000 1 M689
117.3786 72.0000 1 M688
281.7282 825.0000 2 M581
69.6713 777.0000 6 M589
196.8604 295.0000 3 M661
680.6139 1031.0000 4 M556
451.4062 603.0000 3 M617
44.1465 1.0000 1 M718
364.4017 517.0000 6 M645
516.5704 311.0000 2 M674
112.7892 641.0000 4 M629
65.4977 116.0000 1 M705
36.7066 1.0000 1 M721
282.5687 444.0000 5 M659
9.9181 111.0000 2 M708
551.3336 678.0000 3 M634
109.3898 858.0000 3 M607
11.2127 8.0000 2 M729
236.7978 439.0000 4 M673
117.6740 31.0000 1 M735
54.8803 408.0000 3 M682
55.4002 6.0000 1 M740
21.7556 404.0000 2 M685
186.7225 436.0000 4 M683
176.9174 115.0000 1 M728
216.3320 185.0000 1 M720
39.1172 1.0000 1 M750
179.2113 1032.0000 5 M604
347.7554 407.0000 3 M698
32.4135 147.0000 3 M736
389.8587 321.0000 6 M712
72.9541 26.0000 2 M753
128.8875 685.0000 3 M662
196.8677 92.0000 2 M747
138.4669 59.0000 1 M752
40.1454 1.0000 1 M763
227.8545 388.0000 4 M713
243.5607 164.0000 3 M745
226.5319 65.0000 1 M758
56.7104 17.0000 1 M770
47.5840 59.0000 2 M766
241.4697 1297.0000 10 M591
227.4047 62.0000 1 M769
470.8288 258.0000 1 M743
283.4913 723.0000 9 M678
267.6034 348.0000 2 M734
242.9629 417.0000 6 M727
214.6957 453.0000 3 M725
19.2368 304.0000 2 M748
456.2295 484.0000 6 M723
382.4532 491.0000 4 M722
186.4232 417.0000 2 M739
80.6521 271.0000 2 M760
137.6064 234.0000 4 M768
174.5254 154.0000 1 M781
145.7295 83.0000 3 M794
416.0646 799.0000 1 M695
4.0304 623.0000 6 M724
190.7598 184.0000 2 M786
13.4058 2.0000 1 M810
62.8409 160.0000 2 M789
133.8379 48.0000 1 M805
48.0919 155.0000 1 M792
242.9753 470.0000 5 M751
123.5306 66.0000 2 M812
97.1477 36.0000 2 M819
103.0194 450.0000 3 M764
83.8494 141.0000 2 M806
236.5477 200.0000 1 M800
242.2784 877.0000 7 M707
75.4933 357.0000 3 M780
226.9876 194.0000 3 M802
117.9145 122.0000 3 M813
131.2847 63.0000 2 M822
127.8374 483.0000 3 M765
182.3311 64.0000 1 M831
354.1854 164.0000 3 M823
120.0239 33.0000 2 M841
179.9659 126.0000 1 M830
62.3645 98.0000 1 M835
556.7353 334.0000 3 M808
144.4391 41.0000 1 M850
181.0723 441.0000 3 M797
54.0179 9.0000 2 M858
14.8151 215.0000 1 M833
80.7000 144.0000 1 M843
93.3043 86.0000 1 M853
263.5547 453.0000 3 M811
91.7930 34.0000 1 M875
334.4255 169.0000 2 M864
172.6812 954.0000 4 M756
201.2114 231.0000 5 M857
228.9528 196.0000 2 M863
114.8101 325.0000 3 M846
92.7747 608.0000 6 M809
26.9723 223.0000 3 M867
529.6532 547.0000 3 M825
338.1091 327.0000 2 M856
255.9522 305.0000 1 M859
409.3777 133.0000 1 M884
395.3810 1519.0000 10 M694
430.0792 246.0000 1 M874
101.6495 176.0000 2 M886
387.0687 671.0000 8 M818
161.1472 319.0000 5 M870
62.8390 13.0000 1 M915
289.0933 486.0000 3 M849
222.2223 58.0000 1 M910
273.1105 396.0000 4 M862
225.5334 129.0000 2 M901
610.2719 575.0000 4 M838
412.7090 509.0000 6 M848
183.5664 1481.0000 13 M715
353.2746 412.0000 5 M865
26.4080 1.0000 1 M926
109.4250 54.0000 1 M919
71.0809 85.0000 2 M916
186.7400 101.0000 1 M914
31.3589 22.0000 1 M928
94.8033 989.0000 5 M793
43.6489 612.0000 8 M847
402.1584 195.0000 1 M908
22.3657 24.0000 2 M933
319.5158 429.0000 2 M876
215.2964 843.0000 7 M821
246.6620 890.0000 5 M817
357.2597 285.0000 3 M902
180.5276 185.0000 2 M917
259.5459 152.0000 4 M922
66.5488 32.0000 1 M941
21.8090 4.0000 1 M945
29.1354 14.0000 1 M944
46.1791 1.0000 1 M947
92.1431 42.0000 2 M942
313.7959 387.0000 4 M896
277.8181 95.0000 1 M937
75.3333 228.0000 3 M924
434.1187 472.0000 3 M890
510.9124 917.0000 6 M828
484.8121 1585.0000 7 M741
139.7860 47.0000 1 M957
110.5073 449.0000 3 M900
488.0537 648.0000 6 M872
25.8820 15.0000 1 M964
242.6099 96.0000 2 M954
87.9250 523.0000 2 M893
427.0859 605.0000 3 M885
677.1583 1030.0000 5 M826
26.1694 1.0000 1 M977
384.9174 368.0000 2 M927
209.6830 374.0000 4 M930
104.3364 161.0000 2 M962
172.2893 53.0000 1 M978
141.1119 398.0000 3 M936
203.7811 251.0000 2 M967
34.6153 56.0000 1 M999
419.4453 370.0000 2 M956
332.6759 127.0000 1 M998
387.6555 119.0000 2 M1009
45.7313 98.0000 1 M1018
155.4519 292.0000 3 M992
653.7037 866.0000 6 M912
309.9581 192.0000 2 M1008
311.7171 632.0000 5 M948
269.1978 626.0000 4 M950
332.7598 553.0000 3 M960
230.6597 610.0000 7 M955
487.6409 194.0000 1 M1014
129.8797 61.0000 1 M1036
38.4951 1.0000 1 M1045
159.2833 185.0000 1 M1022
224.9204 729.0000 3 M946
530.5395 688.0000 5 M953
8.2262 6.0000 1 M1052
0.3416 34.0000 3 M1048
416.1534 363.0000 2 M1004
321.9407 439.0000 4 M993
470.5077 512.0000 4 M984
31.1494 6.0000 1 M1057
208.3530 87.0000 2 M1046
37.7332 1.0000 1 M1059
250.3207 71.0000 1 M1049
36.0610 5.0000 1 M1068
37.6861 1.0000 1 M1073
66.8926 271.0000 3 M1035
77.7746 328.0000 3 M1030
267.3731 259.0000 3 M1044
159.7634 38.0000 2 M1076
400.9942 404.0000 1 M1034
736.0497 1263.0000 6 M913
376.5565 1112.0000 11 M934
183.7985 924.0000 6 M963
162.9253 617.0000 8 M1007
218.0438 101.0000 2 M1081
126.6323 100.0000 1 M1082
265.5718 236.0000 2 M1064
201.7599 288.0000 2 M1056
103.7729 131.0000 2 M1079
47.4457 19.0000 1 M1101
197.2861 747.0000 6 M1003
224.0962 201.0000 2 M1080
150.2474 295.0000 2 M1070
424.4720 387.0000 2 M1058
234.5430 430.0000 4 M1054
133.0186 150.0000 1 M1094
410.0608 323.0000 4 M1075
507.2329 567.0000 2 M1041
493.7348 412.0000 5 M1065
61.4512 97.0000 1 M1114
106.4947 74.0000 1 M1118
270.2189 448.0000 2 M1066
268.5968 127.0000 2 M1111
397.1825 160.0000 2 M1107
370.3449 256.0000 2 M1093
183.2436 339.0000 2 M1085
191.4145 429.0000 6 M1078
1.4893 1.0000 1 M1149
212.6380 190.0000 1 M1121
276.5455 421.0000 6 M1088
45.0050 29.0000 1 M1146
185.5349 111.0000 2 M1133
242.0662 869.0000 4 M1027
70.9195 612.0000 5 M1069
137.5665 211.0000 3 M1128
31.2025 1.0000 1 M1160
256.8148 624.0000 7 M1074
113.8419 264.0000 3 M1127
229.1626 87.0000 2 M1153
201.7675 715.0000 4 M1063
69.3275 1286.0000 9 M987
232.5753 184.0000 3 M1151
40.9444 50.0000 2 M1173
394.2542 376.0000 3 M1129
293.1355 737.0000 4 M1077
414.4046 454.0000 5 M1119
317.3647 150.0000 2 M1164
259.0155 126.0000 2 M1167
11.2208 12.0000 1 M1184
204.3016 283.0000 1 M1148
54.9238 50.0000 1 M1180
250.6586 327.0000 2 M1142
390.6459 250.0000 6 M1155
185.8295 683.0000 8 M1098
56.0034 225.0000 3 M1165
143.3820 246.0000 2 M1162
142.9951 475.0000 3 M1132
54.6260 16.0000 1 M1197
286.4063 669.0000 7 M1105
78.0867 13.0000 1 M1199
145.3924 63.0000 1 M1194
17.3499 22.0000 1 M1202
37.8293 13.0000 1 M1205
82.3164 209.0000 2 M1182
151.6384 226.0000 3 M1183
94.7616 955.0000 5 M1084
149.5870 234.0000 2 M1186
260.9659 982.0000 4 M1083
223.2181 321.0000 2 M1179
180.2727 215.0000 1 M1195
176.2823 121.0000 1 M1208
367.7710 685.0000 3 M1130
301.7881 284.0000 2 M1190
107.1602 48.0000 2 M1224
187.7978 377.0000 6 M1178
515.1003 823.0000 6 M1115
81.2097 32.0000 2 M1237
27.0399 28.0000 2 M1242
661.4861 624.0000 2 M1159
127.3737 284.0000 3 M1207
104.7319 332.0000 5 M1200
253.8185 538.0000 5 M1172
28.4245 9.0000 1 M1248
43.3721 17.0000 1 M1247
148.6180 87.0000 2 M1238
528.9081 293.0000 5 M1212
13.7153 1.0000 1 M1255
232.3021 1374.0000 5 M1061
231.0446 112.0000 2 M1241
374.0870 891.0000 4 M1131
105.4059 756.0000 5 M1154
33.2698 2.0000 1 M1261
201.7259 74.0000 1 M1253
245.1509 636.0000 3 M1174
94.1342 158.0000 1 M1244
228.1374 93.0000 2 M1254
300.9502 157.0000 1 M1245
375.9502 521.0000 7 M1193
84.8642 124.0000 2 M1260
26.4063 2.0000 1 M1277
70.8211 234.0000 2 M1249
152.6760 502.0000 4 M1211
195.3554 679.0000 7 M1191
163.6934 656.0000 8 M1198
200.2077 546.0000 1 M1215
143.7902 207.0000 2 M1265
183.1280 103.0000 2 M1285
181.9578 52.0000 1 M1295
62.0440 1343.0000 7 M1112
114.8750 666.0000 3 M1209
533.0144 919.0000 6 M1175
187.3106 1046.0000 5 M1161
50.4601 1173.0000 5 M1157
350.5992 219.0000 1 M1292
49.1807 7.0000 1 M1321
92.8875 361.0000 6 M1281
353.0371 219.0000 2 M1311
132.7888 480.0000 2 M1276
125.8661 344.0000 6 M1298
37.4469 88.0000 3 M1338
30.5637 34.0000 1 M1346
80.2134 63.0000 2 M1344
259.4452 150.0000 2 M1334
532.2858 556.0000 6 M1287
279.2749 997.0000 5 M1225
150.7443 374.0000 4 M1318
174.2262 388.0000 3 M1317
480.8265 258.0000 2 M1341
71.4774 135.0000 2 M1360
262.1850 426.0000 3 M1324
514.8791 225.0000 2 M1354
324.7614 576.0000 1 M1306
41.7443 20.0000 1 M1387
505.6264 466.0000 2 M1329
107.2414 763.0000 7 M1290
211.4624 112.0000 1 M1381
301.5120 122.0000 1 M1384
274.6182 240.0000 2 M1371
22.9618 1.0000 1 M1404
41.6075 16.0000 2 M1402
213.3817 100.0000 2 M1391
547.1677 529.0000 7 M1336
338.6400 224.0000 3 M1377
453.7343 731.0000 5 M1308
512.1057 254.0000 3 M1375
48.1304 -1.0000 -1 M87
696.3762 -1.0000 -1 M94
137.2125 -1.0000 -1 M96
130.3656 -1.0000 -1 M911
366.3174 -1.0000 -1 M918
96.2183 -1.0000 -1 M903
144.0143 -1.0000 -1 M907
225.0154 -1.0000 -1 M906
181.9046 -1.0000 -1 M905
464.6293 -1.0000 -1 M904
285.2138 -1.0000 -1 M909
583.5346 -1.0000 -1 M932
159.4175 -1.0000 -1 M931
569.6618 -1.0000 -1 M815
20.3963 -1.0000 -1 M814
247.4429 -1.0000 -1 M935
41.7717 -1.0000 -1 M939
163.9516 -1.0000 -1 M938
122.0850 -1.0000 -1 M816
250.6059 -1.0000 -1 M921
441.0857 -1.0000 -1 M920
41.1486 -1.0000 -1 M804
256.0902 -1.0000 -1 M925
80.6840 -1.0000 -1 M803
224.1337 -1.0000 -1 M923
319.9034 -1.0000 -1 M801
340.5518 -1.0000 -1 M929
14.4891 -1.0000 -1 M807
67.0150 -1.0000 -1 M1411
227.6382 -1.0000 -1 M711
195.4162 -1.0000 -1 M832
272.8013 -1.0000 -1 M710
231.4522 -1.0000 -1 M952
158.5692 -1.0000 -1 M951
247.4737 -1.0000 -1 M716
285.8206 -1.0000 -1 M837
188.2942 -1.0000 -1 M958
243.0524 -1.0000 -1 M836
49.6573 -1.0000 -1 M714
460.1280 -1.0000 -1 M834
60.0633 -1.0000 -1 M719
441.8114 -1.0000 -1 M839
46.5254 -1.0000 -1 M717
202.3216 -1.0000 -1 M959
113.0620 -1.0000 -1 M1410
401.4952 -1.0000 -1 M1305
139.7494 -1.0000 -1 M1307
175.7885 -1.0000 -1 M1301
220.1413 -1.0000 -1 M1302
340.4387 -1.0000 -1 M1303
56.0187 -1.0000 -1 M1304
441.0152 -1.0000 -1 M701
134.1149 -1.0000 -1 M943
1.6940 -1.0000 -1 M700
526.8488 -1.0000 -1 M820
178.0123 -1.0000 -1 M940
400.0586 -1.0000 -1 M1309
327.7364 -1.0000 -1 M704
228.9174 -1.0000 -1 M703
443.7465 -1.0000 -1 M824
160.5900 -1.0000 -1 M702
232.5172 -1.0000 -1 M709
503.8715 -1.0000 -1 M829
236.4937 -1.0000 -1 M949
399.7772 -1.0000 -1 M706
72.8283 -1.0000 -1 M827
217.8838 -1.0000 -1 M1300
262.6717 -1.0000 -1 M730
497.4236 -1.0000 -1 M851
167.6828 -1.0000 -1 M972
248.3977 -1.0000 -1 M971
268.0449 -1.0000 -1 M970
268.2656 -1.0000 -1 M613
117.1680 -1.0000 -1 M855
430.7773 -1.0000 -1 M976
51.8866 -1.0000 -1 M733
58.7341 -1.0000 -1 M854
250.4696 -1.0000 -1 M975
299.0935 -1.0000 -1 M611
21.8950 -1.0000 -1 M732
385.1595 -1.0000 -1 M974
234.9389 -1.0000 -1 M610
346.5473 -1.0000 -1 M731
143.5402 -1.0000 -1 M852
217.0822 -1.0000 -1 M973
51.1463 -1.0000 -1 M738
317.4912 -1.0000 -1 M737
210.0151 -1.0000 -1 M979
263.2705 -1.0000 -1 M614
226.5322 -1.0000 -1 M619
327.5553 -1.0000 -1 M1405
41.3550 -1.0000 -1 M1406
410.8177 -1.0000 -1 M1407
512.9771 -1.0000 -1 M840
262.4675 -1.0000 -1 M961
315.1845 -1.0000 -1 M1400
528.9049 -1.0000 -1 M1401
426.3971 -1.0000 -1 M1403
335.6283 -1.0000 -1 M602
54.0597 -1.0000 -1 M844
360.5831 -1.0000 -1 M965
427.3293 -1.0000 -1 M600
375.7503 -1.0000 -1 M842
170.9963 -1.0000 -1 M606
227.5340 -1.0000 -1 M969
413.2543 -1.0000 -1 M1408
243.2836 -1.0000 -1 M605
231.8965 -1.0000 -1 M726
248.7551 -1.0000 -1 M968
308.2981 -1.0000 -1 M1409
110.1830 -1.0000 -1 M845
56.0950 -1.0000 -1 M966
206.6108 -1.0000 -1 M608
271.0586 -1.0000 -1 M990
252.7298 -1.0000 -1 M1217
158.7948 -1.0000 -1 M1218
54.8644 -1.0000 -1 M1339
217.6290 -1.0000 -1 M1219
80.8224 -1.0000 -1 M510
322.6369 -1.0000 -1 M631
248.0406 -1.0000 -1 M873
170.4691 -1.0000 -1 M994
276.3970 -1.0000 -1 M1213
447.5576 -1.0000 -1 M630
178.7900 -1.0000 -1 M1214
111.9147 -1.0000 -1 M1335
132.6881 -1.0000 -1 M871
290.9983 -1.0000 -1 M991
408.0303 -1.0000 -1 M1216
71.7701 -1.0000 -1 M1337
254.5424 -1.0000 -1 M635
39.3222 -1.0000 -1 M877
141.0534 -1.0000 -1 M755
75.9010 -1.0000 -1 M997
260.7530 -1.0000 -1 M512
216.7826 -1.0000 -1 M754
77.4362 -1.0000 -1 M996
486.3420 -1.0000 -1 M511
491.3966 -1.0000 -1 M632
245.3214 -1.0000 -1 M995
464.1941 -1.0000 -1 M638
226.5138 -1.0000 -1 M759
134.1081 -1.0000 -1 M637
190.8545 -1.0000 -1 M879
493.6300 -1.0000 -1 M636
176.7606 -1.0000 -1 M757
221.6873 -1.0000 -1 M878
478.4232 -1.0000 -1 M1330
227.3056 -1.0000 -1 M1210
569.4022 -1.0000 -1 M1331
207.4315 -1.0000 -1 M1332
566.1801 -1.0000 -1 M1333
197.4605 -1.0000 -1 M1228
113.1201 -1.0000 -1 M1349
153.1611 -1.0000 -1 M1108
394.6453 -1.0000 -1 M1229
393.8276 -1.0000 -1 M1109
189.1604 -1.0000 -1 M620
156.3033 -1.0000 -1 M983
484.2128 -1.0000 -1 M1103
322.6648 -1.0000 -1 M1345
214.3463 -1.0000 -1 M861
231.1618 -1.0000 -1 M982
440.1941 -1.0000 -1 M1104
16.7914 -1.0000 -1 M860
614.7275 -1.0000 -1 M981
289.5308 -1.0000 -1 M1226
560.0446 -1.0000 -1 M1347
223.4188 -1.0000 -1 M980
239.2720 -1.0000 -1 M1106
119.4752 -1.0000 -1 M1227
596.2807 -1.0000 -1 M1348
115.5198 -1.0000 -1 M624
139.4812 -1.0000 -1 M866
459.1681 -1.0000 -1 M744
348.8092 -1.0000 -1 M986
47.7983 -1.0000 -1 M501
257.9962 -1.0000 -1 M985
89.1793 -1.0000 -1 M500
520.2858 -1.0000 -1 M621
171.5501 -1.0000 -1 M742
316.0927 -1.0000 -1 M507
54.9715 -1.0000 -1 M749
210.6141 -1.0000 -1 M869
212.9719 -1.0000 -1 M626
292.9947 -1.0000 -1 M868
624.4379 -1.0000 -1 M989
312.9265 -1.0000 -1 M504
51.5922 -1.0000 -1 M625
400.6931 -1.0000 -1 M746
469.6301 -1.0000 -1 M988
119.1957 -1.0000 -1 M509
5.1943 -1.0000 -1 M508
8.6811 -1.0000 -1 M1220
187.5764 -1.0000 -1 M1100
139.4809 -1.0000 -1 M1221
158.6713 -1.0000 -1 M1342
207.4589 -1.0000 -1 M1222
421.8083 -1.0000 -1 M1343
505.3736 -1.0000 -1 M1102
229.7714 -1.0000 -1 M1223
144.1356 -1.0000 -1 M1340
48.5799 -1.0000 -1 M891
361.7325 -1.0000 -1 M1316
120.8711 -1.0000 -1 M1319
101.8762 -1.0000 -1 M411
163.9466 -1.0000 -1 M653
259.6077 -1.0000 -1 M774
109.1660 -1.0000 -1 M895
564.4781 -1.0000 -1 M1312
153.5340 -1.0000 -1 M773
159.4652 -1.0000 -1 M894
611.0620 -1.0000 -1 M1313
140.8624 -1.0000 -1 M530
697.9118 -1.0000 -1 M651
121.5970 -1.0000 -1 M772
299.4906 -1.0000 -1 M1314
470.3842 -1.0000 -1 M650
513.4002 -1.0000 -1 M771
274.8503 -1.0000 -1 M892
80.3859 -1.0000 -1 M1315
166.4506 -1.0000 -1 M415
155.4757 -1.0000 -1 M657
159.6482 -1.0000 -1 M778
311.5989 -1.0000 -1 M899
46.9610 -1.0000 -1 M656
176.4379 -1.0000 -1 M777
297.6984 -1.0000 -1 M898
586.3834 -1.0000 -1 M413
170.4751 -1.0000 -1 M534
187.1753 -1.0000 -1 M655
248.0185 -1.0000 -1 M776
545.2944 -1.0000 -1 M897
75.1329 -1.0000 -1 M412
658.1015 -1.0000 -1 M533
625.1550 -1.0000 -1 M654
162.4165 -1.0000 -1 M775
161.6816 -1.0000 -1 M419
222.6319 -1.0000 -1 M538
217.7632 -1.0000 -1 M416
247.8794 -1.0000 -1 M658
361.6816 -1.0000 -1 M779
171.2801 -1.0000 -1 M1310
375.8331 -1.0000 -1 M880
61.0813 -1.0000 -1 M1206
328.2170 -1.0000 -1 M1327
74.5426 -1.0000 -1 M1328
630.3535 -1.0000 -1 M400
154.1666 -1.0000 -1 M521
99.1047 -1.0000 -1 M1323
199.4397 -1.0000 -1 M520
173.7567 -1.0000 -1 M641
133.1440 -1.0000 -1 M762
214.3742 -1.0000 -1 M883
262.8824 -1.0000 -1 M1203
200.4428 -1.0000 -1 M761
341.6846 -1.0000 -1 M882
540.1368 -1.0000 -1 M1204
629.9333 -1.0000 -1 M1325
59.9215 -1.0000 -1 M881
173.0496 -1.0000 -1 M1326
214.0014 -1.0000 -1 M404
538.7481 -1.0000 -1 M525
166.7791 -1.0000 -1 M646
134.8109 -1.0000 -1 M767
418.3142 -1.0000 -1 M888
134.6410 -1.0000 -1 M524
217.5710 -1.0000 -1 M887
95.0787 -1.0000 -1 M402
369.3231 -1.0000 -1 M523
391.7453 -1.0000 -1 M644
194.9764 -1.0000 -1 M401
136.3194 -1.0000 -1 M522
81.4535 -1.0000 -1 M643
535.9372 -1.0000 -1 M408
197.6302 -1.0000 -1 M407
40.4898 -1.0000 -1 M528
50.2992 -1.0000 -1 M649
211.1145 -1.0000 -1 M889
256.5601 -1.0000 -1 M409
313.7898 -1.0000 -1 M1320
400.9740 -1.0000 -1 M1201
210.6727 -1.0000 -1 M1322
37.3786 -1.0000 -1 M550
92.6963 -1.0000 -1 M1019
51.1232 -1.0000 -1 M670
201.9062 -1.0000 -1 M791
143.4895 -1.0000 -1 M790
341.9352 -1.0000 -1 M312
212.2757 -1.0000 -1 M554
130.1833 -1.0000 -1 M796
340.1703 -1.0000 -1 M1015
139.6777 -1.0000 -1 M1136
16.4770 -1.0000 -1 M1257
185.4736 -1.0000 -1 M1378
347.9017 -1.0000 -1 M311
121.3041 -1.0000 -1 M553
101.1080 -1.0000 -1 M795
60.5425 -1.0000 -1 M1016
477.3937 -1.0000 -1 M1137
665.6817 -1.0000 -1 M1258
21.4707 -1.0000 -1 M1379
129.6290 -1.0000 -1 M310
213.8617 -1.0000 -1 M1017
32.1719 -1.0000 -1 M1138
321.0906 -1.0000 -1 M1259
124.3175 -1.0000 -1 M430
278.0424 -1.0000 -1 M551
111.4127 -1.0000 -1 M672
600.2081 -1.0000 -1 M1139
186.0170 -1.0000 -1 M437
149.4017 -1.0000 -1 M558
71.1615 -1.0000 -1 M679
65.9104 -1.0000 -1 M436
131.4740 -1.0000 -1 M557
392.7125 -1.0000 -1 M799
288.3369 -1.0000 -1 M314
216.6189 -1.0000 -1 M677
249.2950 -1.0000 -1 M798
221.7155 -1.0000 -1 M313
55.5070 -1.0000 -1 M434
328.5124 -1.0000 -1 M676
124.0264 -1.0000 -1 M319
160.5446 -1.0000 -1 M317
338.8243 -1.0000 -1 M438
366.9228 -1.0000 -1 M559
130.3272 -1.0000 -1 M1011
346.6963 -1.0000 -1 M1374
110.4774 -1.0000 -1 M1012
69.8279 -1.0000 -1 M1013
407.2459 -1.0000 -1 M1134
232.3788 -1.0000 -1 M1376
432.6473 -1.0000 -1 M1135
437.0199 -1.0000 -1 M1256
242.2005 -1.0000 -1 M1370
86.6360 -1.0000 -1 M1250
143.4906 -1.0000 -1 M1251
430.9104 -1.0000 -1 M1372
425.8392 -1.0000 -1 M1010
79.4816 -1.0000 -1 M1252
97.9087 -1.0000 -1 M1373
347.6921 -1.0000 -1 M660
92.5683 -1.0000 -1 M422
105.3585 -1.0000 -1 M543
114.9829 -1.0000 -1 M664
236.8330 -1.0000 -1 M785
172.8506 -1.0000 -1 M1026
394.7012 -1.0000 -1 M1147
361.3709 -1.0000 -1 M1268
110.5167 -1.0000 -1 M1389
10.4742 -1.0000 -1 M421
204.1257 -1.0000 -1 M663
295.5717 -1.0000 -1 M784
191.2704 -1.0000 -1 M1269
144.3797 -1.0000 -1 M420
335.9715 -1.0000 -1 M541
68.4668 -1.0000 -1 M783
67.3926 -1.0000 -1 M1028
436.2325 -1.0000 -1 M782
278.6941 -1.0000 -1 M1029
271.7702 -1.0000 -1 M305
77.9292 -1.0000 -1 M426
231.7183 -1.0000 -1 M547
380.0402 -1.0000 -1 M668
189.3788 -1.0000 -1 M304
121.5903 -1.0000 -1 M425
69.3506 -1.0000 -1 M667
180.9272 -1.0000 -1 M788
291.2049 -1.0000 -1 M787
186.4676 -1.0000 -1 M302
493.1340 -1.0000 -1 M544
316.4712 -1.0000 -1 M665
260.4586 -1.0000 -1 M309
120.1163 -1.0000 -1 M308
113.4002 -1.0000 -1 M307
270.4426 -1.0000 -1 M549
78.0186 -1.0000 -1 M427
72.0657 -1.0000 -1 M548
250.9919 -1.0000 -1 M669
194.5002 -1.0000 -1 M1380
240.3962 -1.0000 -1 M1143
262.6920 -1.0000 -1 M1264
189.7601 -1.0000 -1 M1385
191.4571 -1.0000 -1 M1023
152.1496 -1.0000 -1 M1144
67.8128 -1.0000 -1 M1386
54.4143 -1.0000 -1 M1024
205.6664 -1.0000 -1 M1145
590.8081 -1.0000 -1 M1266
576.1298 -1.0000 -1 M1025
624.8797 -1.0000 -1 M1267
188.9980 -1.0000 -1 M1388
364.5896 -1.0000 -1 M1140
1.3036 -1.0000 -1 M1382
176.0503 -1.0000 -1 M1020
75.4411 -1.0000 -1 M1141
130.4876 -1.0000 -1 M1262
333.6815 -1.0000 -1 M1383
314.5831 -1.0000 -1 M1021
670.8525 -1.0000 -1 M1263
238.6981 -1.0000 -1 M330
156.1920 -1.0000 -1 M572
146.6778 -1.0000 -1 M693
208.2665 -1.0000 -1 M1239
508.0941 -1.0000 -1 M571
324.6122 -1.0000 -1 M692
102.3918 -1.0000 -1 M570
153.6424 -1.0000 -1 M691
467.3875 -1.0000 -1 M690
282.1275 -1.0000 -1 M213
568.5607 -1.0000 -1 M334
233.9746 -1.0000 -1 M455
437.0866 -1.0000 -1 M576
628.3231 -1.0000 -1 M697
150.8591 -1.0000 -1 M1235
634.3603 -1.0000 -1 M1356
102.1513 -1.0000 -1 M212
310.2413 -1.0000 -1 M696
257.1849 -1.0000 -1 M1236
335.7295 -1.0000 -1 M1357
99.7130 -1.0000 -1 M1116
218.0166 -1.0000 -1 M1358
108.3234 -1.0000 -1 M331
262.4149 -1.0000 -1 M452
42.2947 -1.0000 -1 M573
142.1831 -1.0000 -1 M1117
330.4082 -1.0000 -1 M1359
288.8137 -1.0000 -1 M216
390.1892 -1.0000 -1 M458
99.4280 -1.0000 -1 M578
59.7336 -1.0000 -1 M699
278.4794 -1.0000 -1 M335
178.2826 -1.0000 -1 M219
225.9909 -1.0000 -1 M218
93.6328 -1.0000 -1 M1110
63.4434 -1.0000 -1 M1231
293.7364 -1.0000 -1 M1352
446.1590 -1.0000 -1 M1232
167.7215 -1.0000 -1 M1353
10.5164 -1.0000 -1 M1233
173.3212 -1.0000 -1 M1113
190.8922 -1.0000 -1 M1234
209.8145 -1.0000 -1 M1355
86.0158 -1.0000 -1 M1350
479.8160 -1.0000 -1 M1230
121.7722 -1.0000 -1 M1351
204.0874 -1.0000 -1 M680
126.9874 -1.0000 -1 M202
322.7413 -1.0000 -1 M323
212.8294 -1.0000 -1 M444
82.4950 -1.0000 -1 M565
343.7288 -1.0000 -1 M1125
251.2581 -1.0000 -1 M1246
313.4777 -1.0000 -1 M1367
29.2334 -1.0000 -1 M322
322.3454 -1.0000 -1 M443
285.7333 -1.0000 -1 M1005
63.9015 -1.0000 -1 M1126
293.4905 -1.0000 -1 M1368
158.2555 -1.0000 -1 M200
331.2632 -1.0000 -1 M442
255.4888 -1.0000 -1 M684
161.4505 -1.0000 -1 M1006
3.9111 -1.0000 -1 M1369
202.5925 -1.0000 -1 M562
311.2797 -1.0000 -1 M327
24.8952 -1.0000 -1 M448
341.7234 -1.0000 -1 M447
269.2476 -1.0000 -1 M568
175.4690 -1.0000 -1 M325
192.3585 -1.0000 -1 M446
195.6707 -1.0000 -1 M567
143.8028 -1.0000 -1 M324
161.2096 -1.0000 -1 M566
218.0823 -1.0000 -1 M687
246.4820 -1.0000 -1 M328
238.9939 -1.0000 -1 M449
241.6996 -1.0000 -1 M1000
298.7960 -1.0000 -1 M1363
173.9439 -1.0000 -1 M1001
127.5465 -1.0000 -1 M1122
500.2739 -1.0000 -1 M1243
528.5455 -1.0000 -1 M1364
279.0812 -1.0000 -1 M1002
435.4694 -1.0000 -1 M1123
344.8933 -1.0000 -1 M1365
26.7501 -1.0000 -1 M1124
288.2074 -1.0000 -1 M1366
278.8187 -1.0000 -1 M1240
181.6937 -1.0000 -1 M1361
456.7808 -1.0000 -1 M1120
344.7606 -1.0000 -1 M1362
533.3003 -1.0000 -1 M110
335.2746 -1.0000 -1 M352
39.7404 -1.0000 -1 M594
297.7037 -1.0000 -1 M230
215.1919 -1.0000 -1 M593
151.7379 -1.0000 -1 M350
162.9129 -1.0000 -1 M470
444.2304 -1.0000 -1 M114
94.7055 -1.0000 -1 M477
234.8228 -1.0000 -1 M598
389.2423 -1.0000 -1 M234
80.2104 -1.0000 -1 M476
355.2758 -1.0000 -1 M354
254.9735 -1.0000 -1 M475
100.6479 -1.0000 -1 M596
242.4622 -1.0000 -1 M353
174.9011 -1.0000 -1 M474
483.5732 -1.0000 -1 M595
395.3830 -1.0000 -1 M118
352.4748 -1.0000 -1 M238
175.2489 -1.0000 -1 M359
198.3005 -1.0000 -1 M237
430.0540 -1.0000 -1 M358
179.7721 -1.0000 -1 M115
223.2897 -1.0000 -1 M1170
176.8845 -1.0000 -1 M1291
156.2914 -1.0000 -1 M1050
120.3826 -1.0000 -1 M1171
234.5722 -1.0000 -1 M1055
199.6156 -1.0000 -1 M1176
189.8191 -1.0000 -1 M1297
469.3553 -1.0000 -1 M1177
98.7771 -1.0000 -1 M1299
404.6556 -1.0000 -1 M480
255.9027 -1.0000 -1 M1051
205.7497 -1.0000 -1 M1293
151.2957 -1.0000 -1 M1294
559.0512 -1.0000 -1 M1053
20.8862 -1.0000 -1 M1296
216.6365 -1.0000 -1 M461
189.9020 -1.0000 -1 M582
141.3379 -1.0000 -1 M460
181.0772 -1.0000 -1 M103
246.8627 -1.0000 -1 M224
418.9165 -1.0000 -1 M345
367.5212 -1.0000 -1 M466
244.7246 -1.0000 -1 M223
229.7180 -1.0000 -1 M344
200.7483 -1.0000 -1 M222
7.5893 -1.0000 -1 M343
224.5137 -1.0000 -1 M464
199.0963 -1.0000 -1 M585
151.4502 -1.0000 -1 M100
393.8758 -1.0000 -1 M463
243.9575 -1.0000 -1 M107
136.1214 -1.0000 -1 M349
13.4826 -1.0000 -1 M469
85.2528 -1.0000 -1 M347
233.2002 -1.0000 -1 M346
221.3379 -1.0000 -1 M467
230.2090 -1.0000 -1 M588
252.7386 -1.0000 -1 M229
179.0970 -1.0000 -1 M1060
65.9396 -1.0000 -1 M1181
13.7368 -1.0000 -1 M1187
220.6205 -1.0000 -1 M1067
207.4211 -1.0000 -1 M1188
61.6906 -1.0000 -1 M1189
205.2688 -1.0000 -1 M1062
252.4292 -1.0000 -1 M1185
260.8206 -1.0000 -1 M253
92.9045 -1.0000 -1 M130
247.9681 -1.0000 -1 M251
302.9492 -1.0000 -1 M250
220.8008 -1.0000 -1 M492
101.5368 -1.0000 -1 M136
117.5341 -1.0000 -1 M378
292.3778 -1.0000 -1 M1037
300.5111 -1.0000 -1 M1158
348.2045 -1.0000 -1 M1279
287.1954 -1.0000 -1 M135
227.9399 -1.0000 -1 M256
455.1539 -1.0000 -1 M377
134.2902 -1.0000 -1 M498
435.6729 -1.0000 -1 M1038
161.3649 -1.0000 -1 M376
166.8759 -1.0000 -1 M497
181.2487 -1.0000 -1 M1039
153.9830 -1.0000 -1 M375
142.7950 -1.0000 -1 M139
432.3075 -1.0000 -1 M138
42.7314 -1.0000 -1 M258
165.1567 -1.0000 -1 M379
267.4231 -1.0000 -1 M1390
22.5763 -1.0000 -1 M1270
80.3740 -1.0000 -1 M1033
190.4794 -1.0000 -1 M1275
349.7894 -1.0000 -1 M1396
336.9962 -1.0000 -1 M1397
384.0096 -1.0000 -1 M1156
69.0707 -1.0000 -1 M1398
441.9939 -1.0000 -1 M1278
298.0886 -1.0000 -1 M1399
287.2026 -1.0000 -1 M1150
217.9598 -1.0000 -1 M1271
302.0530 -1.0000 -1 M1392
422.6108 -1.0000 -1 M1272
296.1385 -1.0000 -1 M1393
349.6154 -1.0000 -1 M1031
302.7245 -1.0000 -1 M1152
277.1769 -1.0000 -1 M1273
192.8068 -1.0000 -1 M1394
317.0873 -1.0000 -1 M1032
262.5754 -1.0000 -1 M1274
177.3016 -1.0000 -1 M1395
404.7124 -1.0000 -1 M242
352.2266 -1.0000 -1 M363
269.6662 -1.0000 -1 M120
188.1101 -1.0000 -1 M362
431.6770 -1.0000 -1 M483
95.9841 -1.0000 -1 M240
281.5522 -1.0000 -1 M361
259.8875 -1.0000 -1 M482
356.7915 -1.0000 -1 M360
583.4116 -1.0000 -1 M481
537.6739 -1.0000 -1 M246
331.0876 -1.0000 -1 M367
313.7152 -1.0000 -1 M1169
389.3725 -1.0000 -1 M245
258.9729 -1.0000 -1 M366
155.5310 -1.0000 -1 M487
134.3294 -1.0000 -1 M244
32.1830 -1.0000 -1 M365
243.7974 -1.0000 -1 M243
276.9386 -1.0000 -1 M364
439.9960 -1.0000 -1 M485
139.6418 -1.0000 -1 M128
404.5677 -1.0000 -1 M248
400.9394 -1.0000 -1 M126
311.1740 -1.0000 -1 M247
340.7152 -1.0000 -1 M368
205.2258 -1.0000 -1 M1280
143.1218 -1.0000 -1 M1286
173.8257 -1.0000 -1 M1166
153.8162 -1.0000 -1 M1288
290.9139 -1.0000 -1 M1047
236.7530 -1.0000 -1 M1168
182.6743 -1.0000 -1 M1289
310.0018 -1.0000 -1 M491
70.3846 -1.0000 -1 M1040
275.4048 -1.0000 -1 M1282
126.9101 -1.0000 -1 M490
309.7914 -1.0000 -1 M1283
311.1778 -1.0000 -1 M1042
443.0795 -1.0000 -1 M1163
279.9695 -1.0000 -1 M1284
78.5504 -1.0000 -1 M1043
142.1162 -1.0000 -1 M396
374.2161 -1.0000 -1 M152
160.1529 -1.0000 -1 M394
543.4156 -1.0000 -1 M151
289.1095 -1.0000 -1 M393
260.8116 -1.0000 -1 M277
377.8349 -1.0000 -1 M398
162.3874 -1.0000 -1 M1091
218.1188 -1.0000 -1 M1092
258.3300 -1.0000 -1 M1090
658.4888 -1.0000 -1 M1099
259.9704 -1.0000 -1 M282
155.0510 -1.0000 -1 M1095
406.7752 -1.0000 -1 M1096
233.0511 -1.0000 -1 M280
279.1238 -1.0000 -1 M1097
410.7172 -1.0000 -1 M143
289.7823 -1.0000 -1 M264
91.3918 -1.0000 -1 M385
280.3305 -1.0000 -1 M142
189.4866 -1.0000 -1 M263
234.1197 -1.0000 -1 M384
231.5258 -1.0000 -1 M141
215.6858 -1.0000 -1 M261
58.0191 -1.0000 -1 M382
239.9347 -1.0000 -1 M389
96.7302 -1.0000 -1 M146
195.7043 -1.0000 -1 M388
510.8733 -1.0000 -1 M266
528.9073 -1.0000 -1 M386
437.6084 -1.0000 -1 M149
313.3549 -1.0000 -1 M150
384.5009 -1.0000 -1 M271
119.0235 -1.0000 -1 M392
300.3117 -1.0000 -1 M270
40.2330 -1.0000 -1 M390
410.7526 -1.0000 -1 M297
294.7556 -1.0000 -1 M296
113.9549 -1.0000 -1 M174
98.0257 -1.0000 -1 M295
233.3907 -1.0000 -1 M1071
58.4136 -1.0000 -1 M1192
248.7783 -1.0000 -1 M1072
212.6091 -1.0000 -1 M183
40.8596 -1.0000 -1 M182
339.8615 -1.0000 -1 M181
58.4072 -1.0000 -1 M1196
48.6658 -1.0000 -1 M165
336.2738 -1.0000 -1 M286
368.4355 -1.0000 -1 M285
203.5424 -1.0000 -1 M162
235.4187 -1.0000 -1 M283
361.8948 -1.0000 -1 M169
247.8271 -1.0000 -1 M289
121.4928 -1.0000 -1 M288
297.1698 -1.0000 -1 M166
351.1098 -1.0000 -1 M287
80.9691 -1.0000 -1 M1089
312.1400 -1.0000 -1 M172
223.2262 -1.0000 -1 M293
137.5202 -1.0000 -1 M171
99.5327 -1.0000 -1 M292
147.0867 -1.0000 -1 M291
206.1062 -1.0000 -1 M1086
195.6759 -1.0000 -1 M290
72.1701 -1.0000 -1 M1087
107.1745 -1.0000 -1 M197
488.9563 -1.0000 -1 M196
73.4703 -1.0000 -1 M199
321.4696 -1.0000 -1 M45
216.6345 -1.0000 -1 M186
338.7666 -1.0000 -1 M185
611.2453 -1.0000 -1 M53
459.8698 -1.0000 -1 M194
218.9845 -1.0000 -1 M192
