# time  created  delivered  delivered/created
7.0000 1 0 0.0000
16.0000 2 0 0.0000
17.0000 2 1 0.5000
21.0000 3 1 0.3333
29.0000 4 1 0.2500
37.0000 5 1 0.2000
44.0000 6 1 0.1667
47.0000 6 2 0.3333
49.0000 6 3 0.5000
50.0000 7 3 0.4286
58.0000 8 3 0.3750
66.0000 9 3 0.3333
71.0000 10 3 0.3000
79.0000 11 3 0.2727
81.0000 11 4 0.3636
85.0000 12 4 0.3333
91.0000 13 4 0.3077
97.0000 14 4 0.2857
105.0000 15 4 0.2667
112.0000 16 4 0.2500
121.0000 17 4 0.2353
128.0000 18 4 0.2222
133.0000 18 5 0.2778
134.0000 19 5 0.2632
141.0000 20 5 0.2500
145.0000 20 6 0.3000
149.0000 21 6 0.2857
155.0000 22 6 0.2727
163.0000 23 6 0.2609
168.0000 24 6 0.2500
168.0000 24 7 0.2917
177.0000 25 7 0.2800
182.0000 26 7 0.2692
188.0000 27 7 0.2593
189.0000 27 8 0.2963
193.0000 28 8 0.2857
199.0000 29 8 0.2759
204.0000 30 8 0.2667
210.0000 30 9 0.3000
213.0000 31 9 0.2903
219.0000 32 9 0.2813
228.0000 33 9 0.2727
235.0000 34 9 0.2647
235.0000 34 10 0.2941
244.0000 35 10 0.2857
247.0000 35 11 0.3143
251.0000 36 11 0.3056
253.0000 36 12 0.3333
259.0000 37 12 0.3243
268.0000 38 12 0.3158
270.0000 38 13 0.3421
276.0000 39 13 0.3333
284.0000 40 13 0.3250
285.0000 40 14 0.3500
293.0000 41 14 0.3415
298.0000 41 15 0.3659
300.0000 42 15 0.3571
305.0000 43 15 0.3488
310.0000 44 15 0.3409
314.0000 44 16 0.3636
315.0000 45 16 0.3556
319.0000 45 17 0.3778
323.0000 46 17 0.3696
324.0000 46 18 0.3913
329.0000 46 19 0.4130
330.0000 47 19 0.4043
336.0000 48 19 0.3958
343.0000 49 19 0.3878
352.0000 50 19 0.3800
357.0000 51 19 0.3725
365.0000 52 19 0.3654
371.0000 53 19 0.3585
378.0000 54 19 0.3519
378.0000 54 20 0.3704
386.0000 55 20 0.3636
386.0000 55 21 0.3818
388.0000 55 22 0.4000
392.0000 56 22 0.3929
394.0000 56 23 0.4107
397.0000 56 24 0.4286
399.0000 57 24 0.4211
406.0000 58 24 0.4138
415.0000 59 24 0.4068
416.0000 59 25 0.4237
420.0000 60 25 0.4167
427.0000 61 25 0.4098
435.0000 62 25 0.4032
441.0000 63 25 0.3968
442.0000 63 26 0.4127
445.0000 63 27 0.4286
449.0000 64 27 0.4219
452.0000 64 28 0.4375
454.0000 65 28 0.4308
458.0000 65 29 0.4462
462.0000 66 29 0.4394
470.0000 67 29 0.4328
478.0000 68 29 0.4265
487.0000 69 29 0.4203
493.0000 70 29 0.4143
498.0000 71 29 0.4085
507.0000 72 29 0.4028
509.0000 72 30 0.4167
512.0000 73 30 0.4110
519.0000 74 30 0.4054
524.0000 75 30 0.4000
526.0000 75 31 0.4133
528.0000 75 32 0.4267
532.0000 75 33 0.4400
533.0000 76 33 0.4342
536.0000 76 34 0.4474
537.0000 76 35 0.4605
538.0000 76 36 0.4737
539.0000 77 36 0.4675
548.0000 78 36 0.4615
554.0000 78 37 0.4744
555.0000 79 37 0.4684
563.0000 80 37 0.4625
564.0000 80 38 0.4750
572.0000 81 38 0.4691
574.0000 81 39 0.4815
581.0000 82 39 0.4756
590.0000 83 39 0.4699
596.0000 83 40 0.4819
599.0000 84 40 0.4762
606.0000 85 40 0.4706
611.0000 85 41 0.4824
615.0000 86 41 0.4767
618.0000 86 42 0.4884
621.0000 87 42 0.4828
625.0000 87 43 0.4943
627.0000 88 43 0.4886
629.0000 88 44 0.5000
631.0000 88 45 0.5114
633.0000 88 46 0.5227
636.0000 89 46 0.5169
643.0000 90 46 0.5111
647.0000 90 47 0.5222
650.0000 91 47 0.5165
651.0000 91 48 0.5275
659.0000 92 48 0.5217
664.0000 92 49 0.5326
668.0000 93 49 0.5269
676.0000 94 49 0.5213
676.0000 94 50 0.5319
677.0000 94 51 0.5426
678.0000 94 52 0.5532
681.0000 95 52 0.5474
687.0000 95 53 0.5579
689.0000 96 53 0.5521
694.0000 97 53 0.5464
695.0000 97 54 0.5567
701.0000 98 54 0.5510
704.0000 98 55 0.5612
705.0000 98 56 0.5714
706.0000 99 56 0.5657
706.0000 99 57 0.5758
714.0000 100 57 0.5700
721.0000 101 57 0.5644
728.0000 101 58 0.5743
729.0000 102 58 0.5686
732.0000 102 59 0.5784
733.0000 102 60 0.5882
734.0000 103 60 0.5825
734.0000 103 61 0.5922
736.0000 103 62 0.6019
737.0000 103 63 0.6117
741.0000 104 63 0.6058
748.0000 105 63 0.6000
748.0000 105 64 0.6095
753.0000 106 64 0.6038
761.0000 107 64 0.5981
769.0000 108 64 0.5926
774.0000 109 64 0.5872
775.0000 109 65 0.5963
779.0000 109 66 0.6055
781.0000 110 66 0.6000
788.0000 110 67 0.6091
789.0000 111 67 0.6036
789.0000 111 68 0.6126
794.0000 112 68 0.6071
800.0000 113 68 0.6018
801.0000 113 69 0.6106
801.0000 113 70 0.6195
807.0000 114 70 0.6140
807.0000 114 71 0.6228
812.0000 114 72 0.6316
813.0000 114 73 0.6404
815.0000 115 73 0.6348
815.0000 115 74 0.6435
817.0000 115 75 0.6522
821.0000 116 75 0.6466
823.0000 116 76 0.6552
824.0000 116 77 0.6638
826.0000 117 77 0.6581
833.0000 117 78 0.6667
834.0000 118 78 0.6610
835.0000 118 79 0.6695
839.0000 119 79 0.6639
843.0000 119 80 0.6723
848.0000 120 80 0.6667
853.0000 120 81 0.6750
854.0000 121 81 0.6694
863.0000 122 81 0.6639
866.0000 122 82 0.6721
871.0000 123 82 0.6667
871.0000 123 83 0.6748
873.0000 123 84 0.6829
877.0000 124 84 0.6774
883.0000 125 84 0.6720
887.0000 125 85 0.6800
890.0000 126 85 0.6746
896.0000 127 85 0.6693
898.0000 127 86 0.6772
903.0000 128 86 0.6719
908.0000 129 86 0.6667
908.0000 129 87 0.6744
914.0000 130 87 0.6692
921.0000 131 87 0.6641
926.0000 131 88 0.6718
926.0000 131 89 0.6794
928.0000 131 90 0.6870
928.0000 131 91 0.6947
929.0000 132 91 0.6894
930.0000 132 92 0.6970
934.0000 133 92 0.6917
936.0000 133 93 0.6992
939.0000 133 94 0.7068
941.0000 134 94 0.7015
948.0000 135 94 0.6963
950.0000 135 95 0.7037
950.0000 135 96 0.7111
955.0000 136 96 0.7059
962.0000 137 96 0.7007
965.0000 137 97 0.7080
967.0000 137 98 0.7153
967.0000 137 99 0.7226
968.0000 138 99 0.7174
969.0000 138 100 0.7246
973.0000 138 101 0.7319
974.0000 139 101 0.7266
979.0000 140 101 0.7214
988.0000 141 101 0.7163
993.0000 142 101 0.7113
998.0000 143 101 0.7063
1003.0000 144 101 0.7014
1012.0000 145 101 0.6966
1015.0000 145 102 0.7034
1019.0000 146 102 0.6986
1020.0000 146 103 0.7055
1025.0000 147 103 0.7007
1025.0000 147 104 0.7075
1026.0000 147 105 0.7143
1032.0000 148 105 0.7095
1040.0000 149 105 0.7047
1047.0000 150 105 0.7000
1049.0000 150 106 0.7067
1053.0000 150 107 0.7133
1055.0000 150 108 0.7200
1055.0000 150 109 0.7267
1056.0000 151 109 0.7219
1063.0000 151 110 0.7285
1065.0000 152 110 0.7237
1074.0000 153 110 0.7190
1076.0000 153 111 0.7255
1079.0000 153 112 0.7320
1081.0000 154 112 0.7273
1087.0000 154 113 0.7338
1090.0000 155 113 0.7290
1096.0000 156 113 0.7244
1101.0000 157 113 0.7197
1107.0000 157 114 0.7261
1108.0000 158 114 0.7215
1108.0000 158 115 0.7278
1114.0000 158 116 0.7342
1116.0000 159 116 0.7296
1123.0000 160 116 0.7250
1129.0000 161 116 0.7205
1132.0000 161 117 0.7267
1132.0000 161 118 0.7329
1134.0000 161 119 0.7391
1136.0000 162 119 0.7346
1143.0000 163 119 0.7301
1144.0000 163 120 0.7362
1146.0000 163 121 0.7423
1148.0000 163 122 0.7485
1152.0000 164 122 0.7439
1154.0000 164 123 0.7500
1158.0000 164 124 0.7561
1161.0000 165 124 0.7515
1166.0000 165 125 0.7576
1168.0000 165 126 0.7636
1170.0000 166 126 0.7590
1170.0000 166 127 0.7651
1170.0000 166 128 0.7711
1172.0000 166 129 0.7771
1174.0000 166 130 0.7831
1175.0000 166 131 0.7892
1177.0000 167 131 0.7844
1180.0000 167 132 0.7904
1182.0000 168 132 0.7857
1188.0000 168 133 0.7917
1189.0000 169 133 0.7870
1195.0000 170 133 0.7824
1200.0000 171 133 0.7778
1202.0000 171 134 0.7836
1206.0000 172 134 0.7791
1209.0000 172 135 0.7849
1215.0000 173 135 0.7803
1223.0000 174 135 0.7759
1228.0000 175 135 0.7714
1233.0000 176 135 0.7670
1242.0000 177 135 0.7627
1247.0000 178 135 0.7584
1252.0000 178 136 0.7640
1253.0000 179 136 0.7598
1253.0000 179 137 0.7654
1254.0000 179 138 0.7709
1256.0000 179 139 0.7765
1260.0000 179 140 0.7821
1262.0000 180 140 0.7778
1262.0000 180 141 0.7833
1264.0000 180 142 0.7889
1267.0000 181 142 0.7845
1273.0000 182 142 0.7802
1281.0000 183 142 0.7760
1283.0000 183 143 0.7814
1288.0000 184 143 0.7772
1292.0000 184 144 0.7826
1294.0000 185 144 0.7784
1294.0000 185 145 0.7838
1300.0000 186 145 0.7796
1302.0000 186 146 0.7849
1307.0000 187 146 0.7807
1307.0000 187 147 0.7861
1312.0000 187 148 0.7914
1313.0000 188 148 0.7872
1319.0000 189 148 0.7831
1327.0000 190 148 0.7789
1329.0000 190 149 0.7842
1332.0000 190 150 0.7895
1336.0000 191 150 0.7853
1341.0000 191 151 0.7906
1341.0000 191 152 0.7958
1343.0000 191 153 0.8010
1344.0000 192 153 0.7969
1344.0000 192 154 0.8021
1345.0000 192 155 0.8073
1349.0000 193 155 0.8031
1353.0000 193 156 0.8083
1353.0000 193 157 0.8135
1354.0000 193 158 0.8187
1358.0000 194 158 0.8144
1366.0000 195 158 0.8103
1368.0000 195 159 0.8154
1372.0000 196 159 0.8112
1374.0000 196 160 0.8163
1376.0000 196 161 0.8214
1377.0000 197 161 0.8173
1382.0000 197 162 0.8223
1383.0000 198 162 0.8182
1388.0000 198 163 0.8232
1389.0000 199 163 0.8191
1390.0000 199 164 0.8241
1392.0000 199 165 0.8291
1394.0000 200 165 0.8250
1403.0000 201 165 0.8209
1408.0000 201 166 0.8259
1408.0000 201 167 0.8308
1409.0000 201 168 0.8358
1410.0000 201 169 0.8408
1411.0000 202 169 0.8366
1420.0000 203 169 0.8325
1428.0000 204 169 0.8284
1428.0000 204 170 0.8333
1429.0000 204 171 0.8382
1431.0000 204 172 0.8431
1431.0000 204 173 0.8480
1433.0000 204 174 0.8529
1437.0000 205 174 0.8488
1437.0000 205 175 0.8537
1446.0000 206 175 0.8495
1447.0000 206 176 0.8544
1449.0000 206 177 0.8592
1450.0000 206 178 0.8641
1455.0000 207 178 0.8599
1456.0000 207 179 0.8647
1457.0000 207 180 0.8696
1464.0000 208 180 0.8654
1465.0000 208 181 0.8702
1469.0000 209 181 0.8660
1470.0000 209 182 0.8708
1474.0000 209 183 0.8756
1476.0000 210 183 0.8714
1476.0000 210 184 0.8762
1480.0000 210 185 0.8810
1481.0000 210 186 0.8857
1485.0000 211 186 0.8815
1487.0000 211 187 0.8863
1489.0000 211 188 0.8910
1492.0000 212 188 0.8868
1499.0000 213 188 0.8826
1500.0000 213 189 0.8873
1506.0000 214 189 0.8832
1515.0000 215 189 0.8791
1518.0000 215 190 0.8837
1519.0000 215 191 0.8884
1522.0000 216 191 0.8843
1524.0000 216 192 0.8889
1531.0000 217 192 0.8848
1537.0000 218 192 0.8807
1545.0000 219 192 0.8767
1549.0000 219 193 0.8813
1549.0000 219 194 0.8858
1553.0000 220 194 0.8818
1560.0000 221 194 0.8778
1566.0000 221 195 0.8824
1568.0000 222 195 0.8784
1575.0000 223 195 0.8744
1579.0000 223 196 0.8789
1580.0000 224 196 0.8750
1584.0000 224 197 0.8795
1585.0000 224 198 0.8839
1586.0000 225 198 0.8800
1593.0000 226 198 0.8761
1599.0000 227 198 0.8722
1599.0000 227 199 0.8767
1601.0000 227 200 0.8811
1603.0000 227 201 0.8855
1604.0000 227 202 0.8899
1605.0000 227 203 0.8943
1606.0000 228 203 0.8904
1611.0000 228 204 0.8947
1614.0000 229 204 0.8908
1622.0000 230 204 0.8870
1628.0000 231 204 0.8831
1633.0000 231 205 0.8874
1633.0000 231 206 0.8918
1634.0000 232 206 0.8879
1635.0000 232 207 0.8922
1642.0000 233 207 0.8884
1651.0000 234 207 0.8846
1656.0000 235 207 0.8809
1664.0000 236 207 0.8771
1670.0000 237 207 0.8734
1675.0000 238 207 0.8697
1677.0000 238 208 0.8739
1681.0000 239 208 0.8703
1688.0000 240 208 0.8667
1689.0000 240 209 0.8708
1697.0000 241 209 0.8672
1698.0000 241 210 0.8714
1700.0000 241 211 0.8755
1706.0000 242 211 0.8719
1710.0000 242 212 0.8760
1711.0000 243 212 0.8724
1716.0000 244 212 0.8689
1717.0000 244 213 0.8730
1725.0000 245 213 0.8694
1730.0000 246 213 0.8659
1731.0000 246 214 0.8699
1733.0000 246 215 0.8740
1734.0000 246 216 0.8780
1735.0000 246 217 0.8821
1737.0000 247 217 0.8785
1742.0000 247 218 0.8826
1744.0000 248 218 0.8790
1749.0000 249 218 0.8755
1758.0000 250 218 0.8720
1762.0000 250 219 0.8760
1764.0000 251 219 0.8725
1771.0000 252 219 0.8690
1780.0000 253 219 0.8656
1787.0000 254 219 0.8622
1790.0000 254 220 0.8661
1795.0000 255 220 0.8627
1803.0000 256 220 0.8594
1810.0000 257 220 0.8560
1817.0000 258 220 0.8527
1826.0000 259 220 0.8494
1828.0000 259 221 0.8533
1829.0000 259 222 0.8571
1831.0000 259 223 0.8610
1835.0000 260 223 0.8577
1835.0000 260 224 0.8615
1839.0000 260 225 0.8654
1842.0000 260 226 0.8692
1844.0000 261 226 0.8659
1850.0000 262 226 0.8626
1855.0000 262 227 0.8664
1859.0000 263 227 0.8631
1861.0000 263 228 0.8669
1866.0000 264 228 0.8636
1869.0000 264 229 0.8674
1871.0000 264 230 0.8712
1872.0000 264 231 0.8750
1873.0000 264 232 0.8788
1875.0000 265 232 0.8755
1881.0000 265 233 0.8792
1882.0000 266 233 0.8759
1882.0000 266 234 0.8797
1889.0000 266 235 0.8835
1890.0000 267 235 0.8801
1896.0000 268 235 0.8769
1902.0000 269 235 0.8736
1907.0000 269 236 0.8773
1910.0000 270 236 0.8741
1917.0000 270 237 0.8778
1919.0000 271 237 0.8745
1925.0000 271 238 0.8782
1925.0000 271 239 0.8819
1925.0000 271 240 0.8856
1926.0000 272 240 0.8824
1927.0000 272 241 0.8860
1929.0000 272 242 0.8897
1929.0000 272 243 0.8934
1931.0000 272 244 0.8971
1932.0000 273 244 0.8938
1939.0000 274 244 0.8905
1942.0000 274 245 0.8942
1943.0000 274 246 0.8978
1944.0000 274 247 0.9015
1946.0000 275 247 0.8982
1952.0000 276 247 0.8949
1952.0000 276 248 0.8986
1952.0000 276 249 0.9022
1958.0000 277 249 0.8989
1965.0000 277 250 0.9025
1966.0000 278 250 0.8993
1967.0000 278 251 0.9029
1969.0000 278 252 0.9065
1971.0000 279 252 0.9032
1976.0000 280 252 0.9000
1984.0000 281 252 0.8968
1989.0000 281 253 0.9004
1990.0000 282 253 0.8972
1999.0000 283 253 0.8940
2004.0000 284 253 0.8908
2008.0000 284 254 0.8944
2010.0000 285 254 0.8912
2018.0000 286 254 0.8881
2024.0000 287 254 0.8850
2031.0000 288 254 0.8819
2033.0000 288 255 0.8854
2035.0000 288 256 0.8889
2039.0000 289 256 0.8858
2044.0000 289 257 0.8893
2045.0000 290 257 0.8862
2046.0000 290 258 0.8897
2048.0000 290 259 0.8931
2053.0000 291 259 0.8900
2059.0000 292 259 0.8870
2061.0000 292 260 0.8904
2063.0000 292 261 0.8938
2066.0000 293 261 0.8908
2071.0000 293 262 0.8942
2074.0000 294 262 0.8912
2083.0000 295 262 0.8881
2083.0000 295 263 0.8915
2084.0000 295 264 0.8949
2084.0000 295 265 0.8983
2084.0000 295 266 0.9017
2089.0000 296 266 0.8986
2095.0000 296 267 0.9020
2098.0000 297 267 0.8990
2098.0000 297 268 0.9024
2107.0000 298 268 0.8993
2110.0000 298 269 0.9027
2114.0000 299 269 0.8997
2115.0000 299 270 0.9030
2117.0000 299 271 0.9064
2118.0000 299 272 0.9097
2119.0000 300 272 0.9067
2119.0000 300 273 0.9100
2123.0000 300 274 0.9133
2127.0000 301 274 0.9103
2135.0000 302 274 0.9073
2144.0000 303 274 0.9043
2149.0000 304 274 0.9013
2149.0000 304 275 0.9046
2151.0000 304 276 0.9079
2155.0000 304 277 0.9112
2156.0000 305 277 0.9082
2163.0000 305 278 0.9115
2164.0000 306 278 0.9085
2168.0000 306 279 0.9118
2168.0000 306 280 0.9150
2170.0000 307 280 0.9121
2171.0000 307 281 0.9153
2177.0000 308 281 0.9123
2183.0000 308 282 0.9156
2184.0000 309 282 0.9126
2185.0000 309 283 0.9159
2187.0000 309 284 0.9191
2192.0000 310 284 0.9161
2192.0000 310 285 0.9194
2198.0000 311 285 0.9164
2198.0000 311 286 0.9196
2199.0000 311 287 0.9228
2203.0000 312 287 0.9199
2210.0000 313 287 0.9169
2210.0000 313 288 0.9201
2211.0000 313 289 0.9233
2213.0000 313 290 0.9265
2217.0000 314 290 0.9236
2223.0000 315 290 0.9206
2228.0000 316 290 0.9177
2232.0000 316 291 0.9209
2237.0000 317 291 0.9180
2245.0000 318 291 0.9151
2250.0000 318 292 0.9182
2253.0000 319 292 0.9154
2259.0000 320 292 0.9125
2265.0000 321 292 0.9097
2271.0000 321 293 0.9128
2273.0000 322 293 0.9099
2274.0000 322 294 0.9130
2277.0000 322 295 0.9161
2278.0000 323 295 0.9133
2281.0000 323 296 0.9164
2284.0000 323 297 0.9195
2285.0000 324 297 0.9167
2285.0000 324 298 0.9198
2287.0000 324 299 0.9228
2289.0000 324 300 0.9259
2290.0000 324 301 0.9290
2292.0000 325 301 0.9262
2293.0000 325 302 0.9292
2301.0000 326 302 0.9264
2306.0000 326 303 0.9294
2307.0000 327 303 0.9266
2308.0000 327 304 0.9297
2316.0000 328 304 0.9268
2323.0000 329 304 0.9240
2329.0000 330 304 0.9212
2334.0000 331 304 0.9184
2338.0000 331 305 0.9215
2341.0000 331 306 0.9245
2342.0000 332 306 0.9217
2350.0000 333 306 0.9189
2352.0000 333 307 0.9219
2353.0000 333 308 0.9249
2357.0000 334 308 0.9222
2362.0000 334 309 0.9251
2363.0000 335 309 0.9224
2365.0000 335 310 0.9254
2371.0000 335 311 0.9284
2372.0000 336 311 0.9256
2372.0000 336 312 0.9286
2378.0000 337 312 0.9258
2378.0000 337 313 0.9288
2379.0000 337 314 0.9318
2384.0000 337 315 0.9347
2387.0000 338 315 0.9320
2390.0000 338 316 0.9349
2392.0000 339 316 0.9322
2400.0000 339 317 0.9351
2401.0000 340 317 0.9324
2409.0000 341 317 0.9296
2409.0000 341 318 0.9326
2412.0000 341 319 0.9355
2417.0000 342 319 0.9327
2422.0000 343 319 0.9300
2427.0000 343 320 0.9329
2428.0000 343 321 0.9359
2431.0000 344 321 0.9331
2439.0000 345 321 0.9304
2445.0000 346 321 0.9277
2449.0000 346 322 0.9306
2451.0000 347 322 0.9280
2460.0000 348 322 0.9253
2465.0000 348 323 0.9282
2467.0000 349 323 0.9255
2475.0000 350 323 0.9229
2475.0000 350 324 0.9257
2480.0000 350 325 0.9286
2480.0000 350 326 0.9314
2481.0000 351 326 0.9288
2487.0000 351 327 0.9316
2488.0000 352 327 0.9290
2497.0000 353 327 0.9263
2499.0000 353 328 0.9292
2504.0000 353 329 0.9320
2505.0000 354 329 0.9294
2510.0000 355 329 0.9268
2513.0000 355 330 0.9296
2516.0000 356 330 0.9270
2525.0000 357 330 0.9244
2534.0000 358 330 0.9218
2535.0000 358 331 0.9246
2540.0000 359 331 0.9220
2544.0000 359 332 0.9248
2546.0000 359 333 0.9276
2547.0000 360 333 0.9250
2549.0000 360 334 0.9278
2551.0000 360 335 0.9306
2552.0000 361 335 0.9280
2557.0000 361 336 0.9307
2560.0000 362 336 0.9282
2561.0000 362 337 0.9309
2567.0000 362 338 0.9337
2568.0000 363 338 0.9311
2573.0000 364 338 0.9286
2579.0000 365 338 0.9260
2584.0000 365 339 0.9288
2585.0000 366 339 0.9262
2585.0000 366 340 0.9290
2592.0000 367 340 0.9264
2594.0000 367 341 0.9292
2598.0000 368 341 0.9266
2603.0000 369 341 0.9241
2608.0000 370 341 0.9216
2614.0000 371 341 0.9191
2620.0000 372 341 0.9167
2622.0000 372 342 0.9194
2626.0000 373 342 0.9169
2626.0000 373 343 0.9196
2631.0000 374 343 0.9171
2639.0000 375 343 0.9147
2642.0000 375 344 0.9173
2644.0000 376 344 0.9149
2652.0000 377 344 0.9125
2653.0000 377 345 0.9151
2653.0000 377 346 0.9178
2655.0000 377 347 0.9204
2655.0000 377 348 0.9231
2656.0000 377 349 0.9257
2657.0000 378 349 0.9233
2665.0000 379 349 0.9208
2666.0000 379 350 0.9235
2673.0000 380 350 0.9211
2681.0000 381 350 0.9186
2681.0000 381 351 0.9213
2683.0000 381 352 0.9239
2684.0000 381 353 0.9265
2690.0000 382 353 0.9241
2691.0000 382 354 0.9267
2694.0000 382 355 0.9293
2699.0000 383 355 0.9269
2700.0000 383 356 0.9295
2705.0000 383 357 0.9321
2708.0000 384 357 0.9297
2711.0000 384 358 0.9323
2714.0000 385 358 0.9299
2715.0000 385 359 0.9325
2722.0000 386 359 0.9301
2725.0000 386 360 0.9326
2729.0000 387 360 0.9302
2734.0000 388 360 0.9278
2734.0000 388 361 0.9304
2737.0000 388 362 0.9330
2743.0000 389 362 0.9306
2744.0000 389 363 0.9332
2748.0000 390 363 0.9308
2750.0000 390 364 0.9333
2752.0000 390 365 0.9359
2754.0000 390 366 0.9385
2757.0000 391 366 0.9361
2764.0000 392 366 0.9337
2770.0000 393 366 0.9313
2770.0000 393 367 0.9338
2770.0000 393 368 0.9364
2777.0000 394 368 0.9340
2781.0000 394 369 0.9365
2784.0000 394 370 0.9391
2785.0000 395 370 0.9367
2786.0000 395 371 0.9392
2790.0000 396 371 0.9369
2795.0000 396 372 0.9394
2797.0000 397 372 0.9370
2798.0000 397 373 0.9395
2805.0000 398 373 0.9372
2813.0000 399 373 0.9348
2814.0000 399 374 0.9373
2821.0000 400 374 0.9350
2827.0000 400 375 0.9375
2829.0000 401 375 0.9352
2834.0000 402 375 0.9328
2836.0000 402 376 0.9353
2842.0000 403 376 0.9330
2847.0000 404 376 0.9307
2852.0000 405 376 0.9284
2857.0000 406 376 0.9261
2857.0000 406 377 0.9286
2863.0000 407 377 0.9263
2863.0000 407 378 0.9287
2863.0000 407 379 0.9312
2865.0000 407 380 0.9337
2871.0000 407 381 0.9361
2872.0000 408 381 0.9338
2874.0000 408 382 0.9363
2881.0000 409 382 0.9340
2887.0000 410 382 0.9317
2891.0000 410 383 0.9341
2896.0000 411 383 0.9319
2899.0000 411 384 0.9343
2901.0000 411 385 0.9367
2904.0000 412 385 0.9345
2909.0000 412 386 0.9369
2911.0000 413 386 0.9346
2911.0000 413 387 0.9370
2913.0000 413 388 0.9395
2913.0000 413 389 0.9419
2916.0000 414 389 0.9396
2922.0000 415 389 0.9373
2927.0000 416 389 0.9351
2929.0000 416 390 0.9375
2936.0000 417 390 0.9353
2942.0000 418 390 0.9330
2944.0000 418 391 0.9354
2951.0000 419 391 0.9332
2954.0000 419 392 0.9356
2956.0000 420 392 0.9333
2956.0000 420 393 0.9357
2961.0000 421 393 0.9335
2969.0000 421 394 0.9359
2970.0000 422 394 0.9336
2970.0000 422 395 0.9360
2974.0000 422 396 0.9384
2975.0000 423 396 0.9362
2975.0000 423 397 0.9385
2976.0000 423 398 0.9409
2979.0000 423 399 0.9433
2981.0000 423 400 0.9456
2984.0000 424 400 0.9434
2986.0000 424 401 0.9458
2991.0000 425 401 0.9435
2993.0000 425 402 0.9459
3000.0000 426 402 0.9437
3007.0000 426 403 0.9460
3008.0000 427 403 0.9438
3017.0000 428 403 0.9416
3017.0000 428 404 0.9439
3021.0000 428 405 0.9463
3022.0000 428 406 0.9486
3023.0000 428 407 0.9509
3025.0000 429 407 0.9487
3034.0000 430 407 0.9465
3034.0000 430 408 0.9488
3036.0000 430 409 0.9512
3040.0000 431 409 0.9490
3046.0000 432 409 0.9468
3047.0000 432 410 0.9491
3048.0000 432 411 0.9514
3051.0000 433 411 0.9492
3060.0000 434 411 0.9470
3066.0000 434 412 0.9493
3066.0000 434 413 0.9516
3067.0000 435 413 0.9494
3070.0000 435 414 0.9517
3072.0000 435 415 0.9540
3072.0000 435 416 0.9563
3073.0000 436 416 0.9541
3073.0000 436 417 0.9564
3078.0000 436 418 0.9587
3079.0000 436 419 0.9610
3080.0000 437 419 0.9588
3081.0000 437 420 0.9611
3085.0000 438 420 0.9589
3086.0000 438 421 0.9612
3086.0000 438 422 0.9635
3091.0000 439 422 0.9613
3097.0000 440 422 0.9591
3102.0000 440 423 0.9614
3106.0000 441 423 0.9592
3106.0000 441 424 0.9615
3111.0000 441 425 0.9637
3114.0000 442 425 0.9615
3123.0000 443 425 0.9594
3130.0000 443 426 0.9616
3131.0000 444 426 0.9595
3138.0000 445 426 0.9573
3139.0000 445 427 0.9596
3141.0000 445 428 0.9618
3144.0000 446 428 0.9596
3144.0000 446 429 0.9619
3145.0000 446 430 0.9641
3151.0000 447 430 0.9620
3159.0000 448 430 0.9598
3164.0000 448 431 0.9621
3166.0000 449 431 0.9599
3170.0000 449 432 0.9621
3171.0000 449 433 0.9644
3172.0000 449 434 0.9666
3173.0000 449 435 0.9688
3175.0000 450 435 0.9667
3182.0000 450 436 0.9689
3184.0000 451 436 0.9667
3185.0000 451 437 0.9690
3189.0000 452 437 0.9668
3197.0000 453 437 0.9647
3201.0000 453 438 0.9669
3204.0000 454 438 0.9648
3207.0000 454 439 0.9670
3209.0000 454 440 0.9692
3211.0000 455 440 0.9670
3218.0000 456 440 0.9649
3223.0000 456 441 0.9671
3226.0000 456 442 0.9693
3227.0000 457 442 0.9672
3231.0000 457 443 0.9694
3236.0000 458 443 0.9672
3242.0000 459 443 0.9651
3251.0000 460 443 0.9630
3258.0000 461 443 0.9610
3258.0000 461 444 0.9631
3259.0000 461 445 0.9653
3264.0000 461 446 0.9675
3264.0000 461 447 0.9696
3266.0000 462 447 0.9675
3274.0000 463 447 0.9654
3281.0000 463 448 0.9676
3282.0000 464 448 0.9655
3286.0000 464 449 0.9677
3289.0000 464 450 0.9698
3291.0000 465 450 0.9677
3295.0000 465 451 0.9699
3298.0000 466 451 0.9678
3303.0000 467 451 0.9657
3309.0000 468 451 0.9637
3317.0000 468 452 0.9658
3318.0000 469 452 0.9638
3323.0000 469 453 0.9659
3324.0000 470 453 0.9638
3328.0000 470 454 0.9660
3330.0000 471 454 0.9639
3336.0000 471 455 0.9660
3338.0000 472 455 0.9640
3343.0000 472 456 0.9661
3344.0000 473 456 0.9641
3345.0000 473 457 0.9662
3350.0000 473 458 0.9683
3351.0000 474 458 0.9662
3356.0000 475 458 0.9642
3362.0000 476 458 0.9622
3370.0000 476 459 0.9643
3371.0000 477 459 0.9623
3378.0000 477 460 0.9644
3380.0000 478 460 0.9623
3386.0000 478 461 0.9644
3387.0000 478 462 0.9665
3388.0000 479 462 0.9645
3394.0000 479 463 0.9666
3394.0000 479 464 0.9687
3395.0000 480 464 0.9667
3403.0000 481 464 0.9647
3408.0000 481 465 0.9667
3409.0000 482 465 0.9647
3414.0000 482 466 0.9668
3417.0000 483 466 0.9648
3418.0000 483 467 0.9669
3420.0000 483 468 0.9689
3424.0000 484 468 0.9669
3427.0000 484 469 0.9690
3430.0000 485 469 0.9670
3439.0000 486 469 0.9650
3446.0000 487 469 0.9630
3453.0000 488 469 0.9611
3460.0000 489 469 0.9591
3467.0000 490 469 0.9571
3472.0000 491 469 0.9552
3477.0000 492 469 0.9533
3481.0000 492 470 0.9553
3482.0000 492 471 0.9573
3484.0000 493 471 0.9554
3492.0000 494 471 0.9534
3500.0000 495 471 0.9515
3500.0000 495 472 0.9535
3502.0000 495 473 0.9556
3506.0000 496 473 0.9536
3512.0000 497 473 0.9517
3517.0000 497 474 0.9537
3519.0000 498 474 0.9518
3522.0000 498 475 0.9538
3524.0000 498 476 0.9558
3525.0000 499 476 0.9539
3529.0000 499 477 0.9559
3531.0000 500 477 0.9540
3536.0000 500 478 0.9560
3537.0000 501 478 0.9541
3546.0000 502 478 0.9522
3546.0000 502 479 0.9542
3555.0000 503 479 0.9523
3561.0000 504 479 0.9504
3566.0000 504 480 0.9524
3566.0000 504 481 0.9544
3570.0000 505 481 0.9525
3577.0000 505 482 0.9545
3578.0000 506 482 0.9526
3581.0000 506 483 0.9545
3583.0000 506 484 0.9565
3585.0000 506 485 0.9585
3586.0000 507 485 0.9566
3593.0000 508 485 0.9547
3596.0000 508 486 0.9567
3599.0000 509 486 0.9548
3599.0000 509 487 0.9568
3608.0000 510 487 0.9549
3613.0000 511 487 0.9530
3614.0000 511 488 0.9550
3618.0000 511 489 0.9569
3620.0000 512 489 0.9551
3624.0000 512 490 0.9570
3625.0000 513 490 0.9552
3630.0000 514 490 0.9533
3630.0000 514 491 0.9553
3635.0000 515 491 0.9534
3638.0000 515 492 0.9553
3643.0000 516 492 0.9535
3648.0000 516 493 0.9554
3652.0000 517 493 0.9536
3653.0000 517 494 0.9555
3656.0000 517 495 0.9574
3660.0000 518 495 0.9556
3661.0000 518 496 0.9575
3666.0000 519 496 0.9557
3666.0000 519 497 0.9576
3668.0000 519 498 0.9595
3671.0000 520 498 0.9577
3679.0000 521 498 0.9559
3684.0000 522 498 0.9540
3691.0000 523 498 0.9522
3697.0000 524 498 0.9504
3697.0000 524 499 0.9523
3698.0000 524 500 0.9542
3702.0000 525 500 0.9524
3708.0000 526 500 0.9506
3717.0000 527 500 0.9488
3717.0000 527 501 0.9507
3725.0000 528 501 0.9489
3727.0000 528 502 0.9508
3729.0000 528 503 0.9527
3729.0000 528 504 0.9545
3730.0000 529 504 0.9527
3739.0000 530 504 0.9509
3745.0000 530 505 0.9528
3747.0000 531 505 0.9510
3755.0000 531 506 0.9529
3756.0000 532 506 0.9511
3759.0000 532 507 0.9530
3764.0000 533 507 0.9512
3772.0000 534 507 0.9494
3780.0000 535 507 0.9477
3785.0000 535 508 0.9495
3787.0000 536 508 0.9478
3791.0000 536 509 0.9496
3796.0000 537 509 0.9479
3796.0000 537 510 0.9497
3805.0000 538 510 0.9480
3805.0000 538 511 0.9498
3805.0000 538 512 0.9517
3812.0000 539 512 0.9499
3816.0000 539 513 0.9518
3817.0000 540 513 0.9500
3826.0000 541 513 0.9482
3829.0000 541 514 0.9501
3833.0000 542 514 0.9483
3833.0000 542 515 0.9502
3835.0000 542 516 0.9520
3838.0000 543 516 0.9503
3845.0000 544 516 0.9485
3845.0000 544 517 0.9504
3852.0000 545 517 0.9486
3855.0000 545 518 0.9505
3858.0000 546 518 0.9487
3860.0000 546 519 0.9505
3863.0000 547 519 0.9488
3872.0000 548 519 0.9471
3872.0000 548 520 0.9489
3876.0000 548 521 0.9507
3880.0000 549 521 0.9490
3880.0000 549 522 0.9508
3888.0000 550 522 0.9491
3892.0000 550 523 0.9509
3895.0000 550 524 0.9527
3897.0000 551 524 0.9510
3900.0000 551 525 0.9528
3902.0000 551 526 0.9546
3903.0000 552 526 0.9529
3909.0000 553 526 0.9512
3912.0000 553 527 0.9530
3912.0000 553 528 0.9548
3915.0000 554 528 0.9531
3922.0000 555 528 0.9514
3922.0000 555 529 0.9532
3927.0000 556 529 0.9514
3931.0000 556 530 0.9532
3934.0000 557 530 0.9515
3934.0000 557 531 0.9533
3942.0000 558 531 0.9516
3946.0000 558 532 0.9534
3946.0000 558 533 0.9552
3947.0000 559 533 0.9535
3948.0000 559 534 0.9553
3950.0000 559 535 0.9571
3954.0000 560 535 0.9554
3955.0000 560 536 0.9571
3960.0000 560 537 0.9589
3962.0000 560 538 0.9607
3963.0000 561 538 0.9590
3968.0000 561 539 0.9608
3970.0000 562 539 0.9591
3978.0000 563 539 0.9574
3979.0000 563 540 0.9591
3985.0000 564 540 0.9574
3990.0000 565 540 0.9558
3990.0000 565 541 0.9575
3997.0000 566 541 0.9558
4000.0000 566 542 0.9576
4002.0000 567 542 0.9559
4009.0000 567 543 0.9577
4011.0000 568 543 0.9560
4014.0000 568 544 0.9577
4016.0000 568 545 0.9595
4017.0000 569 545 0.9578
4023.0000 570 545 0.9561
4027.0000 570 546 0.9579
4030.0000 571 546 0.9562
4030.0000 571 547 0.9580
4031.0000 571 548 0.9597
4031.0000 571 549 0.9615
4032.0000 571 550 0.9632
4038.0000 572 550 0.9615
4046.0000 573 550 0.9599
4046.0000 573 551 0.9616
4050.0000 573 552 0.9634
4052.0000 574 552 0.9617
4061.0000 575 552 0.9600
4065.0000 575 553 0.9617
4067.0000 576 553 0.9601
4068.0000 576 554 0.9618
4068.0000 576 555 0.9635
4076.0000 577 555 0.9619
4083.0000 578 555 0.9602
4090.0000 578 556 0.9619
4091.0000 579 556 0.9603
4095.0000 579 557 0.9620
4096.0000 580 557 0.9603
4105.0000 581 557 0.9587
4111.0000 581 558 0.9604
4113.0000 582 558 0.9588
4113.0000 582 559 0.9605
4117.0000 582 560 0.9622
4122.0000 583 560 0.9605
4127.0000 584 560 0.9589
4133.0000 584 561 0.9606
4135.0000 585 561 0.9590
4139.0000 585 562 0.9607
4143.0000 586 562 0.9590
4146.0000 586 563 0.9608
4147.0000 586 564 0.9625
4149.0000 586 565 0.9642
4152.0000 587 565 0.9625
4153.0000 587 566 0.9642
4157.0000 588 566 0.9626
4160.0000 588 567 0.9643
4164.0000 588 568 0.9660
4166.0000 589 568 0.9643
4171.0000 589 569 0.9660
4174.0000 590 569 0.9644
4178.0000 590 570 0.9661
4181.0000 591 570 0.9645
4181.0000 591 571 0.9662
4186.0000 592 571 0.9645
4192.0000 593 571 0.9629
4201.0000 594 571 0.9613
4205.0000 594 572 0.9630
4207.0000 594 573 0.9646
4208.0000 595 573 0.9630
4212.0000 595 574 0.9647
4216.0000 596 574 0.9631
4216.0000 596 575 0.9648
4223.0000 597 575 0.9631
4225.0000 597 576 0.9648
4228.0000 597 577 0.9665
4229.0000 598 577 0.9649
4234.0000 598 578 0.9666
4235.0000 599 578 0.9649
4241.0000 600 578 0.9633
4241.0000 600 579 0.9650
4250.0000 601 579 0.9634
4255.0000 602 579 0.9618
4255.0000 602 580 0.9635
4261.0000 602 581 0.9651
4264.0000 603 581 0.9635
4266.0000 603 582 0.9652
4266.0000 603 583 0.9668
4272.0000 604 583 0.9652
4277.0000 605 583 0.9636
4286.0000 606 583 0.9620
4291.0000 607 583 0.9605
4296.0000 608 583 0.9589
4302.0000 609 583 0.9573
4307.0000 609 584 0.9589
4309.0000 610 584 0.9574
4315.0000 611 584 0.9558
4320.0000 612 584 0.9542
4329.0000 613 584 0.9527
4335.0000 614 584 0.9511
4335.0000 614 585 0.9528
4343.0000 615 585 0.9512
4344.0000 615 586 0.9528
4351.0000 616 586 0.9513
4352.0000 616 587 0.9529
4356.0000 617 587 0.9514
4360.0000 617 588 0.9530
4361.0000 618 588 0.9515
4368.0000 619 588 0.9499
4370.0000 619 589 0.9515
4372.0000 619 590 0.9532
4374.0000 619 591 0.9548
4374.0000 619 592 0.9564
4375.0000 620 592 0.9548
4376.0000 620 593 0.9565
4378.0000 620 594 0.9581
4380.0000 620 595 0.9597
4381.0000 621 595 0.9581
4388.0000 621 596 0.9597
4390.0000 622 596 0.9582
4393.0000 622 597 0.9598
4396.0000 623 597 0.9583
4398.0000 623 598 0.9599
4404.0000 624 598 0.9583
4404.0000 624 599 0.9599
4410.0000 624 600 0.9615
4413.0000 625 600 0.9600
4416.0000 625 601 0.9616
4420.0000 625 602 0.9632
4421.0000 626 602 0.9617
4426.0000 627 602 0.9601
4431.0000 628 602 0.9586
4433.0000 628 603 0.9602
4437.0000 629 603 0.9587
4443.0000 629 604 0.9603
4445.0000 629 605 0.9618
4446.0000 630 605 0.9603
4449.0000 630 606 0.9619
4452.0000 631 606 0.9604
4458.0000 632 606 0.9589
4465.0000 633 606 0.9573
4471.0000 634 606 0.9558
4476.0000 635 606 0.9543
4476.0000 635 607 0.9559
4482.0000 636 607 0.9544
4486.0000 636 608 0.9560
4486.0000 636 609 0.9575
4487.0000 637 609 0.9560
4489.0000 637 610 0.9576
4494.0000 638 610 0.9561
4496.0000 638 611 0.9577
4503.0000 639 611 0.9562
4511.0000 640 611 0.9547
4515.0000 640 612 0.9563
4517.0000 641 612 0.9548
4517.0000 641 613 0.9563
4525.0000 642 613 0.9548
4530.0000 643 613 0.9533
4532.0000 643 614 0.9549
4536.0000 644 614 0.9534
4542.0000 644 615 0.9550
4543.0000 644 616 0.9565
4545.0000 645 616 0.9550
4545.0000 645 617 0.9566
4551.0000 645 618 0.9581
4553.0000 646 618 0.9567
4557.0000 646 619 0.9582
4558.0000 647 619 0.9567
4559.0000 647 620 0.9583
4560.0000 647 621 0.9598
4567.0000 648 621 0.9583
4567.0000 648 622 0.9599
4567.0000 648 623 0.9614
4569.0000 648 624 0.9630
4574.0000 649 624 0.9615
4580.0000 649 625 0.9630
4582.0000 650 625 0.9615
4583.0000 650 626 0.9631
4588.0000 651 626 0.9616
4594.0000 652 626 0.9601
4596.0000 652 627 0.9617
4599.0000 653 627 0.9602
4607.0000 654 627 0.9587
4607.0000 654 628 0.9602
4612.0000 655 628 0.9588
4621.0000 656 628 0.9573
4627.0000 657 628 0.9559
4628.0000 657 629 0.9574
4634.0000 658 629 0.9559
4635.0000 658 630 0.9574
4642.0000 659 630 0.9560
4651.0000 660 630 0.9545
4657.0000 661 630 0.9531
4658.0000 661 631 0.9546
4663.0000 662 631 0.9532
4669.0000 663 631 0.9517
4672.0000 663 632 0.9532
4678.0000 664 632 0.9518
4684.0000 665 632 0.9504
4691.0000 666 632 0.9489
4691.0000 666 633 0.9505
4696.0000 666 634 0.9520
4697.0000 667 634 0.9505
4706.0000 668 634 0.9491
4709.0000 668 635 0.9506
4710.0000 668 636 0.9521
4712.0000 669 636 0.9507
4712.0000 669 637 0.9522
4714.0000 669 638 0.9537
4720.0000 670 638 0.9522
4720.0000 670 639 0.9537
4725.0000 670 640 0.9552
4727.0000 670 641 0.9567
4728.0000 671 641 0.9553
4732.0000 671 642 0.9568
4733.0000 671 643 0.9583
4737.0000 672 643 0.9568
4744.0000 673 643 0.9554
4746.0000 673 644 0.9569
4752.0000 674 644 0.9555
4757.0000 675 644 0.9541
4763.0000 675 645 0.9556
4766.0000 676 645 0.9541
4768.0000 676 646 0.9556
4770.0000 676 647 0.9571
4772.0000 677 647 0.9557
4772.0000 677 648 0.9572
4772.0000 677 649 0.9586
4781.0000 678 649 0.9572
4786.0000 679 649 0.9558
4792.0000 680 649 0.9544
4794.0000 680 650 0.9559
4796.0000 680 651 0.9574
4797.0000 680 652 0.9588
4798.0000 680 653 0.9603
4799.0000 681 653 0.9589
4799.0000 681 654 0.9604
4804.0000 682 654 0.9589
4804.0000 682 655 0.9604
4806.0000 682 656 0.9619
4806.0000 682 657 0.9633
4809.0000 683 657 0.9619
4813.0000 683 658 0.9634
4815.0000 684 658 0.9620
4822.0000 685 658 0.9606
4825.0000 685 659 0.9620
4825.0000 685 660 0.9635
4830.0000 685 661 0.9650
4831.0000 686 661 0.9636
4836.0000 686 662 0.9650
4836.0000 686 663 0.9665
4839.0000 687 663 0.9651
4841.0000 687 664 0.9665
4845.0000 688 664 0.9651
4854.0000 689 664 0.9637
4857.0000 689 665 0.9652
4862.0000 690 665 0.9638
4865.0000 690 666 0.9652
4867.0000 691 666 0.9638
4867.0000 691 667 0.9653
4868.0000 691 668 0.9667
4869.0000 691 669 0.9682
4871.0000 691 670 0.9696
4871.0000 691 671 0.9711
4873.0000 691 672 0.9725
4873.0000 691 673 0.9740
4874.0000 692 673 0.9725
4881.0000 693 673 0.9711
4883.0000 693 674 0.9726
4890.0000 694 674 0.9712
4890.0000 694 675 0.9726
4896.0000 695 675 0.9712
4900.0000 695 676 0.9727
4902.0000 696 676 0.9713
4903.0000 696 677 0.9727
4904.0000 696 678 0.9741
4908.0000 697 678 0.9727
4917.0000 698 678 0.9713
4923.0000 699 678 0.9700
4928.0000 700 678 0.9686
4930.0000 700 679 0.9700
4935.0000 700 680 0.9714
4936.0000 700 681 0.9729
4937.0000 701 681 0.9715
4942.0000 701 682 0.9729
4945.0000 702 682 0.9715
4950.0000 703 682 0.9701
4951.0000 703 683 0.9716
4959.0000 704 683 0.9702
4964.0000 705 683 0.9688
4970.0000 706 683 0.9674
4977.0000 706 684 0.9688
4978.0000 707 684 0.9675
4979.0000 707 685 0.9689
4981.0000 707 686 0.9703
4982.0000 707 687 0.9717
4983.0000 708 687 0.9703
4988.0000 709 687 0.9690
4997.0000 710 687 0.9676
5002.0000 710 688 0.9690
5004.0000 711 688 0.9677
5008.0000 711 689 0.9691
5013.0000 712 689 0.9677
5019.0000 713 689 0.9663
5028.0000 714 689 0.9650
5032.0000 714 690 0.9664
5032.0000 714 691 0.9678
5036.0000 715 691 0.9664
5037.0000 715 692 0.9678
5039.0000 715 693 0.9692
5044.0000 716 693 0.9679
5053.0000 717 693 0.9665
5057.0000 717 694 0.9679
5057.0000 717 695 0.9693
5058.0000 718 695 0.9680
5061.0000 718 696 0.9694
5067.0000 719 696 0.9680
5070.0000 719 697 0.9694
5073.0000 720 697 0.9681
5073.0000 720 698 0.9694
5081.0000 721 698 0.9681
5081.0000 721 699 0.9695
5084.0000 721 700 0.9709
5086.0000 722 700 0.9695
5086.0000 722 701 0.9709
5088.0000 722 702 0.9723
5093.0000 723 702 0.9710
5099.0000 724 702 0.9696
5101.0000 724 703 0.9710
5103.0000 724 704 0.9724
5108.0000 725 704 0.9710
5111.0000 725 705 0.9724
5116.0000 726 705 0.9711
5121.0000 726 706 0.9725
5124.0000 727 706 0.9711
5133.0000 728 706 0.9698
5142.0000 729 706 0.9684
5147.0000 730 706 0.9671
5155.0000 731 706 0.9658
5155.0000 731 707 0.9672
5155.0000 731 708 0.9685
5161.0000 732 708 0.9672
5161.0000 732 709 0.9686
5166.0000 733 709 0.9673
5168.0000 733 710 0.9686
5175.0000 734 710 0.9673
5179.0000 734 711 0.9687
5180.0000 735 711 0.9673
5180.0000 735 712 0.9687
5186.0000 736 712 0.9674
5195.0000 737 712 0.9661
5195.0000 737 713 0.9674
5197.0000 737 714 0.9688
5202.0000 738 714 0.9675
5204.0000 738 715 0.9688
5206.0000 738 716 0.9702
5208.0000 738 717 0.9715
5209.0000 739 717 0.9702
5214.0000 739 718 0.9716
5218.0000 740 718 0.9703
5224.0000 741 718 0.9690
5224.0000 741 719 0.9703
5224.0000 741 720 0.9717
5225.0000 741 721 0.9730
5232.0000 742 721 0.9717
5239.0000 743 721 0.9704
5244.0000 744 721 0.9691
5244.0000 744 722 0.9704
5250.0000 745 722 0.9691
5251.0000 745 723 0.9705
5253.0000 745 724 0.9718
5256.0000 746 724 0.9705
5264.0000 747 724 0.9692
5273.0000 748 724 0.9679
5277.0000 748 725 0.9693
5282.0000 749 725 0.9680
5284.0000 749 726 0.9693
5288.0000 749 727 0.9706
5289.0000 749 728 0.9720
5290.0000 750 728 0.9707
5292.0000 750 729 0.9720
5298.0000 751 729 0.9707
5303.0000 751 730 0.9720
5304.0000 751 731 0.9734
5305.0000 752 731 0.9721
5312.0000 753 731 0.9708
5320.0000 754 731 0.9695
5320.0000 754 732 0.9708
5328.0000 755 732 0.9695
5329.0000 755 733 0.9709
5330.0000 755 734 0.9722
5335.0000 756 734 0.9709
5335.0000 756 735 0.9722
5335.0000 756 736 0.9735
5335.0000 756 737 0.9749
5337.0000 756 738 0.9762
5340.0000 756 739 0.9775
5344.0000 757 739 0.9762
5352.0000 758 739 0.9749
5354.0000 758 740 0.9763
5359.0000 759 740 0.9750
5366.0000 760 740 0.9737
5372.0000 761 740 0.9724
5379.0000 762 740 0.9711
5384.0000 763 740 0.9699
5387.0000 763 741 0.9712
5389.0000 764 741 0.9699
5395.0000 765 741 0.9686
5402.0000 766 741 0.9674
5404.0000 766 742 0.9687
5408.0000 766 743 0.9700
5410.0000 766 744 0.9713
5411.0000 767 744 0.9700
5417.0000 768 744 0.9688
5423.0000 769 744 0.9675
5426.0000 769 745 0.9688
5429.0000 770 745 0.9675
5431.0000 770 746 0.9688
5431.0000 770 747 0.9701
5438.0000 771 747 0.9689
5440.0000 771 748 0.9702
5441.0000 771 749 0.9715
5442.0000 771 750 0.9728
5444.0000 772 750 0.9715
5446.0000 772 751 0.9728
5446.0000 772 752 0.9741
5452.0000 773 752 0.9728
5457.0000 774 752 0.9716
5466.0000 775 752 0.9703
5472.0000 776 752 0.9691
5478.0000 776 753 0.9704
5480.0000 777 753 0.9691
5481.0000 777 754 0.9704
5482.0000 777 755 0.9717
5485.0000 777 756 0.9730
5487.0000 777 757 0.9743
5489.0000 778 757 0.9730
5493.0000 778 758 0.9743
5497.0000 779 758 0.9730
5497.0000 779 759 0.9743
5504.0000 780 759 0.9731
5506.0000 780 760 0.9744
5511.0000 781 760 0.9731
5518.0000 782 760 0.9719
5521.0000 782 761 0.9731
5521.0000 782 762 0.9744
5523.0000 783 762 0.9732
5527.0000 783 763 0.9745
5527.0000 783 764 0.9757
5527.0000 783 765 0.9770
5530.0000 784 765 0.9758
5531.0000 784 766 0.9770
5537.0000 785 766 0.9758
5540.0000 785 767 0.9771
5546.0000 786 767 0.9758
5553.0000 786 768 0.9771
5555.0000 787 768 0.9759
5561.0000 787 769 0.9771
5564.0000 788 769 0.9759
5573.0000 789 769 0.9747
5578.0000 789 770 0.9759
5578.0000 789 771 0.9772
5581.0000 790 771 0.9759
5590.0000 791 771 0.9747
5595.0000 792 771 0.9735
5596.0000 792 772 0.9747
5600.0000 792 773 0.9760
5603.0000 793 773 0.9748
5610.0000 794 773 0.9736
5618.0000 795 773 0.9723
5623.0000 795 774 0.9736
5624.0000 796 774 0.9724
5633.0000 797 774 0.9711
5638.0000 798 774 0.9699
5639.0000 798 775 0.9712
5640.0000 798 776 0.9724
5642.0000 798 777 0.9737
5642.0000 798 778 0.9749
5646.0000 799 778 0.9737
5654.0000 800 778 0.9725
5663.0000 801 778 0.9713
5668.0000 802 778 0.9701
5677.0000 803 778 0.9689
5682.0000 803 779 0.9701
5685.0000 804 779 0.9689
5691.0000 804 780 0.9701
5694.0000 805 780 0.9689
5695.0000 805 781 0.9702
5697.0000 805 782 0.9714
5697.0000 805 783 0.9727
5700.0000 806 783 0.9715
5700.0000 806 784 0.9727
5701.0000 806 785 0.9739
5703.0000 806 786 0.9752
5706.0000 807 786 0.9740
5709.0000 807 787 0.9752
5715.0000 808 787 0.9740
5717.0000 808 788 0.9752
5719.0000 808 789 0.9765
5720.0000 809 789 0.9753
5726.0000 809 790 0.9765
5728.0000 810 790 0.9753
5735.0000 811 790 0.9741
5735.0000 811 791 0.9753
5735.0000 811 792 0.9766
5736.0000 811 793 0.9778
5741.0000 811 794 0.9790
5742.0000 812 794 0.9778
5748.0000 813 794 0.9766
5748.0000 813 795 0.9779
5754.0000 814 795 0.9767
5754.0000 814 796 0.9779
5756.0000 814 797 0.9791
5759.0000 815 797 0.9779
5766.0000 816 797 0.9767
5772.0000 817 797 0.9755
5780.0000 818 797 0.9743
5787.0000 819 797 0.9731
5792.0000 820 797 0.9720
5799.0000 821 797 0.9708
5800.0000 821 798 0.9720
5801.0000 821 799 0.9732
5804.0000 821 800 0.9744
5808.0000 822 800 0.9732
5810.0000 822 801 0.9745
5815.0000 822 802 0.9757
5816.0000 823 802 0.9745
5818.0000 823 803 0.9757
5818.0000 823 804 0.9769
5819.0000 823 805 0.9781
5824.0000 823 806 0.9793
5825.0000 824 806 0.9782
5826.0000 824 807 0.9794
5828.0000 824 808 0.9806
5833.0000 825 808 0.9794
5839.0000 826 808 0.9782
5840.0000 826 809 0.9794
5843.0000 826 810 0.9806
5844.0000 827 810 0.9794
5846.0000 827 811 0.9807
5849.0000 827 812 0.9819
5852.0000 828 812 0.9807
5855.0000 828 813 0.9819
5860.0000 829 813 0.9807
5867.0000 830 813 0.9795
5876.0000 831 813 0.9783
5879.0000 831 814 0.9795
5884.0000 832 814 0.9784
5892.0000 833 814 0.9772
5895.0000 833 815 0.9784
5901.0000 834 815 0.9772
5910.0000 835 815 0.9760
5913.0000 835 816 0.9772
5919.0000 836 816 0.9761
5924.0000 837 816 0.9749
5930.0000 837 817 0.9761
5932.0000 838 817 0.9749
5938.0000 838 818 0.9761
5939.0000 839 818 0.9750
5946.0000 840 818 0.9738
5951.0000 841 818 0.9727
5952.0000 841 819 0.9738
5955.0000 841 820 0.9750
5959.0000 842 820 0.9739
5962.0000 842 821 0.9751
5967.0000 842 822 0.9762
5968.0000 843 822 0.9751
5974.0000 844 822 0.9739
5981.0000 844 823 0.9751
5982.0000 845 823 0.9740
5982.0000 845 824 0.9751
5987.0000 845 825 0.9763
5989.0000 846 825 0.9752
5992.0000 846 826 0.9764
5993.0000 846 827 0.9775
5995.0000 847 827 0.9764
6000.0000 848 827 0.9752
6008.0000 849 827 0.9741
6015.0000 850 827 0.9729
6015.0000 850 828 0.9741
6015.0000 850 829 0.9753
6016.0000 850 830 0.9765
6023.0000 851 830 0.9753
6030.0000 852 830 0.9742
6035.0000 853 830 0.9730
6039.0000 853 831 0.9742
6041.0000 854 831 0.9731
6041.0000 854 832 0.9742
6045.0000 854 833 0.9754
6047.0000 855 833 0.9743
6050.0000 855 834 0.9754
6054.0000 856 834 0.9743
6061.0000 857 834 0.9732
6068.0000 858 834 0.9720
6069.0000 858 835 0.9732
6069.0000 858 836 0.9744
6077.0000 859 836 0.9732
6083.0000 859 837 0.9744
6085.0000 860 837 0.9733
6094.0000 861 837 0.9721
6094.0000 861 838 0.9733
6098.0000 861 839 0.9744
6102.0000 861 840 0.9756
6103.0000 862 840 0.9745
6104.0000 862 841 0.9756
6108.0000 862 842 0.9768
6110.0000 863 842 0.9757
6116.0000 864 842 0.9745
6116.0000 864 843 0.9757
6121.0000 864 844 0.9769
6123.0000 865 844 0.9757
6127.0000 865 845 0.9769
6129.0000 866 845 0.9758
6129.0000 866 846 0.9769
6131.0000 866 847 0.9781
6133.0000 866 848 0.9792
6137.0000 867 848 0.9781
6139.0000 867 849 0.9792
6146.0000 868 849 0.9781
6155.0000 869 849 0.9770
6161.0000 870 849 0.9759
6169.0000 871 849 0.9747
6170.0000 871 850 0.9759
6175.0000 872 850 0.9748
6181.0000 872 851 0.9759
6183.0000 873 851 0.9748
6189.0000 873 852 0.9759
6190.0000 874 852 0.9748
6197.0000 874 853 0.9760
6199.0000 875 853 0.9749
6201.0000 875 854 0.9760
6205.0000 876 854 0.9749
6211.0000 877 854 0.9738
6212.0000 877 855 0.9749
6216.0000 878 855 0.9738
6220.0000 878 856 0.9749
6221.0000 879 856 0.9738
6228.0000 880 856 0.9727
6233.0000 881 856 0.9716
6238.0000 881 857 0.9728
6242.0000 882 857 0.9717
6248.0000 882 858 0.9728
6251.0000 883 858 0.9717
6254.0000 883 859 0.9728
6257.0000 884 859 0.9717
6257.0000 884 860 0.9729
6262.0000 885 860 0.9718
6263.0000 885 861 0.9729
6269.0000 886 861 0.9718
6274.0000 886 862 0.9729
6274.0000 886 863 0.9740
6276.0000 887 863 0.9729
6278.0000 887 864 0.9741
6278.0000 887 865 0.9752
6280.0000 887 866 0.9763
6284.0000 888 866 0.9752
6284.0000 888 867 0.9764
6289.0000 889 867 0.9753
6294.0000 889 868 0.9764
6297.0000 890 868 0.9753
6306.0000 891 868 0.9742
6314.0000 892 868 0.9731
6323.0000 893 868 0.9720
6324.0000 893 869 0.9731
6326.0000 893 870 0.9742
6328.0000 894 870 0.9732
6329.0000 894 871 0.9743
6329.0000 894 872 0.9754
6332.0000 894 873 0.9765
6334.0000 895 873 0.9754
6340.0000 896 873 0.9743
6349.0000 897 873 0.9732
6358.0000 898 873 0.9722
6366.0000 899 873 0.9711
6373.0000 900 873 0.9700
6378.0000 901 873 0.9689
6386.0000 902 873 0.9678
6387.0000 902 874 0.9690
6391.0000 902 875 0.9701
6394.0000 902 876 0.9712
6395.0000 903 876 0.9701
6400.0000 904 876 0.9690
6405.0000 905 876 0.9680
6405.0000 905 877 0.9691
6407.0000 905 878 0.9702
6410.0000 905 879 0.9713
6412.0000 906 879 0.9702
6418.0000 907 879 0.9691
6426.0000 908 879 0.9681
6427.0000 908 880 0.9692
6433.0000 909 880 0.9681
6437.0000 909 881 0.9692
6439.0000 909 882 0.9703
6440.0000 910 882 0.9692
6441.0000 910 883 0.9703
6448.0000 911 883 0.9693
6456.0000 912 883 0.9682
6461.0000 913 883 0.9671
6464.0000 913 884 0.9682
6466.0000 913 885 0.9693
6467.0000 914 885 0.9683
6467.0000 914 886 0.9694
6469.0000 914 887 0.9705
6475.0000 914 888 0.9716
6476.0000 915 888 0.9705
6483.0000 916 888 0.9694
6485.0000 916 889 0.9705
6489.0000 917 889 0.9695
6494.0000 917 890 0.9706
6498.0000 918 890 0.9695
6499.0000 918 891 0.9706
6501.0000 918 892 0.9717
6504.0000 918 893 0.9728
6506.0000 919 893 0.9717
6511.0000 920 893 0.9707
6516.0000 920 894 0.9717
6520.0000 921 894 0.9707
6522.0000 921 895 0.9718
6523.0000 921 896 0.9729
6526.0000 922 896 0.9718
6533.0000 923 896 0.9707
6538.0000 924 896 0.9697
6540.0000 924 897 0.9708
6543.0000 924 898 0.9719
6545.0000 925 898 0.9708
6549.0000 925 899 0.9719
6554.0000 926 899 0.9708
6561.0000 927 899 0.9698
6563.0000 927 900 0.9709
6564.0000 927 901 0.9720
6569.0000 928 901 0.9709
6570.0000 928 902 0.9720
6571.0000 928 903 0.9731
6576.0000 928 904 0.9741
6577.0000 929 904 0.9731
6583.0000 930 904 0.9720
6591.0000 931 904 0.9710
6600.0000 932 904 0.9700
6600.0000 932 905 0.9710
6602.0000 932 906 0.9721
6604.0000 932 907 0.9732
6605.0000 933 907 0.9721
6605.0000 933 908 0.9732
6608.0000 933 909 0.9743
6613.0000 934 909 0.9732
6613.0000 934 910 0.9743
6621.0000 935 910 0.9733
6622.0000 935 911 0.9743
6627.0000 936 911 0.9733
6633.0000 937 911 0.9723
6638.0000 938 911 0.9712
6643.0000 939 911 0.9702
6646.0000 939 912 0.9712
6648.0000 940 912 0.9702
6657.0000 941 912 0.9692
6657.0000 941 913 0.9702
6660.0000 941 914 0.9713
6660.0000 941 915 0.9724
6662.0000 942 915 0.9713
6669.0000 943 915 0.9703
6670.0000 943 916 0.9714
6670.0000 943 917 0.9724
6670.0000 943 918 0.9735
6672.0000 943 919 0.9745
6674.0000 943 920 0.9756
6676.0000 944 920 0.9746
6678.0000 944 921 0.9756
6683.0000 944 922 0.9767
6685.0000 945 922 0.9757
6685.0000 945 923 0.9767
6689.0000 945 924 0.9778
6692.0000 946 924 0.9767
6695.0000 946 925 0.9778
6695.0000 946 926 0.9789
6697.0000 946 927 0.9799
6699.0000 947 927 0.9789
6702.0000 947 928 0.9799
6704.0000 947 929 0.9810
6706.0000 948 929 0.9800
6711.0000 949 929 0.9789
6713.0000 949 930 0.9800
6717.0000 950 930 0.9789
6722.0000 951 930 0.9779
6724.0000 951 931 0.9790
6727.0000 951 932 0.9800
6730.0000 952 932 0.9790
6731.0000 952 933 0.9800
6732.0000 952 934 0.9811
6735.0000 952 935 0.9821
6739.0000 953 935 0.9811
6745.0000 954 935 0.9801
6753.0000 955 935 0.9791
6762.0000 956 935 0.9780
6762.0000 956 936 0.9791
6762.0000 956 937 0.9801
6769.0000 956 938 0.9812
6771.0000 957 938 0.9801
6779.0000 957 939 0.9812
6780.0000 958 939 0.9802
6782.0000 958 940 0.9812
6786.0000 959 940 0.9802
6787.0000 959 941 0.9812
6795.0000 960 941 0.9802
6796.0000 960 942 0.9813
6804.0000 961 942 0.9802
6804.0000 961 943 0.9813
6804.0000 961 944 0.9823
6809.0000 962 944 0.9813
6816.0000 963 944 0.9803
6823.0000 964 944 0.9793
6826.0000 964 945 0.9803
6830.0000 965 945 0.9793
6838.0000 966 945 0.9783
6841.0000 966 946 0.9793
6844.0000 967 946 0.9783
6846.0000 967 947 0.9793
6847.0000 967 948 0.9804
6850.0000 968 948 0.9793
6858.0000 969 948 0.9783
6861.0000 969 949 0.9794
6864.0000 970 949 0.9784
6868.0000 970 950 0.9794
6869.0000 970 951 0.9804
6871.0000 971 951 0.9794
6878.0000 972 951 0.9784
6885.0000 973 951 0.9774
6890.0000 974 951 0.9764
6896.0000 975 951 0.9754
6901.0000 976 951 0.9744
6909.0000 977 951 0.9734
6911.0000 977 952 0.9744
6918.0000 978 952 0.9734
6918.0000 978 953 0.9744
6919.0000 978 954 0.9755
6927.0000 979 954 0.9745
6934.0000 980 954 0.9735
6936.0000 980 955 0.9745
6941.0000 981 955 0.9735
6948.0000 982 955 0.9725
6952.0000 982 956 0.9735
6957.0000 983 956 0.9725
6964.0000 984 956 0.9715
6971.0000 984 957 0.9726
6972.0000 985 957 0.9716
6976.0000 985 958 0.9726
6976.0000 985 959 0.9736
6977.0000 986 959 0.9726
6982.0000 987 959 0.9716
6988.0000 988 959 0.9706
6988.0000 988 960 0.9717
6989.0000 988 961 0.9727
6993.0000 988 962 0.9737
6996.0000 989 962 0.9727
6996.0000 989 963 0.9737
6998.0000 989 964 0.9747
7005.0000 990 964 0.9737
7011.0000 991 964 0.9728
7011.0000 991 965 0.9738
7019.0000 991 966 0.9748
7020.0000 992 966 0.9738
7020.0000 992 967 0.9748
7025.0000 992 968 0.9758
7027.0000 993 968 0.9748
7034.0000 994 968 0.9738
7034.0000 994 969 0.9748
7042.0000 995 969 0.9739
7042.0000 995 970 0.9749
7048.0000 996 970 0.9739
7055.0000 997 970 0.9729
7064.0000 998 970 0.9719
7068.0000 998 971 0.9729
7071.0000 999 971 0.9720
7076.0000 1000 971 0.9710
7080.0000 1000 972 0.9720
7082.0000 1001 972 0.9710
7082.0000 1001 973 0.9720
7083.0000 1001 974 0.9730
7084.0000 1001 975 0.9740
7086.0000 1001 976 0.9750
7090.0000 1002 976 0.9741
7092.0000 1002 977 0.9750
7097.0000 1003 977 0.9741
7100.0000 1003 978 0.9751
7101.0000 1003 979 0.9761
7102.0000 1004 979 0.9751
7109.0000 1005 979 0.9741
7118.0000 1006 979 0.9732
7124.0000 1007 979 0.9722
7130.0000 1008 979 0.9712
7130.0000 1008 980 0.9722
7138.0000 1008 981 0.9732
7139.0000 1009 981 0.9722
7143.0000 1009 982 0.9732
7144.0000 1010 982 0.9723
7153.0000 1011 982 0.9713
7160.0000 1012 982 0.9704
7166.0000 1012 983 0.9713
7167.0000 1013 983 0.9704
7168.0000 1013 984 0.9714
7176.0000 1014 984 0.9704
7178.0000 1014 985 0.9714
7183.0000 1015 985 0.9704
7184.0000 1015 986 0.9714
7185.0000 1015 987 0.9724
7187.0000 1015 988 0.9734
7189.0000 1016 988 0.9724
7198.0000 1017 988 0.9715
7198.0000 1017 989 0.9725
7203.0000 1017 990 0.9735
7204.0000 1017 991 0.9744
7204.0000 1017 992 0.9754
7205.0000 1018 992 0.9745
7209.0000 1018 993 0.9754
7211.0000 1019 993 0.9745
7217.0000 1020 993 0.9735
7220.0000 1020 994 0.9745
7222.0000 1021 994 0.9736
7225.0000 1021 995 0.9745
7229.0000 1022 995 0.9736
7233.0000 1022 996 0.9746
7237.0000 1023 996 0.9736
7244.0000 1024 996 0.9727
7244.0000 1024 997 0.9736
7253.0000 1025 997 0.9727
7260.0000 1026 997 0.9717
7268.0000 1027 997 0.9708
7275.0000 1028 997 0.9698
7284.0000 1029 997 0.9689
7285.0000 1029 998 0.9699
7292.0000 1030 998 0.9689
7292.0000 1030 999 0.9699
7296.0000 1030 1000 0.9709
7297.0000 1031 1000 0.9699
7305.0000 1032 1000 0.9690
7309.0000 1032 1001 0.9700
7311.0000 1033 1001 0.9690
7318.0000 1034 1001 0.9681
7320.0000 1034 1002 0.9691
7323.0000 1034 1003 0.9700
7327.0000 1035 1003 0.9691
7334.0000 1036 1003 0.9681
7339.0000 1036 1004 0.9691
7341.0000 1037 1004 0.9682
7341.0000 1037 1005 0.9691
7344.0000 1037 1006 0.9701
7344.0000 1037 1007 0.9711
7350.0000 1038 1007 0.9701
7351.0000 1038 1008 0.9711
7359.0000 1039 1008 0.9702
7360.0000 1039 1009 0.9711
7363.0000 1039 1010 0.9721
7365.0000 1040 1010 0.9712
7371.0000 1040 1011 0.9721
7373.0000 1041 1011 0.9712
7378.0000 1042 1011 0.9702
7378.0000 1042 1012 0.9712
7383.0000 1043 1012 0.9703
7388.0000 1043 1013 0.9712
7392.0000 1044 1013 0.9703
7397.0000 1045 1013 0.9694
7398.0000 1045 1014 0.9703
7399.0000 1045 1015 0.9713
7404.0000 1046 1015 0.9704
7411.0000 1047 1015 0.9694
7414.0000 1047 1016 0.9704
7418.0000 1048 1016 0.9695
7421.0000 1048 1017 0.9704
7422.0000 1048 1018 0.9714
7424.0000 1049 1018 0.9704
7424.0000 1049 1019 0.9714
7426.0000 1049 1020 0.9724
7428.0000 1049 1021 0.9733
7430.0000 1050 1021 0.9724
7436.0000 1051 1021 0.9715
7441.0000 1052 1021 0.9705
7441.0000 1052 1022 0.9715
7443.0000 1052 1023 0.9724
7446.0000 1052 1024 0.9734
7448.0000 1053 1024 0.9725
7453.0000 1053 1025 0.9734
7456.0000 1053 1026 0.9744
7457.0000 1054 1026 0.9734
7465.0000 1055 1026 0.9725
7470.0000 1055 1027 0.9735
7474.0000 1056 1027 0.9725
7477.0000 1056 1028 0.9735
7478.0000 1056 1029 0.9744
7482.0000 1057 1029 0.9735
7486.0000 1057 1030 0.9745
7487.0000 1058 1030 0.9735
7493.0000 1059 1030 0.9726
7495.0000 1059 1031 0.9736
7496.0000 1059 1032 0.9745
7497.0000 1059 1033 0.9754
7502.0000 1060 1033 0.9745
7507.0000 1061 1033 0.9736
7511.0000 1061 1034 0.9746
7513.0000 1062 1034 0.9736
7517.0000 1062 1035 0.9746
7519.0000 1063 1035 0.9737
7519.0000 1063 1036 0.9746
7522.0000 1063 1037 0.9755
7525.0000 1064 1037 0.9746
7534.0000 1065 1037 0.9737
7542.0000 1066 1037 0.9728
7550.0000 1067 1037 0.9719
7556.0000 1068 1037 0.9710
7562.0000 1069 1037 0.9701
7563.0000 1069 1038 0.9710
7564.0000 1069 1039 0.9719
7568.0000 1069 1040 0.9729
7570.0000 1070 1040 0.9720
7576.0000 1071 1040 0.9711
7576.0000 1071 1041 0.9720
7576.0000 1071 1042 0.9729
7585.0000 1072 1042 0.9720
7594.0000 1073 1042 0.9711
7597.0000 1073 1043 0.9720
7601.0000 1073 1044 0.9730
7601.0000 1073 1045 0.9739
7602.0000 1074 1045 0.9730
7603.0000 1074 1046 0.9739
7606.0000 1074 1047 0.9749
7606.0000 1074 1048 0.9758
7607.0000 1074 1049 0.9767
7609.0000 1075 1049 0.9758
7617.0000 1076 1049 0.9749
7625.0000 1077 1049 0.9740
7628.0000 1077 1050 0.9749
7630.0000 1078 1050 0.9740
7630.0000 1078 1051 0.9750
7635.0000 1079 1051 0.9741
7644.0000 1080 1051 0.9731
7648.0000 1080 1052 0.9741
7652.0000 1081 1052 0.9732
7654.0000 1081 1053 0.9741
7656.0000 1081 1054 0.9750
7657.0000 1082 1054 0.9741
7662.0000 1083 1054 0.9732
7665.0000 1083 1055 0.9741
7667.0000 1084 1055 0.9732
7671.0000 1084 1056 0.9742
7672.0000 1085 1056 0.9733
7680.0000 1086 1056 0.9724
7682.0000 1086 1057 0.9733
7684.0000 1086 1058 0.9742
7688.0000 1087 1058 0.9733
7688.0000 1087 1059 0.9742
7692.0000 1087 1060 0.9752
7697.0000 1088 1060 0.9743
7703.0000 1088 1061 0.9752
7704.0000 1088 1062 0.9761
7706.0000 1089 1062 0.9752
7706.0000 1089 1063 0.9761
7713.0000 1090 1063 0.9752
7721.0000 1091 1063 0.9743
7723.0000 1091 1064 0.9753
7728.0000 1091 1065 0.9762
7729.0000 1092 1065 0.9753
7737.0000 1092 1066 0.9762
7738.0000 1093 1066 0.9753
7741.0000 1093 1067 0.9762
7743.0000 1094 1067 0.9753
7746.0000 1094 1068 0.9762
7747.0000 1094 1069 0.9771
7748.0000 1095 1069 0.9763
7753.0000 1096 1069 0.9754
7758.0000 1096 1070 0.9763
7762.0000 1097 1070 0.9754
7770.0000 1098 1070 0.9745
7774.0000 1098 1071 0.9754
7776.0000 1099 1071 0.9745
7777.0000 1099 1072 0.9754
7785.0000 1100 1072 0.9745
7786.0000 1100 1073 0.9755
7791.0000 1101 1073 0.9746
7796.0000 1102 1073 0.9737
7798.0000 1102 1074 0.9746
7804.0000 1103 1074 0.9737
7810.0000 1103 1075 0.9746
7811.0000 1104 1075 0.9737
7816.0000 1104 1076 0.9746
7818.0000 1104 1077 0.9755
7820.0000 1105 1077 0.9747
7822.0000 1105 1078 0.9756
7826.0000 1106 1078 0.9747
7830.0000 1106 1079 0.9756
7831.0000 1106 1080 0.9765
7832.0000 1107 1080 0.9756
7838.0000 1107 1081 0.9765
7839.0000 1108 1081 0.9756
7845.0000 1109 1081 0.9748
7848.0000 1109 1082 0.9757
7854.0000 1110 1082 0.9748
7862.0000 1110 1083 0.9757
7863.0000 1111 1083 0.9748
7869.0000 1111 1084 0.9757
7869.0000 1111 1085 0.9766
7870.0000 1112 1085 0.9757
7872.0000 1112 1086 0.9766
7877.0000 1113 1086 0.9757
7877.0000 1113 1087 0.9766
7884.0000 1114 1087 0.9758
7891.0000 1115 1087 0.9749
7897.0000 1116 1087 0.9740
7902.0000 1117 1087 0.9731
7908.0000 1117 1088 0.9740
7910.0000 1118 1088 0.9732
7912.0000 1118 1089 0.9741
7913.0000 1118 1090 0.9750
7915.0000 1118 1091 0.9758
7915.0000 1118 1092 0.9767
7918.0000 1119 1092 0.9759
7923.0000 1120 1092 0.9750
7928.0000 1121 1092 0.9741
7928.0000 1121 1093 0.9750
7934.0000 1122 1093 0.9742
7935.0000 1122 1094 0.9750
7939.0000 1123 1094 0.9742
7940.0000 1123 1095 0.9751
7944.0000 1124 1095 0.9742
7950.0000 1125 1095 0.9733
7953.0000 1125 1096 0.9742
7954.0000 1125 1097 0.9751
7954.0000 1125 1098 0.9760
7958.0000 1126 1098 0.9751
7963.0000 1126 1099 0.9760
7964.0000 1126 1100 0.9769
7966.0000 1127 1100 0.9760
7970.0000 1127 1101 0.9769
7972.0000 1127 1102 0.9778
7973.0000 1128 1102 0.9770
7975.0000 1128 1103 0.9778
7980.0000 1129 1103 0.9770
7987.0000 1130 1103 0.9761
7995.0000 1130 1104 0.9770
7996.0000 1131 1104 0.9761
7997.0000 1131 1105 0.9770
8005.0000 1132 1105 0.9761
8011.0000 1133 1105 0.9753
8018.0000 1134 1105 0.9744
8021.0000 1134 1106 0.9753
8026.0000 1135 1106 0.9744
8035.0000 1136 1106 0.9736
8037.0000 1136 1107 0.9745
8040.0000 1137 1107 0.9736
8045.0000 1138 1107 0.9728
8052.0000 1139 1107 0.9719
8052.0000 1139 1108 0.9728
8057.0000 1140 1108 0.9719
8063.0000 1141 1108 0.9711
8064.0000 1141 1109 0.9720
8065.0000 1141 1110 0.9728
8066.0000 1141 1111 0.9737
8069.0000 1142 1111 0.9729
8070.0000 1142 1112 0.9737
8074.0000 1143 1112 0.9729
8074.0000 1143 1113 0.9738
8075.0000 1143 1114 0.9746
8079.0000 1144 1114 0.9738
8080.0000 1144 1115 0.9747
8084.0000 1145 1115 0.9738
8086.0000 1145 1116 0.9747
8090.0000 1145 1117 0.9755
8092.0000 1146 1117 0.9747
8099.0000 1146 1118 0.9756
8101.0000 1147 1118 0.9747
8110.0000 1148 1118 0.9739
8117.0000 1149 1118 0.9730
8124.0000 1150 1118 0.9722
8124.0000 1150 1119 0.9730
8125.0000 1150 1120 0.9739
8128.0000 1150 1121 0.9748
8133.0000 1151 1121 0.9739
8138.0000 1152 1121 0.9731
8144.0000 1153 1121 0.9722
8149.0000 1153 1122 0.9731
8151.0000 1153 1123 0.9740
8153.0000 1154 1123 0.9731
8162.0000 1155 1123 0.9723
8169.0000 1156 1123 0.9715
8171.0000 1156 1124 0.9723
8178.0000 1157 1124 0.9715
8184.0000 1158 1124 0.9706
8184.0000 1158 1125 0.9715
8188.0000 1158 1126 0.9724
8191.0000 1159 1126 0.9715
8199.0000 1160 1126 0.9707
8201.0000 1160 1127 0.9716
8204.0000 1161 1127 0.9707
8208.0000 1161 1128 0.9716
8208.0000 1161 1129 0.9724
8210.0000 1161 1130 0.9733
8212.0000 1162 1130 0.9725
8212.0000 1162 1131 0.9733
8218.0000 1163 1131 0.9725
8222.0000 1163 1132 0.9733
8223.0000 1164 1132 0.9725
8223.0000 1164 1133 0.9734
8227.0000 1164 1134 0.9742
8229.0000 1164 1135 0.9751
8231.0000 1165 1135 0.9742
8231.0000 1165 1136 0.9751
8239.0000 1166 1136 0.9743
8243.0000 1166 1137 0.9751
8247.0000 1167 1137 0.9743
8247.0000 1167 1138 0.9751
8256.0000 1168 1138 0.9743
8264.0000 1169 1138 0.9735
8272.0000 1170 1138 0.9726
8275.0000 1170 1139 0.9735
8279.0000 1171 1139 0.9727
8287.0000 1172 1139 0.9718
8293.0000 1173 1139 0.9710
8293.0000 1173 1140 0.9719
8295.0000 1173 1141 0.9727
8297.0000 1173 1142 0.9736
8302.0000 1174 1142 0.9727
8304.0000 1174 1143 0.9736
8307.0000 1174 1144 0.9744
8308.0000 1175 1144 0.9736
8309.0000 1175 1145 0.9745
8317.0000 1176 1145 0.9736
8325.0000 1177 1145 0.9728
8325.0000 1177 1146 0.9737
8332.0000 1178 1146 0.9728
8332.0000 1178 1147 0.9737
8339.0000 1178 1148 0.9745
8340.0000 1179 1148 0.9737
8345.0000 1180 1148 0.9729
8350.0000 1180 1149 0.9737
8352.0000 1180 1150 0.9746
8354.0000 1181 1150 0.9738
8356.0000 1181 1151 0.9746
8359.0000 1182 1151 0.9738
8359.0000 1182 1152 0.9746
8360.0000 1182 1153 0.9755
8366.0000 1183 1153 0.9746
8374.0000 1184 1153 0.9738
8376.0000 1184 1154 0.9747
8377.0000 1184 1155 0.9755
8378.0000 1184 1156 0.9764
8380.0000 1184 1157 0.9772
8382.0000 1185 1157 0.9764
8385.0000 1185 1158 0.9772
8388.0000 1185 1159 0.9781
8390.0000 1186 1159 0.9772
8390.0000 1186 1160 0.9781
8392.0000 1186 1161 0.9789
8397.0000 1187 1161 0.9781
8399.0000 1187 1162 0.9789
8403.0000 1188 1162 0.9781
8404.0000 1188 1163 0.9790
8407.0000 1188 1164 0.9798
8410.0000 1189 1164 0.9790
8410.0000 1189 1165 0.9798
8411.0000 1189 1166 0.9807
8413.0000 1189 1167 0.9815
8415.0000 1189 1168 0.9823
8416.0000 1190 1168 0.9815
8421.0000 1191 1168 0.9807
8423.0000 1191 1169 0.9815
8426.0000 1192 1169 0.9807
8428.0000 1192 1170 0.9815
8432.0000 1192 1171 0.9824
8434.0000 1192 1172 0.9832
8435.0000 1193 1172 0.9824
8440.0000 1193 1173 0.9832
8441.0000 1194 1173 0.9824
8445.0000 1194 1174 0.9832
8447.0000 1195 1174 0.9824
8455.0000 1196 1174 0.9816
8464.0000 1197 1174 0.9808
8466.0000 1197 1175 0.9816
8466.0000 1197 1176 0.9825
8468.0000 1197 1177 0.9833
8472.0000 1198 1177 0.9825
8473.0000 1198 1178 0.9833
8481.0000 1199 1178 0.9825
8487.0000 1199 1179 0.9833
8488.0000 1200 1179 0.9825
8493.0000 1200 1180 0.9833
8497.0000 1201 1180 0.9825
8497.0000 1201 1181 0.9833
8506.0000 1202 1181 0.9825
8509.0000 1202 1182 0.9834
8510.0000 1202 1183 0.9842
8510.0000 1202 1184 0.9850
8511.0000 1203 1184 0.9842
8513.0000 1203 1185 0.9850
8516.0000 1204 1185 0.9842
8521.0000 1204 1186 0.9850
8524.0000 1205 1186 0.9842
8526.0000 1205 1187 0.9851
8528.0000 1205 1188 0.9859
8530.0000 1206 1188 0.9851
8530.0000 1206 1189 0.9859
8533.0000 1206 1190 0.9867
8535.0000 1207 1190 0.9859
8537.0000 1207 1191 0.9867
8544.0000 1208 1191 0.9859
8547.0000 1208 1192 0.9868
8549.0000 1209 1192 0.9859
8553.0000 1209 1193 0.9868
8556.0000 1210 1193 0.9860
8561.0000 1211 1193 0.9851
8569.0000 1212 1193 0.9843
8577.0000 1212 1194 0.9851
8578.0000 1213 1194 0.9843
8585.0000 1214 1194 0.9835
8593.0000 1215 1194 0.9827
8599.0000 1216 1194 0.9819
8601.0000 1216 1195 0.9827
8608.0000 1217 1195 0.9819
8617.0000 1218 1195 0.9811
8620.0000 1218 1196 0.9819
8622.0000 1219 1196 0.9811
8631.0000 1220 1196 0.9803
8634.0000 1220 1197 0.9811
8636.0000 1220 1198 0.9820
8638.0000 1220 1199 0.9828
8640.0000 1221 1199 0.9820
8641.0000 1221 1200 0.9828
8647.0000 1222 1200 0.9820
8647.0000 1222 1201 0.9828
8653.0000 1222 1202 0.9836
8654.0000 1223 1202 0.9828
8655.0000 1223 1203 0.9836
8659.0000 1224 1203 0.9828
8665.0000 1225 1203 0.9820
8672.0000 1226 1203 0.9812
8672.0000 1226 1204 0.9821
8678.0000 1226 1205 0.9829
8679.0000 1227 1205 0.9821
8684.0000 1227 1206 0.9829
8686.0000 1228 1206 0.9821
8686.0000 1228 1207 0.9829
8693.0000 1229 1207 0.9821
8701.0000 1230 1207 0.9813
8706.0000 1231 1207 0.9805
8712.0000 1232 1207 0.9797
8713.0000 1232 1208 0.9805
8715.0000 1232 1209 0.9813
8719.0000 1233 1209 0.9805
8724.0000 1234 1209 0.9797
8728.0000 1234 1210 0.9806
8729.0000 1235 1210 0.9798
8735.0000 1236 1210 0.9790
8743.0000 1237 1210 0.9782
8744.0000 1237 1211 0.9790
8747.0000 1237 1212 0.9798
8749.0000 1238 1212 0.9790
8750.0000 1238 1213 0.9798
8750.0000 1238 1214 0.9806
8755.0000 1238 1215 0.9814
8757.0000 1239 1215 0.9806
8763.0000 1240 1215 0.9798
8763.0000 1240 1216 0.9806
8766.0000 1240 1217 0.9815
8770.0000 1240 1218 0.9823
8772.0000 1241 1218 0.9815
8778.0000 1242 1218 0.9807
8781.0000 1242 1219 0.9815
8784.0000 1243 1219 0.9807
8790.0000 1244 1219 0.9799
8796.0000 1244 1220 0.9807
8798.0000 1245 1220 0.9799
8804.0000 1246 1220 0.9791
8811.0000 1246 1221 0.9799
8812.0000 1247 1221 0.9791
8813.0000 1247 1222 0.9800
8820.0000 1248 1222 0.9792
8820.0000 1248 1223 0.9800
8821.0000 1248 1224 0.9808
8825.0000 1249 1224 0.9800
8827.0000 1249 1225 0.9808
8829.0000 1249 1226 0.9816
8832.0000 1250 1226 0.9808
8837.0000 1251 1226 0.9800
8842.0000 1251 1227 0.9808
8846.0000 1252 1227 0.9800
8851.0000 1253 1227 0.9792
8852.0000 1253 1228 0.9800
8860.0000 1254 1228 0.9793
8860.0000 1254 1229 0.9801
8862.0000 1254 1230 0.9809
8865.0000 1255 1230 0.9801
8867.0000 1255 1231 0.9809
8870.0000 1256 1231 0.9801
8878.0000 1257 1231 0.9793
8885.0000 1258 1231 0.9785
8886.0000 1258 1232 0.9793
8886.0000 1258 1233 0.9801
8888.0000 1258 1234 0.9809
8889.0000 1258 1235 0.9817
8892.0000 1259 1235 0.9809
8895.0000 1259 1236 0.9817
8897.0000 1259 1237 0.9825
8900.0000 1260 1237 0.9817
8909.0000 1261 1237 0.9810
8911.0000 1261 1238 0.9818
8918.0000 1262 1238 0.9810
8925.0000 1263 1238 0.9802
8931.0000 1264 1238 0.9794
8932.0000 1264 1239 0.9802
8938.0000 1264 1240 0.9810
8939.0000 1265 1240 0.9802
8939.0000 1265 1241 0.9810
8944.0000 1266 1241 0.9803
8944.0000 1266 1242 0.9810
8953.0000 1267 1242 0.9803
8954.0000 1267 1243 0.9811
8959.0000 1268 1243 0.9803
8966.0000 1268 1244 0.9811
8967.0000 1269 1244 0.9803
8974.0000 1269 1245 0.9811
8975.0000 1270 1245 0.9803
8975.0000 1270 1246 0.9811
8981.0000 1271 1246 0.9803
8984.0000 1271 1247 0.9811
8987.0000 1271 1248 0.9819
8990.0000 1272 1248 0.9811
8991.0000 1272 1249 0.9819
8993.0000 1272 1250 0.9827
8995.0000 1272 1251 0.9835
8997.0000 1272 1252 0.9843
8999.0000 1273 1252 0.9835
9006.0000 1274 1252 0.9827
9015.0000 1275 1252 0.9820
9021.0000 1276 1252 0.9812
9028.0000 1277 1252 0.9804
9030.0000 1277 1253 0.9812
9033.0000 1277 1254 0.9820
9036.0000 1278 1254 0.9812
9043.0000 1279 1254 0.9805
9052.0000 1280 1254 0.9797
9060.0000 1281 1254 0.9789
9066.0000 1282 1254 0.9782
9074.0000 1283 1254 0.9774
9079.0000 1283 1255 0.9782
9081.0000 1284 1255 0.9774
9086.0000 1285 1255 0.9767
9090.0000 1285 1256 0.9774
9093.0000 1286 1256 0.9767
9095.0000 1286 1257 0.9774
9100.0000 1287 1257 0.9767
9103.0000 1287 1258 0.9775
9107.0000 1288 1258 0.9767
9108.0000 1288 1259 0.9775
9108.0000 1288 1260 0.9783
9114.0000 1289 1260 0.9775
9119.0000 1290 1260 0.9767
9127.0000 1291 1260 0.9760
9129.0000 1291 1261 0.9768
9134.0000 1292 1261 0.9760
9140.0000 1293 1261 0.9753
9147.0000 1294 1261 0.9745
9153.0000 1295 1261 0.9737
9158.0000 1296 1261 0.9730
9162.0000 1296 1262 0.9738
9167.0000 1297 1262 0.9730
9170.0000 1297 1263 0.9738
9172.0000 1297 1264 0.9746
9176.0000 1298 1264 0.9738
9178.0000 1298 1265 0.9746
9184.0000 1298 1266 0.9753
9185.0000 1299 1266 0.9746
9188.0000 1299 1267 0.9754
9191.0000 1300 1267 0.9746
9200.0000 1301 1267 0.9739
9206.0000 1301 1268 0.9746
9208.0000 1302 1268 0.9739
9208.0000 1302 1269 0.9747
9210.0000 1302 1270 0.9754
9212.0000 1302 1271 0.9762
9212.0000 1302 1272 0.9770
9212.0000 1302 1273 0.9777
9216.0000 1303 1273 0.9770
9220.0000 1303 1274 0.9777
9221.0000 1303 1275 0.9785
9223.0000 1304 1275 0.9778
9225.0000 1304 1276 0.9785
9229.0000 1305 1276 0.9778
9234.0000 1305 1277 0.9785
9234.0000 1305 1278 0.9793
9238.0000 1306 1278 0.9786
9242.0000 1306 1279 0.9793
9245.0000 1307 1279 0.9786
9246.0000 1307 1280 0.9793
9253.0000 1308 1280 0.9786
9260.0000 1309 1280 0.9778
9263.0000 1309 1281 0.9786
9265.0000 1309 1282 0.9794
9268.0000 1310 1282 0.9786
9275.0000 1311 1282 0.9779
9277.0000 1311 1283 0.9786
9277.0000 1311 1284 0.9794
9279.0000 1311 1285 0.9802
9283.0000 1312 1285 0.9794
9286.0000 1312 1286 0.9802
9289.0000 1313 1286 0.9794
9295.0000 1314 1286 0.9787
9300.0000 1315 1286 0.9779
9300.0000 1315 1287 0.9787
9307.0000 1316 1287 0.9780
9309.0000 1316 1288 0.9787
9313.0000 1316 1289 0.9795
9316.0000 1317 1289 0.9787
9316.0000 1317 1290 0.9795
9324.0000 1318 1290 0.9788
9330.0000 1319 1290 0.9780
9335.0000 1319 1291 0.9788
9338.0000 1320 1291 0.9780
9340.0000 1320 1292 0.9788
9347.0000 1321 1292 0.9780
9349.0000 1321 1293 0.9788
9355.0000 1322 1293 0.9781
9360.0000 1322 1294 0.9788
9362.0000 1323 1294 0.9781
9362.0000 1323 1295 0.9788
9364.0000 1323 1296 0.9796
9364.0000 1323 1297 0.9803
9365.0000 1323 1298 0.9811
9369.0000 1324 1298 0.9804
9374.0000 1324 1299 0.9811
9374.0000 1324 1300 0.9819
9378.0000 1325 1300 0.9811
9384.0000 1326 1300 0.9804
9390.0000 1327 1300 0.9797
9397.0000 1328 1300 0.9789
9405.0000 1329 1300 0.9782
9407.0000 1329 1301 0.9789
9411.0000 1329 1302 0.9797
9412.0000 1330 1302 0.9789
9418.0000 1331 1302 0.9782
9418.0000 1331 1303 0.9790
9424.0000 1332 1303 0.9782
9430.0000 1333 1303 0.9775
9431.0000 1333 1304 0.9782
9438.0000 1334 1304 0.9775
9443.0000 1335 1304 0.9768
9449.0000 1336 1304 0.9760
9458.0000 1337 1304 0.9753
9464.0000 1337 1305 0.9761
9465.0000 1338 1305 0.9753
9469.0000 1338 1306 0.9761
9471.0000 1338 1307 0.9768
9473.0000 1339 1307 0.9761
9473.0000 1339 1308 0.9768
9478.0000 1340 1308 0.9761
9478.0000 1340 1309 0.9769
9479.0000 1340 1310 0.9776
9480.0000 1340 1311 0.9784
9487.0000 1341 1311 0.9776
9493.0000 1342 1311 0.9769
9494.0000 1342 1312 0.9776
9500.0000 1342 1313 0.9784
9502.0000 1343 1313 0.9777
9507.0000 1344 1313 0.9769
9513.0000 1344 1314 0.9777
9514.0000 1345 1314 0.9770
9515.0000 1345 1315 0.9777
9519.0000 1346 1315 0.9770
9527.0000 1346 1316 0.9777
9528.0000 1347 1316 0.9770
9534.0000 1348 1316 0.9763
9536.0000 1348 1317 0.9770
9539.0000 1349 1317 0.9763
9545.0000 1349 1318 0.9770
9545.0000 1349 1319 0.9778
9547.0000 1350 1319 0.9770
9552.0000 1350 1320 0.9778
9554.0000 1351 1320 0.9771
9563.0000 1352 1320 0.9763
9567.0000 1352 1321 0.9771
9572.0000 1353 1321 0.9763
9577.0000 1354 1321 0.9756
9579.0000 1354 1322 0.9764
9585.0000 1355 1322 0.9756
9591.0000 1355 1323 0.9764
9593.0000 1356 1323 0.9757
9593.0000 1356 1324 0.9764
9594.0000 1356 1325 0.9771
9600.0000 1356 1326 0.9779
9602.0000 1357 1326 0.9772
9607.0000 1358 1326 0.9764
9610.0000 1358 1327 0.9772
9616.0000 1359 1327 0.9765
9617.0000 1359 1328 0.9772
9625.0000 1360 1328 0.9765
9626.0000 1360 1329 0.9772
9628.0000 1360 1330 0.9779
9632.0000 1361 1330 0.9772
9636.0000 1361 1331 0.9780
9641.0000 1362 1331 0.9772
9645.0000 1362 1332 0.9780
9645.0000 1362 1333 0.9787
9648.0000 1363 1333 0.9780
9657.0000 1364 1333 0.9773
9662.0000 1364 1334 0.9780
9666.0000 1365 1334 0.9773
9671.0000 1366 1334 0.9766
9677.0000 1367 1334 0.9759
9683.0000 1367 1335 0.9766
9685.0000 1367 1336 0.9773
9686.0000 1368 1336 0.9766
9693.0000 1368 1337 0.9773
9694.0000 1369 1337 0.9766
9697.0000 1369 1338 0.9774
9702.0000 1370 1338 0.9766
9709.0000 1371 1338 0.9759
9713.0000 1371 1339 0.9767
9715.0000 1371 1340 0.9774
9716.0000 1371 1341 0.9781
9717.0000 1372 1341 0.9774
9726.0000 1373 1341 0.9767
9731.0000 1373 1342 0.9774
9732.0000 1374 1342 0.9767
9740.0000 1375 1342 0.9760
9746.0000 1375 1343 0.9767
9749.0000 1376 1343 0.9760
9754.0000 1376 1344 0.9767
9755.0000 1376 1345 0.9775
9756.0000 1377 1345 0.9768
9759.0000 1377 1346 0.9775
9761.0000 1377 1347 0.9782
9762.0000 1378 1347 0.9775
9768.0000 1379 1347 0.9768
9769.0000 1379 1348 0.9775
9769.0000 1379 1349 0.9782
9773.0000 1379 1350 0.9790
9775.0000 1380 1350 0.9783
9781.0000 1381 1350 0.9776
9787.0000 1382 1350 0.9768
9787.0000 1382 1351 0.9776
9787.0000 1382 1352 0.9783
9789.0000 1382 1353 0.9790
9790.0000 1382 1354 0.9797
9790.0000 1382 1355 0.9805
9796.0000 1383 1355 0.9798
9803.0000 1383 1356 0.9805
9804.0000 1384 1356 0.9798
9812.0000 1385 1356 0.9791
9813.0000 1385 1357 0.9798
9820.0000 1385 1358 0.9805
9821.0000 1386 1358 0.9798
9822.0000 1386 1359 0.9805
9828.0000 1386 1360 0.9812
9830.0000 1387 1360 0.9805
9831.0000 1387 1361 0.9813
9832.0000 1387 1362 0.9820
9837.0000 1387 1363 0.9827
9838.0000 1388 1363 0.9820
9840.0000 1388 1364 0.9827
9843.0000 1389 1364 0.9820
9849.0000 1390 1364 0.9813
9849.0000 1390 1365 0.9820
9857.0000 1391 1365 0.9813
9864.0000 1392 1365 0.9806
9871.0000 1393 1365 0.9799
9876.0000 1393 1366 0.9806
9876.0000 1393 1367 0.9813
9876.0000 1393 1368 0.9821
9877.0000 1394 1368 0.9813
9878.0000 1394 1369 0.9821
9878.0000 1394 1370 0.9828
9880.0000 1394 1371 0.9835
9882.0000 1395 1371 0.9828
9883.0000 1395 1372 0.9835
9890.0000 1396 1372 0.9828
9890.0000 1396 1373 0.9835
9899.0000 1397 1373 0.9828
9903.0000 1397 1374 0.9835
9906.0000 1397 1375 0.9843
9908.0000 1398 1375 0.9835
9909.0000 1398 1376 0.9843
9913.0000 1399 1376 0.9836
9921.0000 1400 1376 0.9829
9922.0000 1400 1377 0.9836
9923.0000 1400 1378 0.9843
9928.0000 1401 1378 0.9836
9931.0000 1401 1379 0.9843
9935.0000 1402 1379 0.9836
9940.0000 1402 1380 0.9843
9942.0000 1403 1380 0.9836
9943.0000 1403 1381 0.9843
9948.0000 1403 1382 0.9850
9949.0000 1404 1382 0.9843
9949.0000 1404 1383 0.9850
9957.0000 1405 1383 0.9843
9959.0000 1405 1384 0.9851
9964.0000 1406 1384 0.9844
9970.0000 1407 1384 0.9837
9975.0000 1407 1385 0.9844
9978.0000 1408 1385 0.9837
9984.0000 1409 1385 0.9830
9984.0000 1409 1386 0.9837
9991.0000 1410 1386 0.9830
9996.0000 1410 1387 0.9837
9998.0000 1411 1387 0.9830
