# time  created  delivered  delivered/created
7.0000 1 0 0.0000
12.0000 1 1 1.0000
16.0000 2 1 0.5000
21.0000 3 1 0.3333
29.0000 4 1 0.2500
37.0000 5 1 0.2000
38.0000 5 2 0.4000
41.0000 5 3 0.6000
44.0000 6 3 0.5000
50.0000 7 3 0.4286
58.0000 8 3 0.3750
66.0000 9 3 0.3333
71.0000 10 3 0.3000
79.0000 11 3 0.2727
80.0000 11 4 0.3636
85.0000 12 4 0.3333
91.0000 13 4 0.3077
97.0000 14 4 0.2857
105.0000 15 4 0.2667
112.0000 16 4 0.2500
121.0000 17 4 0.2353
122.0000 17 5 0.2941
128.0000 18 5 0.2778
134.0000 19 5 0.2632
141.0000 20 5 0.2500
144.0000 20 6 0.3000
145.0000 20 7 0.3500
147.0000 20 8 0.4000
149.0000 21 8 0.3810
155.0000 22 8 0.3636
157.0000 22 9 0.4091
163.0000 23 9 0.3913
168.0000 24 9 0.3750
177.0000 25 9 0.3600
182.0000 26 9 0.3462
183.0000 26 10 0.3846
188.0000 27 10 0.3704
193.0000 28 10 0.3571
199.0000 29 10 0.3448
204.0000 30 10 0.3333
213.0000 31 10 0.3226
219.0000 32 10 0.3125
224.0000 32 11 0.3438
228.0000 33 11 0.3333
235.0000 34 11 0.3235
244.0000 35 11 0.3143
251.0000 36 11 0.3056
252.0000 36 12 0.3333
253.0000 36 13 0.3611
258.0000 36 14 0.3889
259.0000 37 14 0.3784
266.0000 37 15 0.4054
268.0000 38 15 0.3947
276.0000 39 15 0.3846
284.0000 40 15 0.3750
284.0000 40 16 0.4000
293.0000 41 16 0.3902
297.0000 41 17 0.4146
300.0000 42 17 0.4048
305.0000 43 17 0.3953
310.0000 44 17 0.3864
312.0000 44 18 0.4091
315.0000 45 18 0.4000
319.0000 45 19 0.4222
321.0000 45 20 0.4444
323.0000 46 20 0.4348
330.0000 47 20 0.4255
336.0000 48 20 0.4167
343.0000 49 20 0.4082
352.0000 50 20 0.4000
357.0000 51 20 0.3922
365.0000 52 20 0.3846
371.0000 53 20 0.3774
378.0000 54 20 0.3704
385.0000 54 21 0.3889
386.0000 55 21 0.3818
386.0000 55 22 0.4000
392.0000 56 22 0.3929
393.0000 56 23 0.4107
395.0000 56 24 0.4286
399.0000 57 24 0.4211
406.0000 58 24 0.4138
413.0000 58 25 0.4310
415.0000 59 25 0.4237
420.0000 60 25 0.4167
427.0000 61 25 0.4098
435.0000 62 25 0.4032
441.0000 63 25 0.3968
441.0000 63 26 0.4127
444.0000 63 27 0.4286
446.0000 63 28 0.4444
449.0000 64 28 0.4375
451.0000 64 29 0.4531
454.0000 65 29 0.4462
462.0000 66 29 0.4394
470.0000 67 29 0.4328
476.0000 67 30 0.4478
478.0000 68 30 0.4412
485.0000 68 31 0.4559
486.0000 68 32 0.4706
487.0000 69 32 0.4638
493.0000 70 32 0.4571
498.0000 71 32 0.4507
507.0000 72 32 0.4444
508.0000 72 33 0.4583
509.0000 72 34 0.4722
512.0000 73 34 0.4658
519.0000 74 34 0.4595
524.0000 75 34 0.4533
525.0000 75 35 0.4667
526.0000 75 36 0.4800
531.0000 75 37 0.4933
533.0000 76 37 0.4868
536.0000 76 38 0.5000
539.0000 77 38 0.4935
543.0000 77 39 0.5065
546.0000 77 40 0.5195
548.0000 78 40 0.5128
555.0000 79 40 0.5063
563.0000 80 40 0.5000
572.0000 81 40 0.4938
581.0000 82 40 0.4878
582.0000 82 41 0.5000
590.0000 83 41 0.4940
590.0000 83 42 0.5060
597.0000 83 43 0.5181
599.0000 84 43 0.5119
606.0000 85 43 0.5059
611.0000 85 44 0.5176
615.0000 86 44 0.5116
617.0000 86 45 0.5233
618.0000 86 46 0.5349
621.0000 87 46 0.5287
625.0000 87 47 0.5402
627.0000 88 47 0.5341
628.0000 88 48 0.5455
629.0000 88 49 0.5568
630.0000 88 50 0.5682
631.0000 88 51 0.5795
636.0000 89 51 0.5730
643.0000 90 51 0.5667
646.0000 90 52 0.5778
650.0000 91 52 0.5714
659.0000 92 52 0.5652
663.0000 92 53 0.5761
668.0000 93 53 0.5699
673.0000 93 54 0.5806
675.0000 93 55 0.5914
676.0000 94 55 0.5851
676.0000 94 56 0.5957
676.0000 94 57 0.6064
681.0000 95 57 0.6000
688.0000 95 58 0.6105
689.0000 96 58 0.6042
694.0000 97 58 0.5979
695.0000 97 59 0.6082
701.0000 98 59 0.6020
702.0000 98 60 0.6122
703.0000 98 61 0.6224
704.0000 98 62 0.6327
706.0000 99 62 0.6263
714.0000 100 62 0.6200
720.0000 100 63 0.6300
721.0000 101 63 0.6238
723.0000 101 64 0.6337
729.0000 102 64 0.6275
731.0000 102 65 0.6373
732.0000 102 66 0.6471
733.0000 102 67 0.6569
734.0000 103 67 0.6505
741.0000 104 67 0.6442
747.0000 104 68 0.6538
748.0000 105 68 0.6476
753.0000 106 68 0.6415
761.0000 107 68 0.6355
762.0000 107 69 0.6449
769.0000 108 69 0.6389
770.0000 108 70 0.6481
772.0000 108 71 0.6574
774.0000 109 71 0.6514
777.0000 109 72 0.6606
779.0000 109 73 0.6697
781.0000 110 73 0.6636
787.0000 110 74 0.6727
789.0000 111 74 0.6667
794.0000 112 74 0.6607
796.0000 112 75 0.6696
800.0000 113 75 0.6637
802.0000 113 76 0.6726
803.0000 113 77 0.6814
807.0000 114 77 0.6754
811.0000 114 78 0.6842
814.0000 114 79 0.6930
815.0000 115 79 0.6870
821.0000 116 79 0.6810
826.0000 117 79 0.6752
829.0000 117 80 0.6838
834.0000 118 80 0.6780
839.0000 119 80 0.6723
842.0000 119 81 0.6807
843.0000 119 82 0.6891
848.0000 120 82 0.6833
852.0000 120 83 0.6917
854.0000 121 83 0.6860
863.0000 122 83 0.6803
864.0000 122 84 0.6885
870.0000 122 85 0.6967
871.0000 123 85 0.6911
877.0000 124 85 0.6855
879.0000 124 86 0.6935
883.0000 125 86 0.6880
889.0000 125 87 0.6960
890.0000 126 87 0.6905
893.0000 126 88 0.6984
896.0000 127 88 0.6929
903.0000 128 88 0.6875
908.0000 129 88 0.6822
914.0000 130 88 0.6769
918.0000 130 89 0.6846
918.0000 130 90 0.6923
919.0000 130 91 0.7000
921.0000 131 91 0.6947
923.0000 131 92 0.7023
927.0000 131 93 0.7099
929.0000 132 93 0.7045
932.0000 132 94 0.7121
934.0000 133 94 0.7068
934.0000 133 95 0.7143
936.0000 133 96 0.7218
941.0000 134 96 0.7164
947.0000 134 97 0.7239
947.0000 134 98 0.7313
948.0000 135 98 0.7259
948.0000 135 99 0.7333
953.0000 135 100 0.7407
955.0000 136 100 0.7353
961.0000 136 101 0.7426
962.0000 137 101 0.7372
963.0000 137 102 0.7445
968.0000 138 102 0.7391
974.0000 139 102 0.7338
975.0000 139 103 0.7410
979.0000 140 103 0.7357
988.0000 141 103 0.7305
993.0000 142 103 0.7254
998.0000 143 103 0.7203
1003.0000 144 103 0.7153
1012.0000 145 103 0.7103
1013.0000 145 104 0.7172
1018.0000 145 105 0.7241
1019.0000 146 105 0.7192
1020.0000 146 106 0.7260
1025.0000 147 106 0.7211
1032.0000 148 106 0.7162
1040.0000 149 106 0.7114
1047.0000 150 106 0.7067
1048.0000 150 107 0.7133
1050.0000 150 108 0.7200
1051.0000 150 109 0.7267
1051.0000 150 110 0.7333
1054.0000 150 111 0.7400
1056.0000 151 111 0.7351
1061.0000 151 112 0.7417
1065.0000 152 112 0.7368
1068.0000 152 113 0.7434
1069.0000 152 114 0.7500
1074.0000 153 114 0.7451
1075.0000 153 115 0.7516
1077.0000 153 116 0.7582
1079.0000 153 117 0.7647
1080.0000 153 118 0.7712
1081.0000 154 118 0.7662
1088.0000 154 119 0.7727
1090.0000 155 119 0.7677
1096.0000 156 119 0.7628
1101.0000 157 119 0.7580
1107.0000 157 120 0.7643
1108.0000 158 120 0.7595
1111.0000 158 121 0.7658
1116.0000 159 121 0.7610
1123.0000 160 121 0.7563
1125.0000 160 122 0.7625
1129.0000 161 122 0.7578
1130.0000 161 123 0.7640
1132.0000 161 124 0.7702
1136.0000 162 124 0.7654
1142.0000 162 125 0.7716
1143.0000 163 125 0.7669
1143.0000 163 126 0.7730
1144.0000 163 127 0.7791
1152.0000 164 127 0.7744
1157.0000 164 128 0.7805
1161.0000 165 128 0.7758
1165.0000 165 129 0.7818
1167.0000 165 130 0.7879
1168.0000 165 131 0.7939
1168.0000 165 132 0.8000
1169.0000 165 133 0.8061
1170.0000 166 133 0.8012
1170.0000 166 134 0.8072
1171.0000 166 135 0.8133
1177.0000 167 135 0.8084
1182.0000 168 135 0.8036
1189.0000 169 135 0.7988
1194.0000 169 136 0.8047
1195.0000 170 136 0.8000
1199.0000 170 137 0.8059
1200.0000 171 137 0.8012
1206.0000 172 137 0.7965
1215.0000 173 137 0.7919
1219.0000 173 138 0.7977
1221.0000 173 139 0.8035
1223.0000 174 139 0.7989
1228.0000 175 139 0.7943
1233.0000 176 139 0.7898
1239.0000 176 140 0.7955
1242.0000 177 140 0.7910
1242.0000 177 141 0.7966
1247.0000 178 141 0.7921
1253.0000 179 141 0.7877
1253.0000 179 142 0.7933
1257.0000 179 143 0.7989
1257.0000 179 144 0.8045
1258.0000 179 145 0.8101
1262.0000 180 145 0.8056
1267.0000 181 145 0.8011
1269.0000 181 146 0.8066
1273.0000 182 146 0.8022
1281.0000 183 146 0.7978
1283.0000 183 147 0.8033
1287.0000 183 148 0.8087
1288.0000 184 148 0.8043
1292.0000 184 149 0.8098
1294.0000 185 149 0.8054
1300.0000 186 149 0.8011
1305.0000 186 150 0.8065
1306.0000 186 151 0.8118
1306.0000 186 152 0.8172
1307.0000 187 152 0.8128
1309.0000 187 153 0.8182
1310.0000 187 154 0.8235
1313.0000 188 154 0.8191
1319.0000 189 154 0.8148
1320.0000 189 155 0.8201
1323.0000 189 156 0.8254
1327.0000 190 156 0.8211
1328.0000 190 157 0.8263
1328.0000 190 158 0.8316
1330.0000 190 159 0.8368
1335.0000 190 160 0.8421
1336.0000 191 160 0.8377
1340.0000 191 161 0.8429
1344.0000 192 161 0.8385
1345.0000 192 162 0.8438
1349.0000 193 162 0.8394
1349.0000 193 163 0.8446
1350.0000 193 164 0.8497
1353.0000 193 165 0.8549
1358.0000 194 165 0.8505
1358.0000 194 166 0.8557
1360.0000 194 167 0.8608
1366.0000 195 167 0.8564
1372.0000 196 167 0.8520
1372.0000 196 168 0.8571
1374.0000 196 169 0.8622
1377.0000 197 169 0.8579
1378.0000 197 170 0.8629
1383.0000 198 170 0.8586
1386.0000 198 171 0.8636
1389.0000 199 171 0.8593
1394.0000 200 171 0.8550
1395.0000 200 172 0.8600
1397.0000 200 173 0.8650
1399.0000 200 174 0.8700
1400.0000 200 175 0.8750
1403.0000 201 175 0.8706
1405.0000 201 176 0.8756
1409.0000 201 177 0.8806
1411.0000 202 177 0.8762
1414.0000 202 178 0.8812
1420.0000 203 178 0.8768
1421.0000 203 179 0.8818
1424.0000 203 180 0.8867
1426.0000 203 181 0.8916
1427.0000 203 182 0.8966
1428.0000 204 182 0.8922
1434.0000 204 183 0.8971
1434.0000 204 184 0.9020
1437.0000 205 184 0.8976
1442.0000 205 185 0.9024
1443.0000 205 186 0.9073
1446.0000 206 186 0.9029
1455.0000 207 186 0.8986
1456.0000 207 187 0.9034
1464.0000 208 187 0.8990
1464.0000 208 188 0.9038
1469.0000 209 188 0.8995
1476.0000 210 188 0.8952
1477.0000 210 189 0.9000
1485.0000 211 189 0.8957
1486.0000 211 190 0.9005
1492.0000 212 190 0.8962
1492.0000 212 191 0.9009
1499.0000 213 191 0.8967
1500.0000 213 192 0.9014
1503.0000 213 193 0.9061
1506.0000 214 193 0.9019
1509.0000 214 194 0.9065
1511.0000 214 195 0.9112
1515.0000 215 195 0.9070
1522.0000 216 195 0.9028
1531.0000 217 195 0.8986
1537.0000 218 195 0.8945
1537.0000 218 196 0.8991
1542.0000 218 197 0.9037
1545.0000 219 197 0.8995
1551.0000 219 198 0.9041
1553.0000 220 198 0.9000
1560.0000 221 198 0.8959
1568.0000 222 198 0.8919
1570.0000 222 199 0.8964
1575.0000 223 199 0.8924
1580.0000 224 199 0.8884
1586.0000 225 199 0.8844
1588.0000 225 200 0.8889
1593.0000 226 200 0.8850
1598.0000 226 201 0.8894
1599.0000 227 201 0.8855
1599.0000 227 202 0.8899
1600.0000 227 203 0.8943
1600.0000 227 204 0.8987
1601.0000 227 205 0.9031
1606.0000 228 205 0.8991
1607.0000 228 206 0.9035
1614.0000 229 206 0.8996
1622.0000 230 206 0.8957
1628.0000 231 206 0.8918
1632.0000 231 207 0.8961
1632.0000 231 208 0.9004
1633.0000 231 209 0.9048
1634.0000 232 209 0.9009
1642.0000 233 209 0.8970
1651.0000 234 209 0.8932
1656.0000 235 209 0.8894
1664.0000 236 209 0.8856
1670.0000 237 209 0.8819
1675.0000 238 209 0.8782
1676.0000 238 210 0.8824
1681.0000 239 210 0.8787
1687.0000 239 211 0.8828
1688.0000 240 211 0.8792
1694.0000 240 212 0.8833
1697.0000 241 212 0.8797
1697.0000 241 213 0.8838
1698.0000 241 214 0.8880
1706.0000 242 214 0.8843
1711.0000 243 214 0.8807
1716.0000 244 214 0.8770
1725.0000 245 214 0.8735
1730.0000 246 214 0.8699
1730.0000 246 215 0.8740
1731.0000 246 216 0.8780
1731.0000 246 217 0.8821
1732.0000 246 218 0.8862
1737.0000 247 218 0.8826
1744.0000 248 218 0.8790
1749.0000 249 218 0.8755
1758.0000 250 218 0.8720
1758.0000 250 219 0.8760
1764.0000 251 219 0.8725
1766.0000 251 220 0.8765
1771.0000 252 220 0.8730
1777.0000 252 221 0.8770
1780.0000 253 221 0.8735
1787.0000 254 221 0.8701
1795.0000 255 221 0.8667
1797.0000 255 222 0.8706
1800.0000 255 223 0.8745
1803.0000 256 223 0.8711
1810.0000 257 223 0.8677
1810.0000 257 224 0.8716
1817.0000 258 224 0.8682
1818.0000 258 225 0.8721
1825.0000 258 226 0.8760
1826.0000 259 226 0.8726
1827.0000 259 227 0.8764
1828.0000 259 228 0.8803
1829.0000 259 229 0.8842
1835.0000 260 229 0.8808
1840.0000 260 230 0.8846
1844.0000 261 230 0.8812
1850.0000 262 230 0.8779
1859.0000 263 230 0.8745
1861.0000 263 231 0.8783
1866.0000 264 231 0.8750
1866.0000 264 232 0.8788
1868.0000 264 233 0.8826
1870.0000 264 234 0.8864
1871.0000 264 235 0.8902
1875.0000 265 235 0.8868
1880.0000 265 236 0.8906
1881.0000 265 237 0.8943
1882.0000 266 237 0.8910
1882.0000 266 238 0.8947
1890.0000 267 238 0.8914
1893.0000 267 239 0.8951
1896.0000 268 239 0.8918
1902.0000 269 239 0.8885
1907.0000 269 240 0.8922
1907.0000 269 241 0.8959
1910.0000 270 241 0.8926
1911.0000 270 242 0.8963
1919.0000 271 242 0.8930
1919.0000 271 243 0.8967
1919.0000 271 244 0.9004
1923.0000 271 245 0.9041
1924.0000 271 246 0.9077
1926.0000 272 246 0.9044
1929.0000 272 247 0.9081
1932.0000 273 247 0.9048
1933.0000 273 248 0.9084
1936.0000 273 249 0.9121
1939.0000 274 249 0.9088
1940.0000 274 250 0.9124
1944.0000 274 251 0.9161
1946.0000 275 251 0.9127
1951.0000 275 252 0.9164
1952.0000 276 252 0.9130
1958.0000 277 252 0.9097
1965.0000 277 253 0.9134
1966.0000 278 253 0.9101
1968.0000 278 254 0.9137
1971.0000 279 254 0.9104
1976.0000 280 254 0.9071
1983.0000 280 255 0.9107
1984.0000 281 255 0.9075
1990.0000 282 255 0.9043
1999.0000 283 255 0.9011
1999.0000 283 256 0.9046
2003.0000 283 257 0.9081
2004.0000 284 257 0.9049
2010.0000 285 257 0.9018
2018.0000 286 257 0.8986
2024.0000 287 257 0.8955
2027.0000 287 258 0.8990
2028.0000 287 259 0.9024
2031.0000 288 259 0.8993
2032.0000 288 260 0.9028
2033.0000 288 261 0.9063
2034.0000 288 262 0.9097
2039.0000 289 262 0.9066
2040.0000 289 263 0.9100
2044.0000 289 264 0.9135
2045.0000 290 264 0.9103
2045.0000 290 265 0.9138
2047.0000 290 266 0.9172
2053.0000 291 266 0.9141
2056.0000 291 267 0.9175
2059.0000 292 267 0.9144
2059.0000 292 268 0.9178
2065.0000 292 269 0.9212
2066.0000 293 269 0.9181
2071.0000 293 270 0.9215
2074.0000 294 270 0.9184
2078.0000 294 271 0.9218
2083.0000 295 271 0.9186
2089.0000 296 271 0.9155
2097.0000 296 272 0.9189
2098.0000 297 272 0.9158
2098.0000 297 273 0.9192
2107.0000 298 273 0.9161
2107.0000 298 274 0.9195
2114.0000 299 274 0.9164
2114.0000 299 275 0.9197
2115.0000 299 276 0.9231
2116.0000 299 277 0.9264
2117.0000 299 278 0.9298
2118.0000 299 279 0.9331
2119.0000 300 279 0.9300
2122.0000 300 280 0.9333
2127.0000 301 280 0.9302
2133.0000 301 281 0.9336
2135.0000 302 281 0.9305
2144.0000 303 281 0.9274
2148.0000 303 282 0.9307
2149.0000 304 282 0.9276
2151.0000 304 283 0.9309
2152.0000 304 284 0.9342
2153.0000 304 285 0.9375
2156.0000 305 285 0.9344
2158.0000 305 286 0.9377
2161.0000 305 287 0.9410
2164.0000 306 287 0.9379
2167.0000 306 288 0.9412
2170.0000 307 288 0.9381
2175.0000 307 289 0.9414
2177.0000 308 289 0.9383
2182.0000 308 290 0.9416
2183.0000 308 291 0.9448
2184.0000 309 291 0.9417
2192.0000 310 291 0.9387
2198.0000 311 291 0.9357
2203.0000 312 291 0.9327
2210.0000 313 291 0.9297
2216.0000 313 292 0.9329
2217.0000 314 292 0.9299
2220.0000 314 293 0.9331
2223.0000 315 293 0.9302
2224.0000 315 294 0.9333
2228.0000 316 294 0.9304
2237.0000 317 294 0.9274
2241.0000 317 295 0.9306
2243.0000 317 296 0.9338
2245.0000 318 296 0.9308
2249.0000 318 297 0.9340
2250.0000 318 298 0.9371
2253.0000 319 298 0.9342
2259.0000 320 298 0.9313
2259.0000 320 299 0.9344
2264.0000 320 300 0.9375
2265.0000 321 300 0.9346
2268.0000 321 301 0.9377
2272.0000 321 302 0.9408
2273.0000 322 302 0.9379
2273.0000 322 303 0.9410
2274.0000 322 304 0.9441
2276.0000 322 305 0.9472
2277.0000 322 306 0.9503
2278.0000 323 306 0.9474
2285.0000 324 306 0.9444
2286.0000 324 307 0.9475
2292.0000 325 307 0.9446
2292.0000 325 308 0.9477
2301.0000 326 308 0.9448
2303.0000 326 309 0.9479
2307.0000 327 309 0.9450
2316.0000 328 309 0.9421
2323.0000 329 309 0.9392
2325.0000 329 310 0.9422
2329.0000 330 310 0.9394
2333.0000 330 311 0.9424
2334.0000 331 311 0.9396
2340.0000 331 312 0.9426
2341.0000 331 313 0.9456
2342.0000 332 313 0.9428
2350.0000 333 313 0.9399
2351.0000 333 314 0.9429
2357.0000 334 314 0.9401
2359.0000 334 315 0.9431
2363.0000 335 315 0.9403
2365.0000 335 316 0.9433
2371.0000 335 317 0.9463
2372.0000 336 317 0.9435
2378.0000 337 317 0.9407
2382.0000 337 318 0.9436
2387.0000 338 318 0.9408
2392.0000 339 318 0.9381
2395.0000 339 319 0.9410
2401.0000 340 319 0.9382
2404.0000 340 320 0.9412
2408.0000 340 321 0.9441
2409.0000 341 321 0.9413
2411.0000 341 322 0.9443
2414.0000 341 323 0.9472
2417.0000 342 323 0.9444
2422.0000 343 323 0.9417
2423.0000 343 324 0.9446
2425.0000 343 325 0.9475
2427.0000 343 326 0.9504
2428.0000 343 327 0.9534
2431.0000 344 327 0.9506
2439.0000 345 327 0.9478
2440.0000 345 328 0.9507
2445.0000 346 328 0.9480
2451.0000 347 328 0.9452
2458.0000 347 329 0.9481
2460.0000 348 329 0.9454
2467.0000 349 329 0.9427
2470.0000 349 330 0.9456
2474.0000 349 331 0.9484
2475.0000 350 331 0.9457
2481.0000 351 331 0.9430
2488.0000 352 331 0.9403
2497.0000 353 331 0.9377
2502.0000 353 332 0.9405
2505.0000 354 332 0.9379
2510.0000 355 332 0.9352
2512.0000 355 333 0.9380
2513.0000 355 334 0.9408
2516.0000 356 334 0.9382
2522.0000 356 335 0.9410
2525.0000 357 335 0.9384
2529.0000 357 336 0.9412
2534.0000 358 336 0.9385
2540.0000 359 336 0.9359
2543.0000 359 337 0.9387
2547.0000 360 337 0.9361
2550.0000 360 338 0.9389
2552.0000 361 338 0.9363
2560.0000 362 338 0.9337
2560.0000 362 339 0.9365
2566.0000 362 340 0.9392
2568.0000 363 340 0.9366
2573.0000 364 340 0.9341
2576.0000 364 341 0.9368
2579.0000 365 341 0.9342
2582.0000 365 342 0.9370
2584.0000 365 343 0.9397
2585.0000 366 343 0.9372
2592.0000 367 343 0.9346
2593.0000 367 344 0.9373
2598.0000 368 344 0.9348
2603.0000 369 344 0.9322
2608.0000 370 344 0.9297
2612.0000 370 345 0.9324
2614.0000 371 345 0.9299
2620.0000 372 345 0.9274
2626.0000 373 345 0.9249
2631.0000 374 345 0.9225
2631.0000 374 346 0.9251
2636.0000 374 347 0.9278
2639.0000 375 347 0.9253
2639.0000 375 348 0.9280
2640.0000 375 349 0.9307
2644.0000 376 349 0.9282
2652.0000 377 349 0.9257
2652.0000 377 350 0.9284
2652.0000 377 351 0.9310
2654.0000 377 352 0.9337
2655.0000 377 353 0.9363
2657.0000 378 353 0.9339
2658.0000 378 354 0.9365
2665.0000 379 354 0.9340
2665.0000 379 355 0.9367
2668.0000 379 356 0.9393
2668.0000 379 357 0.9420
2673.0000 380 357 0.9395
2677.0000 380 358 0.9421
2681.0000 381 358 0.9396
2690.0000 382 358 0.9372
2693.0000 382 359 0.9398
2698.0000 382 360 0.9424
2699.0000 383 360 0.9399
2700.0000 383 361 0.9426
2700.0000 383 362 0.9452
2708.0000 384 362 0.9427
2710.0000 384 363 0.9453
2714.0000 385 363 0.9429
2722.0000 386 363 0.9404
2726.0000 386 364 0.9430
2729.0000 387 364 0.9406
2730.0000 387 365 0.9432
2734.0000 388 365 0.9407
2735.0000 388 366 0.9433
2743.0000 389 366 0.9409
2747.0000 389 367 0.9434
2748.0000 390 367 0.9410
2753.0000 390 368 0.9436
2757.0000 391 368 0.9412
2758.0000 391 369 0.9437
2760.0000 391 370 0.9463
2762.0000 391 371 0.9488
2764.0000 392 371 0.9464
2767.0000 392 372 0.9490
2770.0000 393 372 0.9466
2770.0000 393 373 0.9491
2777.0000 394 373 0.9467
2779.0000 394 374 0.9492
2780.0000 394 375 0.9518
2785.0000 395 375 0.9494
2789.0000 395 376 0.9519
2790.0000 396 376 0.9495
2797.0000 397 376 0.9471
2802.0000 397 377 0.9496
2805.0000 398 377 0.9472
2813.0000 399 377 0.9449
2817.0000 399 378 0.9474
2820.0000 399 379 0.9499
2820.0000 399 380 0.9524
2821.0000 400 380 0.9500
2829.0000 401 380 0.9476
2834.0000 402 380 0.9453
2842.0000 403 380 0.9429
2842.0000 403 381 0.9454
2847.0000 404 381 0.9431
2852.0000 405 381 0.9407
2857.0000 406 381 0.9384
2858.0000 406 382 0.9409
2858.0000 406 383 0.9433
2859.0000 406 384 0.9458
2862.0000 406 385 0.9483
2863.0000 407 385 0.9459
2869.0000 407 386 0.9484
2872.0000 408 386 0.9461
2874.0000 408 387 0.9485
2876.0000 408 388 0.9510
2878.0000 408 389 0.9534
2881.0000 409 389 0.9511
2887.0000 410 389 0.9488
2895.0000 410 390 0.9512
2895.0000 410 391 0.9537
2896.0000 411 391 0.9513
2896.0000 411 392 0.9538
2904.0000 412 392 0.9515
2910.0000 412 393 0.9539
2911.0000 413 393 0.9516
2916.0000 414 393 0.9493
2921.0000 414 394 0.9517
2922.0000 415 394 0.9494
2927.0000 416 394 0.9471
2934.0000 416 395 0.9495
2936.0000 417 395 0.9472
2942.0000 418 395 0.9450
2944.0000 418 396 0.9474
2951.0000 419 396 0.9451
2956.0000 420 396 0.9429
2961.0000 421 396 0.9406
2962.0000 421 397 0.9430
2970.0000 422 397 0.9408
2972.0000 422 398 0.9431
2972.0000 422 399 0.9455
2973.0000 422 400 0.9479
2974.0000 422 401 0.9502
2975.0000 423 401 0.9480
2976.0000 423 402 0.9504
2984.0000 424 402 0.9481
2984.0000 424 403 0.9505
2985.0000 424 404 0.9528
2985.0000 424 405 0.9552
2986.0000 424 406 0.9575
2991.0000 425 406 0.9553
2992.0000 425 407 0.9576
2994.0000 425 408 0.9600
3000.0000 426 408 0.9577
3008.0000 427 408 0.9555
3013.0000 427 409 0.9578
3013.0000 427 410 0.9602
3014.0000 427 411 0.9625
3015.0000 427 412 0.9649
3017.0000 428 412 0.9626
3020.0000 428 413 0.9650
3023.0000 428 414 0.9673
3025.0000 429 414 0.9650
3034.0000 430 414 0.9628
3040.0000 431 414 0.9606
3044.0000 431 415 0.9629
3044.0000 431 416 0.9652
3046.0000 432 416 0.9630
3046.0000 432 417 0.9653
3051.0000 433 417 0.9630
3060.0000 434 417 0.9608
3062.0000 434 418 0.9631
3064.0000 434 419 0.9654
3064.0000 434 420 0.9677
3064.0000 434 421 0.9700
3067.0000 435 421 0.9678
3069.0000 435 422 0.9701
3070.0000 435 423 0.9724
3072.0000 435 424 0.9747
3072.0000 435 425 0.9770
3073.0000 436 425 0.9748
3080.0000 437 425 0.9725
3085.0000 438 425 0.9703
3086.0000 438 426 0.9726
3091.0000 439 426 0.9704
3097.0000 440 426 0.9682
3103.0000 440 427 0.9705
3106.0000 441 427 0.9683
3111.0000 441 428 0.9705
3114.0000 442 428 0.9683
3118.0000 442 429 0.9706
3119.0000 442 430 0.9729
3123.0000 443 430 0.9707
3131.0000 444 430 0.9685
3138.0000 445 430 0.9663
3138.0000 445 431 0.9685
3139.0000 445 432 0.9708
3144.0000 446 432 0.9686
3151.0000 447 432 0.9664
3152.0000 447 433 0.9687
3152.0000 447 434 0.9709
3156.0000 447 435 0.9732
3159.0000 448 435 0.9710
3161.0000 448 436 0.9732
3166.0000 449 436 0.9710
3168.0000 449 437 0.9733
3169.0000 449 438 0.9755
3169.0000 449 439 0.9777
3171.0000 449 440 0.9800
3175.0000 450 440 0.9778
3184.0000 451 440 0.9756
3189.0000 452 440 0.9735
3197.0000 453 440 0.9713
3199.0000 453 441 0.9735
3204.0000 454 441 0.9714
3208.0000 454 442 0.9736
3211.0000 455 442 0.9714
3214.0000 455 443 0.9736
3218.0000 456 443 0.9715
3219.0000 456 444 0.9737
3225.0000 456 445 0.9759
3227.0000 457 445 0.9737
3231.0000 457 446 0.9759
3236.0000 458 446 0.9738
3242.0000 459 446 0.9717
3247.0000 459 447 0.9739
3251.0000 460 447 0.9717
3258.0000 461 447 0.9696
3260.0000 461 448 0.9718
3265.0000 461 449 0.9740
3266.0000 462 449 0.9719
3270.0000 462 450 0.9740
3274.0000 463 450 0.9719
3277.0000 463 451 0.9741
3282.0000 464 451 0.9720
3291.0000 465 451 0.9699
3297.0000 465 452 0.9720
3298.0000 466 452 0.9700
3303.0000 467 452 0.9679
3308.0000 467 453 0.9700
3309.0000 468 453 0.9679
3310.0000 468 454 0.9701
3312.0000 468 455 0.9722
3318.0000 469 455 0.9701
3319.0000 469 456 0.9723
3324.0000 470 456 0.9702
3330.0000 471 456 0.9682
3333.0000 471 457 0.9703
3334.0000 471 458 0.9724
3338.0000 472 458 0.9703
3341.0000 472 459 0.9725
3344.0000 473 459 0.9704
3351.0000 474 459 0.9684
3356.0000 475 459 0.9663
3362.0000 476 459 0.9643
3365.0000 476 460 0.9664
3368.0000 476 461 0.9685
3371.0000 477 461 0.9665
3375.0000 477 462 0.9686
3380.0000 478 462 0.9665
3382.0000 478 463 0.9686
3386.0000 478 464 0.9707
3386.0000 478 465 0.9728
3387.0000 478 466 0.9749
3388.0000 479 466 0.9729
3395.0000 480 466 0.9708
3396.0000 480 467 0.9729
3403.0000 481 467 0.9709
3405.0000 481 468 0.9730
3409.0000 482 468 0.9710
3414.0000 482 469 0.9730
3417.0000 483 469 0.9710
3424.0000 484 469 0.9690
3430.0000 485 469 0.9670
3436.0000 485 470 0.9691
3439.0000 486 470 0.9671
3446.0000 487 470 0.9651
3453.0000 488 470 0.9631
3459.0000 488 471 0.9652
3460.0000 489 471 0.9632
3467.0000 490 471 0.9612
3467.0000 490 472 0.9633
3472.0000 491 472 0.9613
3477.0000 492 472 0.9593
3481.0000 492 473 0.9614
3484.0000 493 473 0.9594
3487.0000 493 474 0.9615
3492.0000 494 474 0.9595
3500.0000 495 474 0.9576
3500.0000 495 475 0.9596
3501.0000 495 476 0.9616
3506.0000 496 476 0.9597
3512.0000 497 476 0.9577
3519.0000 498 476 0.9558
3525.0000 499 476 0.9539
3528.0000 499 477 0.9559
3531.0000 500 477 0.9540
3534.0000 500 478 0.9560
3537.0000 501 478 0.9541
3540.0000 501 479 0.9561
3540.0000 501 480 0.9581
3540.0000 501 481 0.9601
3546.0000 502 481 0.9582
3547.0000 502 482 0.9602
3554.0000 502 483 0.9622
3555.0000 503 483 0.9602
3557.0000 503 484 0.9622
3561.0000 504 484 0.9603
3565.0000 504 485 0.9623
3570.0000 505 485 0.9604
3576.0000 505 486 0.9624
3578.0000 506 486 0.9605
3579.0000 506 487 0.9625
3580.0000 506 488 0.9644
3586.0000 507 488 0.9625
3588.0000 507 489 0.9645
3593.0000 508 489 0.9626
3598.0000 508 490 0.9646
3599.0000 509 490 0.9627
3600.0000 509 491 0.9646
3606.0000 509 492 0.9666
3608.0000 510 492 0.9647
3611.0000 510 493 0.9667
3611.0000 510 494 0.9686
3613.0000 511 494 0.9667
3614.0000 511 495 0.9687
3620.0000 512 495 0.9668
3625.0000 513 495 0.9649
3630.0000 514 495 0.9630
3634.0000 514 496 0.9650
3634.0000 514 497 0.9669
3635.0000 515 497 0.9650
3641.0000 515 498 0.9670
3643.0000 516 498 0.9651
3652.0000 517 498 0.9632
3652.0000 517 499 0.9652
3660.0000 518 499 0.9633
3661.0000 518 500 0.9653
3666.0000 519 500 0.9634
3668.0000 519 501 0.9653
3671.0000 520 501 0.9635
3679.0000 521 501 0.9616
3684.0000 522 501 0.9598
3691.0000 523 501 0.9579
3693.0000 523 502 0.9598
3696.0000 523 503 0.9618
3697.0000 524 503 0.9599
3702.0000 525 503 0.9581
3708.0000 526 503 0.9563
3712.0000 526 504 0.9582
3717.0000 527 504 0.9564
3719.0000 527 505 0.9583
3725.0000 528 505 0.9564
3726.0000 528 506 0.9583
3730.0000 529 506 0.9565
3737.0000 529 507 0.9584
3739.0000 530 507 0.9566
3744.0000 530 508 0.9585
3747.0000 531 508 0.9567
3751.0000 531 509 0.9586
3751.0000 531 510 0.9605
3756.0000 532 510 0.9586
3763.0000 532 511 0.9605
3764.0000 533 511 0.9587
3772.0000 534 511 0.9569
3772.0000 534 512 0.9588
3780.0000 535 512 0.9570
3784.0000 535 513 0.9589
3785.0000 535 514 0.9607
3786.0000 535 515 0.9626
3787.0000 536 515 0.9608
3796.0000 537 515 0.9590
3800.0000 537 516 0.9609
3804.0000 537 517 0.9628
3805.0000 538 517 0.9610
3812.0000 539 517 0.9592
3814.0000 539 518 0.9610
3817.0000 540 518 0.9593
3826.0000 541 518 0.9575
3828.0000 541 519 0.9593
3833.0000 542 519 0.9576
3838.0000 543 519 0.9558
3842.0000 543 520 0.9576
3845.0000 544 520 0.9559
3850.0000 544 521 0.9577
3852.0000 545 521 0.9560
3855.0000 545 522 0.9578
3858.0000 546 522 0.9560
3863.0000 547 522 0.9543
3871.0000 547 523 0.9561
3872.0000 548 523 0.9544
3874.0000 548 524 0.9562
3876.0000 548 525 0.9580
3880.0000 549 525 0.9563
3880.0000 549 526 0.9581
3883.0000 549 527 0.9599
3888.0000 550 527 0.9582
3892.0000 550 528 0.9600
3897.0000 551 528 0.9583
3899.0000 551 529 0.9601
3902.0000 551 530 0.9619
3903.0000 552 530 0.9601
3904.0000 552 531 0.9620
3906.0000 552 532 0.9638
3909.0000 553 532 0.9620
3915.0000 554 532 0.9603
3922.0000 555 532 0.9586
3927.0000 556 532 0.9568
3927.0000 556 533 0.9586
3934.0000 557 533 0.9569
3940.0000 557 534 0.9587
3941.0000 557 535 0.9605
3942.0000 558 535 0.9588
3944.0000 558 536 0.9606
3945.0000 558 537 0.9624
3946.0000 558 538 0.9642
3947.0000 559 538 0.9624
3950.0000 559 539 0.9642
3954.0000 560 539 0.9625
3957.0000 560 540 0.9643
3963.0000 561 540 0.9626
3964.0000 561 541 0.9643
3970.0000 562 541 0.9626
3978.0000 563 541 0.9609
3985.0000 564 541 0.9592
3987.0000 564 542 0.9610
3988.0000 564 543 0.9628
3990.0000 565 543 0.9611
3997.0000 566 543 0.9594
4002.0000 567 543 0.9577
4009.0000 567 544 0.9594
4011.0000 568 544 0.9577
4012.0000 568 545 0.9595
4013.0000 568 546 0.9613
4014.0000 568 547 0.9630
4014.0000 568 548 0.9648
4017.0000 569 548 0.9631
4021.0000 569 549 0.9649
4022.0000 569 550 0.9666
4023.0000 570 550 0.9649
4029.0000 570 551 0.9667
4030.0000 571 551 0.9650
4038.0000 572 551 0.9633
4039.0000 572 552 0.9650
4040.0000 572 553 0.9668
4043.0000 572 554 0.9685
4044.0000 572 555 0.9703
4045.0000 572 556 0.9720
4046.0000 573 556 0.9703
4047.0000 573 557 0.9721
4049.0000 573 558 0.9738
4052.0000 574 558 0.9721
4052.0000 574 559 0.9739
4056.0000 574 560 0.9756
4059.0000 574 561 0.9774
4061.0000 575 561 0.9757
4062.0000 575 562 0.9774
4067.0000 576 562 0.9757
4076.0000 577 562 0.9740
4081.0000 577 563 0.9757
4083.0000 578 563 0.9740
4091.0000 579 563 0.9724
4096.0000 580 563 0.9707
4098.0000 580 564 0.9724
4105.0000 581 564 0.9707
4113.0000 582 564 0.9691
4116.0000 582 565 0.9708
4116.0000 582 566 0.9725
4118.0000 582 567 0.9742
4119.0000 582 568 0.9759
4122.0000 583 568 0.9743
4127.0000 584 568 0.9726
4131.0000 584 569 0.9743
4135.0000 585 569 0.9726
4135.0000 585 570 0.9744
4140.0000 585 571 0.9761
4143.0000 586 571 0.9744
4149.0000 586 572 0.9761
4150.0000 586 573 0.9778
4151.0000 586 574 0.9795
4152.0000 587 574 0.9779
4157.0000 588 574 0.9762
4166.0000 589 574 0.9745
4168.0000 589 575 0.9762
4169.0000 589 576 0.9779
4171.0000 589 577 0.9796
4171.0000 589 578 0.9813
4174.0000 590 578 0.9797
4180.0000 590 579 0.9814
4181.0000 591 579 0.9797
4186.0000 592 579 0.9780
4192.0000 593 579 0.9764
4201.0000 594 579 0.9747
4207.0000 594 580 0.9764
4208.0000 595 580 0.9748
4216.0000 596 580 0.9732
4223.0000 597 580 0.9715
4224.0000 597 581 0.9732
4225.0000 597 582 0.9749
4226.0000 597 583 0.9765
4229.0000 598 583 0.9749
4232.0000 598 584 0.9766
4235.0000 599 584 0.9750
4241.0000 600 584 0.9733
4250.0000 601 584 0.9717
4255.0000 602 584 0.9701
4255.0000 602 585 0.9718
4264.0000 603 585 0.9701
4272.0000 604 585 0.9685
4277.0000 605 585 0.9669
4286.0000 606 585 0.9653
4291.0000 607 585 0.9638
4291.0000 607 586 0.9654
4296.0000 608 586 0.9638
4297.0000 608 587 0.9655
4302.0000 609 587 0.9639
4309.0000 610 587 0.9623
4315.0000 611 587 0.9607
4320.0000 612 587 0.9592
4325.0000 612 588 0.9608
4328.0000 612 589 0.9624
4329.0000 613 589 0.9608
4335.0000 614 589 0.9593
4337.0000 614 590 0.9609
4342.0000 614 591 0.9625
4343.0000 615 591 0.9610
4351.0000 616 591 0.9594
4356.0000 617 591 0.9579
4361.0000 618 591 0.9563
4364.0000 618 592 0.9579
4368.0000 619 592 0.9564
4373.0000 619 593 0.9580
4374.0000 619 594 0.9596
4375.0000 620 594 0.9581
4375.0000 620 595 0.9597
4375.0000 620 596 0.9613
4376.0000 620 597 0.9629
4380.0000 620 598 0.9645
4381.0000 621 598 0.9630
4383.0000 621 599 0.9646
4390.0000 622 599 0.9630
4393.0000 622 600 0.9646
4395.0000 622 601 0.9662
4395.0000 622 602 0.9678
4396.0000 623 602 0.9663
4398.0000 623 603 0.9679
4404.0000 624 603 0.9663
4413.0000 625 603 0.9648
4421.0000 626 603 0.9633
4425.0000 626 604 0.9649
4426.0000 627 604 0.9633
4430.0000 627 605 0.9649
4431.0000 628 605 0.9634
4432.0000 628 606 0.9650
4437.0000 629 606 0.9634
4442.0000 629 607 0.9650
4442.0000 629 608 0.9666
4443.0000 629 609 0.9682
4446.0000 630 609 0.9667
4450.0000 630 610 0.9683
4451.0000 630 611 0.9698
4452.0000 631 611 0.9683
4458.0000 632 611 0.9668
4461.0000 632 612 0.9684
4465.0000 633 612 0.9668
4471.0000 634 612 0.9653
4476.0000 635 612 0.9638
4478.0000 635 613 0.9654
4482.0000 636 613 0.9638
4487.0000 637 613 0.9623
4494.0000 638 613 0.9608
4501.0000 638 614 0.9624
4502.0000 638 615 0.9639
4503.0000 639 615 0.9624
4511.0000 640 615 0.9609
4511.0000 640 616 0.9625
4517.0000 641 616 0.9610
4523.0000 641 617 0.9626
4525.0000 642 617 0.9611
4526.0000 642 618 0.9626
4530.0000 643 618 0.9611
4536.0000 644 618 0.9596
4539.0000 644 619 0.9612
4542.0000 644 620 0.9627
4545.0000 645 620 0.9612
4547.0000 645 621 0.9628
4550.0000 645 622 0.9643
4553.0000 646 622 0.9628
4555.0000 646 623 0.9644
4556.0000 646 624 0.9659
4558.0000 647 624 0.9645
4564.0000 647 625 0.9660
4566.0000 647 626 0.9675
4567.0000 648 626 0.9660
4567.0000 648 627 0.9676
4574.0000 649 627 0.9661
4575.0000 649 628 0.9676
4582.0000 650 628 0.9662
4583.0000 650 629 0.9677
4588.0000 651 629 0.9662
4594.0000 652 629 0.9647
4599.0000 653 629 0.9632
4606.0000 653 630 0.9648
4607.0000 654 630 0.9633
4612.0000 655 630 0.9618
4621.0000 656 630 0.9604
4624.0000 656 631 0.9619
4627.0000 657 631 0.9604
4634.0000 658 631 0.9590
4641.0000 658 632 0.9605
4642.0000 659 632 0.9590
4651.0000 660 632 0.9576
4654.0000 660 633 0.9591
4656.0000 660 634 0.9606
4657.0000 661 634 0.9592
4663.0000 662 634 0.9577
4669.0000 663 634 0.9563
4669.0000 663 635 0.9578
4678.0000 664 635 0.9563
4678.0000 664 636 0.9578
4684.0000 665 636 0.9564
4691.0000 666 636 0.9550
4697.0000 667 636 0.9535
4705.0000 667 637 0.9550
4706.0000 668 637 0.9536
4709.0000 668 638 0.9551
4710.0000 668 639 0.9566
4711.0000 668 640 0.9581
4712.0000 669 640 0.9567
4713.0000 669 641 0.9581
4719.0000 669 642 0.9596
4720.0000 670 642 0.9582
4724.0000 670 643 0.9597
4728.0000 671 643 0.9583
4737.0000 672 643 0.9568
4741.0000 672 644 0.9583
4744.0000 673 644 0.9569
4744.0000 673 645 0.9584
4752.0000 674 645 0.9570
4755.0000 674 646 0.9585
4755.0000 674 647 0.9599
4756.0000 674 648 0.9614
4757.0000 675 648 0.9600
4762.0000 675 649 0.9615
4762.0000 675 650 0.9630
4763.0000 675 651 0.9644
4763.0000 675 652 0.9659
4766.0000 676 652 0.9645
4766.0000 676 653 0.9660
4766.0000 676 654 0.9675
4772.0000 677 654 0.9660
4778.0000 677 655 0.9675
4778.0000 677 656 0.9690
4781.0000 678 656 0.9676
4786.0000 679 656 0.9661
4792.0000 680 656 0.9647
4795.0000 680 657 0.9662
4796.0000 680 658 0.9676
4799.0000 681 658 0.9662
4803.0000 681 659 0.9677
4804.0000 682 659 0.9663
4804.0000 682 660 0.9677
4805.0000 682 661 0.9692
4806.0000 682 662 0.9707
4809.0000 683 662 0.9693
4813.0000 683 663 0.9707
4813.0000 683 664 0.9722
4815.0000 684 664 0.9708
4822.0000 685 664 0.9693
4826.0000 685 665 0.9708
4827.0000 685 666 0.9723
4831.0000 686 666 0.9708
4835.0000 686 667 0.9723
4836.0000 686 668 0.9738
4839.0000 687 668 0.9723
4839.0000 687 669 0.9738
4845.0000 688 669 0.9724
4848.0000 688 670 0.9738
4848.0000 688 671 0.9753
4849.0000 688 672 0.9767
4854.0000 689 672 0.9753
4854.0000 689 673 0.9768
4859.0000 689 674 0.9782
4862.0000 690 674 0.9768
4866.0000 690 675 0.9783
4867.0000 691 675 0.9768
4867.0000 691 676 0.9783
4868.0000 691 677 0.9797
4869.0000 691 678 0.9812
4874.0000 692 678 0.9798
4881.0000 693 678 0.9784
4890.0000 694 678 0.9769
4893.0000 694 679 0.9784
4894.0000 694 680 0.9798
4896.0000 695 680 0.9784
4897.0000 695 681 0.9799
4902.0000 696 681 0.9784
4904.0000 696 682 0.9799
4905.0000 696 683 0.9813
4908.0000 697 683 0.9799
4917.0000 698 683 0.9785
4923.0000 699 683 0.9771
4928.0000 700 683 0.9757
4929.0000 700 684 0.9771
4937.0000 701 684 0.9757
4942.0000 701 685 0.9772
4944.0000 701 686 0.9786
4945.0000 702 686 0.9772
4950.0000 703 686 0.9758
4950.0000 703 687 0.9772
4952.0000 703 688 0.9787
4959.0000 704 688 0.9773
4964.0000 705 688 0.9759
4970.0000 706 688 0.9745
4976.0000 706 689 0.9759
4978.0000 707 689 0.9745
4983.0000 708 689 0.9732
4986.0000 708 690 0.9746
4988.0000 709 690 0.9732
4991.0000 709 691 0.9746
4997.0000 710 691 0.9732
5004.0000 711 691 0.9719
5005.0000 711 692 0.9733
5013.0000 712 692 0.9719
5019.0000 713 692 0.9705
5023.0000 713 693 0.9719
5028.0000 714 693 0.9706
5036.0000 715 693 0.9692
5036.0000 715 694 0.9706
5037.0000 715 695 0.9720
5041.0000 715 696 0.9734
5044.0000 716 696 0.9721
5044.0000 716 697 0.9735
5053.0000 717 697 0.9721
5055.0000 717 698 0.9735
5056.0000 717 699 0.9749
5058.0000 718 699 0.9735
5059.0000 718 700 0.9749
5067.0000 719 700 0.9736
5069.0000 719 701 0.9750
5073.0000 720 701 0.9736
5075.0000 720 702 0.9750
5081.0000 721 702 0.9736
5081.0000 721 703 0.9750
5083.0000 721 704 0.9764
5086.0000 722 704 0.9751
5089.0000 722 705 0.9765
5091.0000 722 706 0.9778
5093.0000 723 706 0.9765
5094.0000 723 707 0.9779
5099.0000 724 707 0.9765
5108.0000 725 707 0.9752
5110.0000 725 708 0.9766
5111.0000 725 709 0.9779
5111.0000 725 710 0.9793
5116.0000 726 710 0.9780
5124.0000 727 710 0.9766
5126.0000 727 711 0.9780
5133.0000 728 711 0.9766
5142.0000 729 711 0.9753
5147.0000 730 711 0.9740
5148.0000 730 712 0.9753
5155.0000 731 712 0.9740
5159.0000 731 713 0.9754
5160.0000 731 714 0.9767
5161.0000 732 714 0.9754
5163.0000 732 715 0.9768
5166.0000 733 715 0.9754
5169.0000 733 716 0.9768
5175.0000 734 716 0.9755
5180.0000 735 716 0.9741
5181.0000 735 717 0.9755
5186.0000 736 717 0.9742
5187.0000 736 718 0.9755
5188.0000 736 719 0.9769
5189.0000 736 720 0.9783
5195.0000 737 720 0.9769
5201.0000 737 721 0.9783
5202.0000 738 721 0.9770
5209.0000 739 721 0.9756
5209.0000 739 722 0.9770
5209.0000 739 723 0.9783
5218.0000 740 723 0.9770
5220.0000 740 724 0.9784
5221.0000 740 725 0.9797
5224.0000 741 725 0.9784
5228.0000 741 726 0.9798
5232.0000 742 726 0.9784
5239.0000 743 726 0.9771
5243.0000 743 727 0.9785
5244.0000 744 727 0.9772
5250.0000 745 727 0.9758
5250.0000 745 728 0.9772
5256.0000 746 728 0.9759
5264.0000 747 728 0.9746
5273.0000 748 728 0.9733
5274.0000 748 729 0.9746
5278.0000 748 730 0.9759
5282.0000 749 730 0.9746
5283.0000 749 731 0.9760
5286.0000 749 732 0.9773
5287.0000 749 733 0.9786
5288.0000 749 734 0.9800
5290.0000 750 734 0.9787
5291.0000 750 735 0.9800
5295.0000 750 736 0.9813
5298.0000 751 736 0.9800
5302.0000 751 737 0.9814
5305.0000 752 737 0.9801
5312.0000 753 737 0.9788
5313.0000 753 738 0.9801
5315.0000 753 739 0.9814
5319.0000 753 740 0.9827
5320.0000 754 740 0.9814
5328.0000 755 740 0.9801
5332.0000 755 741 0.9815
5334.0000 755 742 0.9828
5335.0000 756 742 0.9815
5343.0000 756 743 0.9828
5344.0000 757 743 0.9815
5352.0000 758 743 0.9802
5359.0000 759 743 0.9789
5366.0000 760 743 0.9776
5372.0000 761 743 0.9763
5379.0000 762 743 0.9751
5384.0000 763 743 0.9738
5385.0000 763 744 0.9751
5387.0000 763 745 0.9764
5387.0000 763 746 0.9777
5389.0000 764 746 0.9764
5395.0000 765 746 0.9752
5398.0000 765 747 0.9765
5398.0000 765 748 0.9778
5399.0000 765 749 0.9791
5402.0000 766 749 0.9778
5403.0000 766 750 0.9791
5407.0000 766 751 0.9804
5409.0000 766 752 0.9817
5411.0000 767 752 0.9804
5413.0000 767 753 0.9817
5417.0000 768 753 0.9805
5423.0000 769 753 0.9792
5426.0000 769 754 0.9805
5429.0000 770 754 0.9792
5429.0000 770 755 0.9805
5437.0000 770 756 0.9818
5437.0000 770 757 0.9831
5438.0000 771 757 0.9818
5441.0000 771 758 0.9831
5441.0000 771 759 0.9844
5444.0000 772 759 0.9832
5444.0000 772 760 0.9845
5452.0000 773 760 0.9832
5455.0000 773 761 0.9845
5457.0000 774 761 0.9832
5466.0000 775 761 0.9819
5470.0000 775 762 0.9832
5472.0000 776 762 0.9820
5478.0000 776 763 0.9832
5480.0000 777 763 0.9820
5481.0000 777 764 0.9833
5488.0000 777 765 0.9846
5489.0000 778 765 0.9833
5495.0000 778 766 0.9846
5497.0000 779 766 0.9833
5497.0000 779 767 0.9846
5498.0000 779 768 0.9859
5504.0000 780 768 0.9846
5511.0000 781 768 0.9834
5515.0000 781 769 0.9846
5518.0000 782 769 0.9834
5522.0000 782 770 0.9847
5523.0000 783 770 0.9834
5526.0000 783 771 0.9847
5527.0000 783 772 0.9860
5530.0000 784 772 0.9847
5531.0000 784 773 0.9860
5537.0000 785 773 0.9847
5538.0000 785 774 0.9860
5546.0000 786 774 0.9847
5555.0000 787 774 0.9835
5564.0000 788 774 0.9822
5573.0000 789 774 0.9810
5574.0000 789 775 0.9823
5579.0000 789 776 0.9835
5581.0000 790 776 0.9823
5585.0000 790 777 0.9835
5589.0000 790 778 0.9848
5590.0000 791 778 0.9836
5593.0000 791 779 0.9848
5595.0000 792 779 0.9836
5599.0000 792 780 0.9848
5603.0000 793 780 0.9836
5605.0000 793 781 0.9849
5610.0000 794 781 0.9836
5618.0000 795 781 0.9824
5621.0000 795 782 0.9836
5624.0000 796 782 0.9824
5633.0000 797 782 0.9812
5634.0000 797 783 0.9824
5636.0000 797 784 0.9837
5637.0000 797 785 0.9849
5638.0000 798 785 0.9837
5638.0000 798 786 0.9850
5646.0000 799 786 0.9837
5654.0000 800 786 0.9825
5660.0000 800 787 0.9838
5663.0000 801 787 0.9825
5668.0000 802 787 0.9813
5677.0000 803 787 0.9801
5685.0000 804 787 0.9789
5690.0000 804 788 0.9801
5694.0000 805 788 0.9789
5694.0000 805 789 0.9801
5694.0000 805 790 0.9814
5696.0000 805 791 0.9826
5700.0000 806 791 0.9814
5700.0000 806 792 0.9826
5704.0000 806 793 0.9839
5706.0000 807 793 0.9827
5707.0000 807 794 0.9839
5713.0000 807 795 0.9851
5715.0000 808 795 0.9839
5716.0000 808 796 0.9851
5718.0000 808 797 0.9864
5718.0000 808 798 0.9876
5720.0000 809 798 0.9864
5728.0000 810 798 0.9852
5730.0000 810 799 0.9864
5733.0000 810 800 0.9877
5735.0000 811 800 0.9864
5742.0000 812 800 0.9852
5747.0000 812 801 0.9865
5748.0000 813 801 0.9852
5748.0000 813 802 0.9865
5754.0000 814 802 0.9853
5756.0000 814 803 0.9865
5759.0000 815 803 0.9853
5766.0000 816 803 0.9841
5772.0000 817 803 0.9829
5780.0000 818 803 0.9817
5785.0000 818 804 0.9829
5787.0000 819 804 0.9817
5792.0000 820 804 0.9805
5792.0000 820 805 0.9817
5794.0000 820 806 0.9829
5798.0000 820 807 0.9841
5799.0000 821 807 0.9829
5808.0000 822 807 0.9818
5809.0000 822 808 0.9830
5812.0000 822 809 0.9842
5812.0000 822 810 0.9854
5814.0000 822 811 0.9866
5814.0000 822 812 0.9878
5816.0000 823 812 0.9866
5824.0000 823 813 0.9878
5825.0000 824 813 0.9867
5829.0000 824 814 0.9879
5833.0000 825 814 0.9867
5834.0000 825 815 0.9879
5839.0000 826 815 0.9867
5844.0000 827 815 0.9855
5848.0000 827 816 0.9867
5852.0000 828 816 0.9855
5854.0000 828 817 0.9867
5860.0000 829 817 0.9855
5867.0000 830 817 0.9843
5876.0000 831 817 0.9832
5884.0000 832 817 0.9820
5892.0000 833 817 0.9808
5894.0000 833 818 0.9820
5901.0000 834 818 0.9808
5907.0000 834 819 0.9820
5909.0000 834 820 0.9832
5910.0000 835 820 0.9820
5918.0000 835 821 0.9832
5919.0000 836 821 0.9821
5924.0000 837 821 0.9809
5932.0000 838 821 0.9797
5937.0000 838 822 0.9809
5939.0000 839 822 0.9797
5946.0000 840 822 0.9786
5951.0000 841 822 0.9774
5952.0000 841 823 0.9786
5959.0000 842 823 0.9774
5965.0000 842 824 0.9786
5966.0000 842 825 0.9798
5968.0000 843 825 0.9786
5974.0000 844 825 0.9775
5980.0000 844 826 0.9787
5982.0000 845 826 0.9775
5986.0000 845 827 0.9787
5989.0000 846 827 0.9775
5995.0000 847 827 0.9764
5995.0000 847 828 0.9776
5995.0000 847 829 0.9787
5996.0000 847 830 0.9799
5999.0000 847 831 0.9811
6000.0000 848 831 0.9800
6008.0000 849 831 0.9788
6015.0000 850 831 0.9776
6020.0000 850 832 0.9788
6023.0000 851 832 0.9777
6024.0000 851 833 0.9788
6030.0000 852 833 0.9777
6035.0000 853 833 0.9766
6038.0000 853 834 0.9777
6038.0000 853 835 0.9789
6041.0000 854 835 0.9778
6047.0000 855 835 0.9766
6047.0000 855 836 0.9778
6054.0000 856 836 0.9766
6061.0000 857 836 0.9755
6061.0000 857 837 0.9767
6067.0000 857 838 0.9778
6067.0000 857 839 0.9790
6068.0000 858 839 0.9779
6074.0000 858 840 0.9790
6077.0000 859 840 0.9779
6080.0000 859 841 0.9790
6085.0000 860 841 0.9779
6085.0000 860 842 0.9791
6089.0000 860 843 0.9802
6092.0000 860 844 0.9814
6094.0000 861 844 0.9803
6099.0000 861 845 0.9814
6100.0000 861 846 0.9826
6103.0000 862 846 0.9814
6110.0000 863 846 0.9803
6116.0000 864 846 0.9792
6120.0000 864 847 0.9803
6123.0000 865 847 0.9792
6126.0000 865 848 0.9803
6127.0000 865 849 0.9815
6128.0000 865 850 0.9827
6129.0000 866 850 0.9815
6129.0000 866 851 0.9827
6137.0000 867 851 0.9815
6142.0000 867 852 0.9827
6146.0000 868 852 0.9816
6155.0000 869 852 0.9804
6155.0000 869 853 0.9816
6161.0000 870 853 0.9805
6168.0000 870 854 0.9816
6169.0000 871 854 0.9805
6175.0000 872 854 0.9794
6183.0000 873 854 0.9782
6188.0000 873 855 0.9794
6190.0000 874 855 0.9783
6191.0000 874 856 0.9794
6195.0000 874 857 0.9805
6199.0000 875 857 0.9794
6200.0000 875 858 0.9806
6201.0000 875 859 0.9817
6203.0000 875 860 0.9829
6205.0000 876 860 0.9817
6211.0000 877 860 0.9806
6213.0000 877 861 0.9818
6216.0000 878 861 0.9806
6221.0000 879 861 0.9795
6227.0000 879 862 0.9807
6228.0000 880 862 0.9795
6233.0000 881 862 0.9784
6236.0000 881 863 0.9796
6242.0000 882 863 0.9785
6251.0000 883 863 0.9773
6253.0000 883 864 0.9785
6256.0000 883 865 0.9796
6257.0000 884 865 0.9785
6258.0000 884 866 0.9796
6262.0000 885 866 0.9785
6262.0000 885 867 0.9797
6264.0000 885 868 0.9808
6264.0000 885 869 0.9819
6264.0000 885 870 0.9831
6267.0000 885 871 0.9842
6269.0000 886 871 0.9831
6276.0000 887 871 0.9820
6279.0000 887 872 0.9831
6282.0000 887 873 0.9842
6284.0000 888 873 0.9831
6289.0000 889 873 0.9820
6297.0000 890 873 0.9809
6306.0000 891 873 0.9798
6308.0000 891 874 0.9809
6314.0000 892 874 0.9798
6323.0000 893 874 0.9787
6323.0000 893 875 0.9798
6328.0000 894 875 0.9787
6329.0000 894 876 0.9799
6334.0000 895 876 0.9788
6340.0000 896 876 0.9777
6344.0000 896 877 0.9788
6349.0000 897 877 0.9777
6358.0000 898 877 0.9766
6366.0000 899 877 0.9755
6373.0000 900 877 0.9744
6374.0000 900 878 0.9756
6378.0000 901 878 0.9745
6379.0000 901 879 0.9756
6386.0000 902 879 0.9745
6387.0000 902 880 0.9756
6389.0000 902 881 0.9767
6390.0000 902 882 0.9778
6394.0000 902 883 0.9789
6395.0000 903 883 0.9779
6400.0000 904 883 0.9768
6405.0000 905 883 0.9757
6409.0000 905 884 0.9768
6412.0000 906 884 0.9757
6418.0000 907 884 0.9746
6426.0000 908 884 0.9736
6430.0000 908 885 0.9747
6431.0000 908 886 0.9758
6432.0000 908 887 0.9769
6433.0000 909 887 0.9758
6440.0000 910 887 0.9747
6448.0000 911 887 0.9737
6456.0000 912 887 0.9726
6457.0000 912 888 0.9737
6460.0000 912 889 0.9748
6461.0000 913 889 0.9737
6462.0000 913 890 0.9748
6463.0000 913 891 0.9759
6467.0000 914 891 0.9748
6476.0000 915 891 0.9738
6481.0000 915 892 0.9749
6483.0000 916 892 0.9738
6489.0000 917 892 0.9727
6492.0000 917 893 0.9738
6498.0000 918 893 0.9728
6498.0000 918 894 0.9739
6504.0000 918 895 0.9749
6504.0000 918 896 0.9760
6506.0000 919 896 0.9750
6510.0000 919 897 0.9761
6511.0000 920 897 0.9750
6514.0000 920 898 0.9761
6515.0000 920 899 0.9772
6520.0000 921 899 0.9761
6524.0000 921 900 0.9772
6526.0000 922 900 0.9761
6533.0000 923 900 0.9751
6538.0000 924 900 0.9740
6540.0000 924 901 0.9751
6542.0000 924 902 0.9762
6545.0000 925 902 0.9751
6554.0000 926 902 0.9741
6560.0000 926 903 0.9752
6561.0000 927 903 0.9741
6562.0000 927 904 0.9752
6569.0000 928 904 0.9741
6573.0000 928 905 0.9752
6577.0000 929 905 0.9742
6583.0000 930 905 0.9731
6591.0000 931 905 0.9721
6599.0000 931 906 0.9731
6600.0000 932 906 0.9721
6601.0000 932 907 0.9732
6601.0000 932 908 0.9742
6602.0000 932 909 0.9753
6603.0000 932 910 0.9764
6605.0000 933 910 0.9753
6605.0000 933 911 0.9764
6607.0000 933 912 0.9775
6607.0000 933 913 0.9786
6613.0000 934 913 0.9775
6621.0000 935 913 0.9765
6621.0000 935 914 0.9775
6627.0000 936 914 0.9765
6628.0000 936 915 0.9776
6632.0000 936 916 0.9786
6633.0000 937 916 0.9776
6637.0000 937 917 0.9787
6638.0000 938 917 0.9776
6643.0000 939 917 0.9766
6644.0000 939 918 0.9776
6647.0000 939 919 0.9787
6648.0000 940 919 0.9777
6648.0000 940 920 0.9787
6657.0000 941 920 0.9777
6659.0000 941 921 0.9787
6660.0000 941 922 0.9798
6661.0000 941 923 0.9809
6661.0000 941 924 0.9819
6662.0000 942 924 0.9809
6663.0000 942 925 0.9820
6666.0000 942 926 0.9830
6668.0000 942 927 0.9841
6669.0000 943 927 0.9830
6669.0000 943 928 0.9841
6670.0000 943 929 0.9852
6671.0000 943 930 0.9862
6676.0000 944 930 0.9852
6678.0000 944 931 0.9862
6684.0000 944 932 0.9873
6685.0000 945 932 0.9862
6692.0000 946 932 0.9852
6694.0000 946 933 0.9863
6698.0000 946 934 0.9873
6698.0000 946 935 0.9884
6699.0000 947 935 0.9873
6700.0000 947 936 0.9884
6706.0000 948 936 0.9873
6711.0000 949 936 0.9863
6717.0000 950 936 0.9853
6722.0000 951 936 0.9842
6722.0000 951 937 0.9853
6730.0000 952 937 0.9842
6739.0000 953 937 0.9832
6745.0000 954 937 0.9822
6749.0000 954 938 0.9832
6753.0000 955 938 0.9822
6759.0000 955 939 0.9832
6762.0000 956 939 0.9822
6766.0000 956 940 0.9833
6767.0000 956 941 0.9843
6771.0000 957 941 0.9833
6777.0000 957 942 0.9843
6780.0000 958 942 0.9833
6782.0000 958 943 0.9843
6784.0000 958 944 0.9854
6785.0000 958 945 0.9864
6786.0000 959 945 0.9854
6795.0000 960 945 0.9844
6804.0000 961 945 0.9834
6809.0000 962 945 0.9823
6814.0000 962 946 0.9834
6816.0000 963 946 0.9823
6823.0000 964 946 0.9813
6824.0000 964 947 0.9824
6830.0000 965 947 0.9813
6835.0000 965 948 0.9824
6835.0000 965 949 0.9834
6838.0000 966 949 0.9824
6840.0000 966 950 0.9834
6844.0000 967 950 0.9824
6846.0000 967 951 0.9835
6850.0000 968 951 0.9824
6850.0000 968 952 0.9835
6858.0000 969 952 0.9825
6864.0000 970 952 0.9814
6867.0000 970 953 0.9825
6871.0000 971 953 0.9815
6878.0000 972 953 0.9805
6885.0000 973 953 0.9794
6890.0000 974 953 0.9784
6892.0000 974 954 0.9795
6896.0000 975 954 0.9785
6901.0000 976 954 0.9775
6903.0000 976 955 0.9785
6903.0000 976 956 0.9795
6909.0000 977 956 0.9785
6913.0000 977 957 0.9795
6918.0000 978 957 0.9785
6927.0000 979 957 0.9775
6929.0000 979 958 0.9785
6929.0000 979 959 0.9796
6934.0000 980 959 0.9786
6941.0000 981 959 0.9776
6943.0000 981 960 0.9786
6943.0000 981 961 0.9796
6947.0000 981 962 0.9806
6948.0000 982 962 0.9796
6957.0000 983 962 0.9786
6957.0000 983 963 0.9797
6964.0000 984 963 0.9787
6970.0000 984 964 0.9797
6972.0000 985 964 0.9787
6975.0000 985 965 0.9797
6975.0000 985 966 0.9807
6977.0000 986 966 0.9797
6982.0000 987 966 0.9787
6982.0000 987 967 0.9797
6988.0000 988 967 0.9787
6990.0000 988 968 0.9798
6996.0000 989 968 0.9788
6999.0000 989 969 0.9798
7001.0000 989 970 0.9808
7005.0000 990 970 0.9798
7006.0000 990 971 0.9808
7011.0000 991 971 0.9798
7018.0000 991 972 0.9808
7020.0000 992 972 0.9798
7023.0000 992 973 0.9808
7027.0000 993 973 0.9799
7028.0000 993 974 0.9809
7030.0000 993 975 0.9819
7034.0000 994 975 0.9809
7036.0000 994 976 0.9819
7042.0000 995 976 0.9809
7048.0000 996 976 0.9799
7049.0000 996 977 0.9809
7054.0000 996 978 0.9819
7055.0000 997 978 0.9809
7061.0000 997 979 0.9819
7063.0000 997 980 0.9829
7064.0000 998 980 0.9820
7071.0000 999 980 0.9810
7072.0000 999 981 0.9820
7074.0000 999 982 0.9830
7076.0000 1000 982 0.9820
7078.0000 1000 983 0.9830
7082.0000 1001 983 0.9820
7085.0000 1001 984 0.9830
7089.0000 1001 985 0.9840
7090.0000 1002 985 0.9830
7097.0000 1003 985 0.9821
7100.0000 1003 986 0.9831
7102.0000 1004 986 0.9821
7109.0000 1005 986 0.9811
7116.0000 1005 987 0.9821
7118.0000 1006 987 0.9811
7124.0000 1007 987 0.9801
7125.0000 1007 988 0.9811
7130.0000 1008 988 0.9802
7139.0000 1009 988 0.9792
7144.0000 1010 988 0.9782
7153.0000 1011 988 0.9773
7154.0000 1011 989 0.9782
7160.0000 1012 989 0.9773
7160.0000 1012 990 0.9783
7167.0000 1013 990 0.9773
7167.0000 1013 991 0.9783
7168.0000 1013 992 0.9793
7171.0000 1013 993 0.9803
7176.0000 1014 993 0.9793
7183.0000 1015 993 0.9783
7186.0000 1015 994 0.9793
7189.0000 1016 994 0.9783
7194.0000 1016 995 0.9793
7198.0000 1017 995 0.9784
7198.0000 1017 996 0.9794
7202.0000 1017 997 0.9803
7202.0000 1017 998 0.9813
7205.0000 1018 998 0.9804
7207.0000 1018 999 0.9813
7211.0000 1019 999 0.9804
7217.0000 1020 999 0.9794
7222.0000 1021 999 0.9785
7224.0000 1021 1000 0.9794
7229.0000 1022 1000 0.9785
7237.0000 1023 1000 0.9775
7243.0000 1023 1001 0.9785
7244.0000 1024 1001 0.9775
7252.0000 1024 1002 0.9785
7253.0000 1025 1002 0.9776
7260.0000 1026 1002 0.9766
7268.0000 1027 1002 0.9757
7275.0000 1028 1002 0.9747
7279.0000 1028 1003 0.9757
7284.0000 1029 1003 0.9747
7284.0000 1029 1004 0.9757
7286.0000 1029 1005 0.9767
7292.0000 1030 1005 0.9757
7296.0000 1030 1006 0.9767
7297.0000 1031 1006 0.9758
7297.0000 1031 1007 0.9767
7305.0000 1032 1007 0.9758
7307.0000 1032 1008 0.9767
7311.0000 1033 1008 0.9758
7318.0000 1034 1008 0.9749
7327.0000 1035 1008 0.9739
7334.0000 1036 1008 0.9730
7337.0000 1036 1009 0.9739
7337.0000 1036 1010 0.9749
7338.0000 1036 1011 0.9759
7341.0000 1037 1011 0.9749
7345.0000 1037 1012 0.9759
7349.0000 1037 1013 0.9769
7350.0000 1038 1013 0.9759
7350.0000 1038 1014 0.9769
7350.0000 1038 1015 0.9778
7359.0000 1039 1015 0.9769
7360.0000 1039 1016 0.9779
7365.0000 1040 1016 0.9769
7373.0000 1041 1016 0.9760
7375.0000 1041 1017 0.9769
7378.0000 1042 1017 0.9760
7378.0000 1042 1018 0.9770
7383.0000 1043 1018 0.9760
7388.0000 1043 1019 0.9770
7392.0000 1044 1019 0.9761
7397.0000 1045 1019 0.9751
7398.0000 1045 1020 0.9761
7404.0000 1046 1020 0.9751
7409.0000 1046 1021 0.9761
7411.0000 1047 1021 0.9752
7418.0000 1048 1021 0.9742
7419.0000 1048 1022 0.9752
7421.0000 1048 1023 0.9761
7422.0000 1048 1024 0.9771
7423.0000 1048 1025 0.9781
7424.0000 1049 1025 0.9771
7430.0000 1050 1025 0.9762
7436.0000 1051 1025 0.9753
7440.0000 1051 1026 0.9762
7441.0000 1052 1026 0.9753
7442.0000 1052 1027 0.9762
7447.0000 1052 1028 0.9772
7448.0000 1053 1028 0.9763
7457.0000 1054 1028 0.9753
7457.0000 1054 1029 0.9763
7465.0000 1055 1029 0.9754
7467.0000 1055 1030 0.9763
7467.0000 1055 1031 0.9773
7469.0000 1055 1032 0.9782
7474.0000 1056 1032 0.9773
7482.0000 1057 1032 0.9763
7482.0000 1057 1033 0.9773
7483.0000 1057 1034 0.9782
7485.0000 1057 1035 0.9792
7487.0000 1058 1035 0.9783
7489.0000 1058 1036 0.9792
7493.0000 1059 1036 0.9783
7494.0000 1059 1037 0.9792
7502.0000 1060 1037 0.9783
7507.0000 1061 1037 0.9774
7513.0000 1062 1037 0.9765
7516.0000 1062 1038 0.9774
7519.0000 1063 1038 0.9765
7520.0000 1063 1039 0.9774
7525.0000 1064 1039 0.9765
7534.0000 1065 1039 0.9756
7542.0000 1066 1039 0.9747
7550.0000 1067 1039 0.9738
7556.0000 1068 1039 0.9728
7557.0000 1068 1040 0.9738
7557.0000 1068 1041 0.9747
7558.0000 1068 1042 0.9757
7562.0000 1069 1042 0.9747
7570.0000 1070 1042 0.9738
7570.0000 1070 1043 0.9748
7570.0000 1070 1044 0.9757
7576.0000 1071 1044 0.9748
7585.0000 1072 1044 0.9739
7594.0000 1073 1044 0.9730
7594.0000 1073 1045 0.9739
7595.0000 1073 1046 0.9748
7600.0000 1073 1047 0.9758
7600.0000 1073 1048 0.9767
7601.0000 1073 1049 0.9776
7602.0000 1074 1049 0.9767
7605.0000 1074 1050 0.9777
7606.0000 1074 1051 0.9786
7609.0000 1075 1051 0.9777
7617.0000 1076 1051 0.9768
7625.0000 1077 1051 0.9759
7627.0000 1077 1052 0.9768
7628.0000 1077 1053 0.9777
7628.0000 1077 1054 0.9786
7630.0000 1078 1054 0.9777
7631.0000 1078 1055 0.9787
7635.0000 1079 1055 0.9778
7636.0000 1079 1056 0.9787
7644.0000 1080 1056 0.9778
7648.0000 1080 1057 0.9787
7652.0000 1081 1057 0.9778
7653.0000 1081 1058 0.9787
7657.0000 1082 1058 0.9778
7662.0000 1083 1058 0.9769
7664.0000 1083 1059 0.9778
7667.0000 1084 1059 0.9769
7669.0000 1084 1060 0.9779
7672.0000 1085 1060 0.9770
7674.0000 1085 1061 0.9779
7678.0000 1085 1062 0.9788
7678.0000 1085 1063 0.9797
7680.0000 1086 1063 0.9788
7682.0000 1086 1064 0.9797
7688.0000 1087 1064 0.9788
7697.0000 1088 1064 0.9779
7699.0000 1088 1065 0.9789
7700.0000 1088 1066 0.9798
7706.0000 1089 1066 0.9789
7706.0000 1089 1067 0.9798
7713.0000 1090 1067 0.9789
7718.0000 1090 1068 0.9798
7719.0000 1090 1069 0.9807
7721.0000 1091 1069 0.9798
7722.0000 1091 1070 0.9808
7729.0000 1092 1070 0.9799
7736.0000 1092 1071 0.9808
7737.0000 1092 1072 0.9817
7738.0000 1093 1072 0.9808
7740.0000 1093 1073 0.9817
7742.0000 1093 1074 0.9826
7743.0000 1094 1074 0.9817
7748.0000 1095 1074 0.9808
7753.0000 1096 1074 0.9799
7757.0000 1096 1075 0.9808
7762.0000 1097 1075 0.9799
7770.0000 1098 1075 0.9791
7773.0000 1098 1076 0.9800
7774.0000 1098 1077 0.9809
7776.0000 1099 1077 0.9800
7779.0000 1099 1078 0.9809
7781.0000 1099 1079 0.9818
7785.0000 1100 1079 0.9809
7791.0000 1101 1079 0.9800
7795.0000 1101 1080 0.9809
7796.0000 1102 1080 0.9800
7804.0000 1103 1080 0.9791
7804.0000 1103 1081 0.9801
7805.0000 1103 1082 0.9810
7808.0000 1103 1083 0.9819
7811.0000 1104 1083 0.9810
7817.0000 1104 1084 0.9819
7820.0000 1105 1084 0.9810
7826.0000 1106 1084 0.9801
7832.0000 1107 1084 0.9792
7839.0000 1108 1084 0.9783
7842.0000 1108 1085 0.9792
7845.0000 1109 1085 0.9784
7854.0000 1110 1085 0.9775
7859.0000 1110 1086 0.9784
7859.0000 1110 1087 0.9793
7861.0000 1110 1088 0.9802
7863.0000 1111 1088 0.9793
7868.0000 1111 1089 0.9802
7868.0000 1111 1090 0.9811
7870.0000 1112 1090 0.9802
7877.0000 1113 1090 0.9793
7884.0000 1114 1090 0.9785
7891.0000 1115 1090 0.9776
7897.0000 1116 1090 0.9767
7902.0000 1117 1090 0.9758
7902.0000 1117 1091 0.9767
7904.0000 1117 1092 0.9776
7905.0000 1117 1093 0.9785
7907.0000 1117 1094 0.9794
7908.0000 1117 1095 0.9803
7910.0000 1118 1095 0.9794
7913.0000 1118 1096 0.9803
7918.0000 1119 1096 0.9794
7922.0000 1119 1097 0.9803
7923.0000 1120 1097 0.9795
7928.0000 1121 1097 0.9786
7930.0000 1121 1098 0.9795
7934.0000 1122 1098 0.9786
7936.0000 1122 1099 0.9795
7939.0000 1123 1099 0.9786
7944.0000 1124 1099 0.9778
7946.0000 1124 1100 0.9786
7950.0000 1125 1100 0.9778
7951.0000 1125 1101 0.9787
7953.0000 1125 1102 0.9796
7958.0000 1126 1102 0.9787
7962.0000 1126 1103 0.9796
7963.0000 1126 1104 0.9805
7963.0000 1126 1105 0.9813
7964.0000 1126 1106 0.9822
7966.0000 1127 1106 0.9814
7973.0000 1128 1106 0.9805
7980.0000 1129 1106 0.9796
7987.0000 1130 1106 0.9788
7996.0000 1131 1106 0.9779
8005.0000 1132 1106 0.9770
8010.0000 1132 1107 0.9779
8011.0000 1133 1107 0.9771
8011.0000 1133 1108 0.9779
8014.0000 1133 1109 0.9788
8018.0000 1134 1109 0.9780
8022.0000 1134 1110 0.9788
8025.0000 1134 1111 0.9797
8026.0000 1135 1111 0.9789
8031.0000 1135 1112 0.9797
8032.0000 1135 1113 0.9806
8034.0000 1135 1114 0.9815
8035.0000 1136 1114 0.9806
8036.0000 1136 1115 0.9815
8036.0000 1136 1116 0.9824
8040.0000 1137 1116 0.9815
8045.0000 1138 1116 0.9807
8048.0000 1138 1117 0.9815
8051.0000 1138 1118 0.9824
8052.0000 1139 1118 0.9816
8057.0000 1140 1118 0.9807
8063.0000 1141 1118 0.9798
8069.0000 1142 1118 0.9790
8073.0000 1142 1119 0.9799
8074.0000 1143 1119 0.9790
8074.0000 1143 1120 0.9799
8079.0000 1144 1120 0.9790
8084.0000 1145 1120 0.9782
8092.0000 1146 1120 0.9773
8093.0000 1146 1121 0.9782
8101.0000 1147 1121 0.9773
8110.0000 1148 1121 0.9765
8117.0000 1149 1121 0.9756
8118.0000 1149 1122 0.9765
8123.0000 1149 1123 0.9774
8124.0000 1150 1123 0.9765
8127.0000 1150 1124 0.9774
8133.0000 1151 1124 0.9765
8138.0000 1152 1124 0.9757
8144.0000 1153 1124 0.9748
8147.0000 1153 1125 0.9757
8153.0000 1154 1125 0.9749
8157.0000 1154 1126 0.9757
8162.0000 1155 1126 0.9749
8165.0000 1155 1127 0.9758
8166.0000 1155 1128 0.9766
8168.0000 1155 1129 0.9775
8169.0000 1156 1129 0.9766
8178.0000 1157 1129 0.9758
8181.0000 1157 1130 0.9767
8184.0000 1158 1130 0.9758
8191.0000 1159 1130 0.9750
8198.0000 1159 1131 0.9758
8199.0000 1160 1131 0.9750
8204.0000 1161 1131 0.9742
8205.0000 1161 1132 0.9750
8206.0000 1161 1133 0.9759
8207.0000 1161 1134 0.9767
8208.0000 1161 1135 0.9776
8212.0000 1162 1135 0.9768
8214.0000 1162 1136 0.9776
8218.0000 1163 1136 0.9768
8221.0000 1163 1137 0.9776
8223.0000 1164 1137 0.9768
8226.0000 1164 1138 0.9777
8230.0000 1164 1139 0.9785
8231.0000 1165 1139 0.9777
8239.0000 1166 1139 0.9768
8241.0000 1166 1140 0.9777
8247.0000 1167 1140 0.9769
8256.0000 1168 1140 0.9760
8257.0000 1168 1141 0.9769
8261.0000 1168 1142 0.9777
8264.0000 1169 1142 0.9769
8272.0000 1170 1142 0.9761
8274.0000 1170 1143 0.9769
8279.0000 1171 1143 0.9761
8282.0000 1171 1144 0.9769
8283.0000 1171 1145 0.9778
8287.0000 1172 1145 0.9770
8293.0000 1173 1145 0.9761
8293.0000 1173 1146 0.9770
8294.0000 1173 1147 0.9778
8296.0000 1173 1148 0.9787
8301.0000 1173 1149 0.9795
8302.0000 1174 1149 0.9787
8302.0000 1174 1150 0.9796
8303.0000 1174 1151 0.9804
8305.0000 1174 1152 0.9813
8308.0000 1175 1152 0.9804
8317.0000 1176 1152 0.9796
8325.0000 1177 1152 0.9788
8327.0000 1177 1153 0.9796
8331.0000 1177 1154 0.9805
8332.0000 1178 1154 0.9796
8336.0000 1178 1155 0.9805
8340.0000 1179 1155 0.9796
8345.0000 1180 1155 0.9788
8348.0000 1180 1156 0.9797
8350.0000 1180 1157 0.9805
8351.0000 1180 1158 0.9814
8354.0000 1181 1158 0.9805
8359.0000 1182 1158 0.9797
8366.0000 1183 1158 0.9789
8371.0000 1183 1159 0.9797
8374.0000 1184 1159 0.9789
8375.0000 1184 1160 0.9797
8381.0000 1184 1161 0.9806
8382.0000 1185 1161 0.9797
8383.0000 1185 1162 0.9806
8387.0000 1185 1163 0.9814
8388.0000 1185 1164 0.9823
8390.0000 1186 1164 0.9815
8395.0000 1186 1165 0.9823
8397.0000 1187 1165 0.9815
8403.0000 1188 1165 0.9806
8405.0000 1188 1166 0.9815
8406.0000 1188 1167 0.9823
8407.0000 1188 1168 0.9832
8408.0000 1188 1169 0.9840
8409.0000 1188 1170 0.9848
8410.0000 1189 1170 0.9840
8410.0000 1189 1171 0.9849
8410.0000 1189 1172 0.9857
8413.0000 1189 1173 0.9865
8416.0000 1190 1173 0.9857
8421.0000 1191 1173 0.9849
8423.0000 1191 1174 0.9857
8426.0000 1192 1174 0.9849
8435.0000 1193 1174 0.9841
8435.0000 1193 1175 0.9849
8441.0000 1194 1175 0.9841
8442.0000 1194 1176 0.9849
8447.0000 1195 1176 0.9841
8447.0000 1195 1177 0.9849
8448.0000 1195 1178 0.9858
8455.0000 1196 1178 0.9849
8464.0000 1197 1178 0.9841
8464.0000 1197 1179 0.9850
8465.0000 1197 1180 0.9858
8466.0000 1197 1181 0.9866
8468.0000 1197 1182 0.9875
8469.0000 1197 1183 0.9883
8472.0000 1198 1183 0.9875
8476.0000 1198 1184 0.9883
8481.0000 1199 1184 0.9875
8483.0000 1199 1185 0.9883
8488.0000 1200 1185 0.9875
8493.0000 1200 1186 0.9883
8494.0000 1200 1187 0.9892
8497.0000 1201 1187 0.9883
8506.0000 1202 1187 0.9875
8507.0000 1202 1188 0.9884
8511.0000 1203 1188 0.9875
8516.0000 1204 1188 0.9867
8517.0000 1204 1189 0.9875
8523.0000 1204 1190 0.9884
8524.0000 1205 1190 0.9876
8525.0000 1205 1191 0.9884
8525.0000 1205 1192 0.9892
8526.0000 1205 1193 0.9900
8527.0000 1205 1194 0.9909
8530.0000 1206 1194 0.9900
8531.0000 1206 1195 0.9909
8535.0000 1207 1195 0.9901
8536.0000 1207 1196 0.9909
8544.0000 1208 1196 0.9901
8547.0000 1208 1197 0.9909
8549.0000 1209 1197 0.9901
8556.0000 1210 1197 0.9893
8561.0000 1211 1197 0.9884
8569.0000 1212 1197 0.9876
8578.0000 1213 1197 0.9868
8585.0000 1214 1197 0.9860
8591.0000 1214 1198 0.9868
8593.0000 1215 1198 0.9860
8596.0000 1215 1199 0.9868
8599.0000 1216 1199 0.9860
8608.0000 1217 1199 0.9852
8616.0000 1217 1200 0.9860
8617.0000 1218 1200 0.9852
8619.0000 1218 1201 0.9860
8622.0000 1219 1201 0.9852
8631.0000 1220 1201 0.9844
8633.0000 1220 1202 0.9852
8634.0000 1220 1203 0.9861
8635.0000 1220 1204 0.9869
8638.0000 1220 1205 0.9877
8639.0000 1220 1206 0.9885
8640.0000 1221 1206 0.9877
8641.0000 1221 1207 0.9885
8647.0000 1222 1207 0.9877
8654.0000 1223 1207 0.9869
8654.0000 1223 1208 0.9877
8655.0000 1223 1209 0.9886
8659.0000 1224 1209 0.9877
8665.0000 1225 1209 0.9869
8671.0000 1225 1210 0.9878
8672.0000 1226 1210 0.9869
8677.0000 1226 1211 0.9878
8679.0000 1227 1211 0.9870
8686.0000 1228 1211 0.9862
8693.0000 1229 1211 0.9854
8701.0000 1230 1211 0.9846
8705.0000 1230 1212 0.9854
8706.0000 1231 1212 0.9846
8707.0000 1231 1213 0.9854
8708.0000 1231 1214 0.9862
8712.0000 1232 1214 0.9854
8712.0000 1232 1215 0.9862
8717.0000 1232 1216 0.9870
8719.0000 1233 1216 0.9862
8721.0000 1233 1217 0.9870
8724.0000 1234 1217 0.9862
8729.0000 1235 1217 0.9854
8729.0000 1235 1218 0.9862
8729.0000 1235 1219 0.9870
8735.0000 1236 1219 0.9862
8741.0000 1236 1220 0.9871
8743.0000 1237 1220 0.9863
8749.0000 1238 1220 0.9855
8757.0000 1239 1220 0.9847
8759.0000 1239 1221 0.9855
8761.0000 1239 1222 0.9863
8763.0000 1240 1222 0.9855
8772.0000 1241 1222 0.9847
8777.0000 1241 1223 0.9855
8778.0000 1242 1223 0.9847
8779.0000 1242 1224 0.9855
8781.0000 1242 1225 0.9863
8784.0000 1243 1225 0.9855
8790.0000 1244 1225 0.9847
8797.0000 1244 1226 0.9855
8798.0000 1245 1226 0.9847
8798.0000 1245 1227 0.9855
8804.0000 1246 1227 0.9848
8808.0000 1246 1228 0.9856
8812.0000 1247 1228 0.9848
8817.0000 1247 1229 0.9856
8820.0000 1248 1229 0.9848
8823.0000 1248 1230 0.9856
8825.0000 1249 1230 0.9848
8825.0000 1249 1231 0.9856
8832.0000 1250 1231 0.9848
8837.0000 1251 1231 0.9840
8841.0000 1251 1232 0.9848
8846.0000 1252 1232 0.9840
8846.0000 1252 1233 0.9848
8851.0000 1253 1233 0.9840
8852.0000 1253 1234 0.9848
8853.0000 1253 1235 0.9856
8859.0000 1253 1236 0.9864
8860.0000 1254 1236 0.9856
8865.0000 1255 1236 0.9849
8866.0000 1255 1237 0.9857
8870.0000 1256 1237 0.9849
8878.0000 1257 1237 0.9841
8885.0000 1258 1237 0.9833
8885.0000 1258 1238 0.9841
8885.0000 1258 1239 0.9849
8885.0000 1258 1240 0.9857
8892.0000 1259 1240 0.9849
8898.0000 1259 1241 0.9857
8899.0000 1259 1242 0.9865
8900.0000 1260 1242 0.9857
8909.0000 1261 1242 0.9849
8913.0000 1261 1243 0.9857
8918.0000 1262 1243 0.9849
8919.0000 1262 1244 0.9857
8924.0000 1262 1245 0.9865
8925.0000 1263 1245 0.9857
8931.0000 1264 1245 0.9850
8939.0000 1265 1245 0.9842
8940.0000 1265 1246 0.9850
8940.0000 1265 1247 0.9858
8943.0000 1265 1248 0.9866
8944.0000 1266 1248 0.9858
8949.0000 1266 1249 0.9866
8952.0000 1266 1250 0.9874
8953.0000 1267 1250 0.9866
8959.0000 1268 1250 0.9858
8967.0000 1269 1250 0.9850
8975.0000 1270 1250 0.9843
8976.0000 1270 1251 0.9850
8979.0000 1270 1252 0.9858
8981.0000 1271 1252 0.9851
8989.0000 1271 1253 0.9858
8990.0000 1272 1253 0.9851
8990.0000 1272 1254 0.9858
8990.0000 1272 1255 0.9866
8994.0000 1272 1256 0.9874
8999.0000 1273 1256 0.9866
9006.0000 1274 1256 0.9859
9012.0000 1274 1257 0.9867
9015.0000 1275 1257 0.9859
9021.0000 1276 1257 0.9851
9028.0000 1277 1257 0.9843
9029.0000 1277 1258 0.9851
9036.0000 1278 1258 0.9844
9043.0000 1279 1258 0.9836
9052.0000 1280 1258 0.9828
9060.0000 1281 1258 0.9820
9066.0000 1282 1258 0.9813
9067.0000 1282 1259 0.9821
9074.0000 1283 1259 0.9813
9078.0000 1283 1260 0.9821
9081.0000 1284 1260 0.9813
9086.0000 1285 1260 0.9805
9093.0000 1286 1260 0.9798
9100.0000 1287 1260 0.9790
9106.0000 1287 1261 0.9798
9107.0000 1288 1261 0.9790
9109.0000 1288 1262 0.9798
9109.0000 1288 1263 0.9806
9114.0000 1289 1263 0.9798
9116.0000 1289 1264 0.9806
9119.0000 1290 1264 0.9798
9127.0000 1291 1264 0.9791
9134.0000 1292 1264 0.9783
9140.0000 1293 1264 0.9776
9147.0000 1294 1264 0.9768
9152.0000 1294 1265 0.9776
9153.0000 1295 1265 0.9768
9154.0000 1295 1266 0.9776
9157.0000 1295 1267 0.9784
9158.0000 1296 1267 0.9776
9159.0000 1296 1268 0.9784
9159.0000 1296 1269 0.9792
9161.0000 1296 1270 0.9799
9167.0000 1297 1270 0.9792
9168.0000 1297 1271 0.9800
9176.0000 1298 1271 0.9792
9180.0000 1298 1272 0.9800
9185.0000 1299 1272 0.9792
9186.0000 1299 1273 0.9800
9191.0000 1300 1273 0.9792
9197.0000 1300 1274 0.9800
9200.0000 1301 1274 0.9792
9201.0000 1301 1275 0.9800
9205.0000 1301 1276 0.9808
9205.0000 1301 1277 0.9816
9206.0000 1301 1278 0.9823
9208.0000 1302 1278 0.9816
9216.0000 1303 1278 0.9808
9218.0000 1303 1279 0.9816
9219.0000 1303 1280 0.9823
9223.0000 1304 1280 0.9816
9229.0000 1305 1280 0.9808
9233.0000 1305 1281 0.9816
9238.0000 1306 1281 0.9809
9241.0000 1306 1282 0.9816
9245.0000 1307 1282 0.9809
9253.0000 1308 1282 0.9801
9260.0000 1309 1282 0.9794
9262.0000 1309 1283 0.9801
9264.0000 1309 1284 0.9809
9267.0000 1309 1285 0.9817
9268.0000 1310 1285 0.9809
9268.0000 1310 1286 0.9817
9275.0000 1311 1286 0.9809
9278.0000 1311 1287 0.9817
9283.0000 1312 1287 0.9809
9285.0000 1312 1288 0.9817
9289.0000 1313 1288 0.9810
9295.0000 1314 1288 0.9802
9300.0000 1315 1288 0.9795
9307.0000 1316 1288 0.9787
9308.0000 1316 1289 0.9795
9308.0000 1316 1290 0.9802
9311.0000 1316 1291 0.9810
9316.0000 1317 1291 0.9803
9324.0000 1318 1291 0.9795
9324.0000 1318 1292 0.9803
9330.0000 1319 1292 0.9795
9334.0000 1319 1293 0.9803
9335.0000 1319 1294 0.9810
9335.0000 1319 1295 0.9818
9338.0000 1320 1295 0.9811
9347.0000 1321 1295 0.9803
9349.0000 1321 1296 0.9811
9355.0000 1322 1296 0.9803
9359.0000 1322 1297 0.9811
9360.0000 1322 1298 0.9818
9361.0000 1322 1299 0.9826
9362.0000 1323 1299 0.9819
9362.0000 1323 1300 0.9826
9369.0000 1324 1300 0.9819
9373.0000 1324 1301 0.9826
9374.0000 1324 1302 0.9834
9378.0000 1325 1302 0.9826
9384.0000 1326 1302 0.9819
9390.0000 1327 1302 0.9812
9397.0000 1328 1302 0.9804
9400.0000 1328 1303 0.9812
9405.0000 1329 1303 0.9804
9412.0000 1330 1303 0.9797
9412.0000 1330 1304 0.9805
9418.0000 1331 1304 0.9797
9424.0000 1332 1304 0.9790
9430.0000 1333 1304 0.9782
9437.0000 1333 1305 0.9790
9438.0000 1334 1305 0.9783
9443.0000 1335 1305 0.9775
9449.0000 1336 1305 0.9768
9453.0000 1336 1306 0.9775
9453.0000 1336 1307 0.9783
9458.0000 1337 1307 0.9776
9464.0000 1337 1308 0.9783
9465.0000 1338 1308 0.9776
9469.0000 1338 1309 0.9783
9470.0000 1338 1310 0.9791
9473.0000 1339 1310 0.9783
9477.0000 1339 1311 0.9791
9478.0000 1340 1311 0.9784
9479.0000 1340 1312 0.9791
9487.0000 1341 1312 0.9784
9487.0000 1341 1313 0.9791
9493.0000 1342 1313 0.9784
9494.0000 1342 1314 0.9791
9502.0000 1343 1314 0.9784
9507.0000 1344 1314 0.9777
9507.0000 1344 1315 0.9784
9511.0000 1344 1316 0.9792
9512.0000 1344 1317 0.9799
9514.0000 1345 1317 0.9792
9514.0000 1345 1318 0.9799
9518.0000 1345 1319 0.9807
9519.0000 1346 1319 0.9799
9523.0000 1346 1320 0.9807
9528.0000 1347 1320 0.9800
9533.0000 1347 1321 0.9807
9534.0000 1348 1321 0.9800
9536.0000 1348 1322 0.9807
9539.0000 1349 1322 0.9800
9547.0000 1350 1322 0.9793
9547.0000 1350 1323 0.9800
9549.0000 1350 1324 0.9807
9554.0000 1351 1324 0.9800
9563.0000 1352 1324 0.9793
9564.0000 1352 1325 0.9800
9566.0000 1352 1326 0.9808
9572.0000 1353 1326 0.9800
9577.0000 1354 1326 0.9793
9578.0000 1354 1327 0.9801
9585.0000 1355 1327 0.9793
9589.0000 1355 1328 0.9801
9590.0000 1355 1329 0.9808
9591.0000 1355 1330 0.9815
9593.0000 1356 1330 0.9808
9595.0000 1356 1331 0.9816
9596.0000 1356 1332 0.9823
9601.0000 1356 1333 0.9830
9602.0000 1357 1333 0.9823
9607.0000 1358 1333 0.9816
9612.0000 1358 1334 0.9823
9612.0000 1358 1335 0.9831
9616.0000 1359 1335 0.9823
9625.0000 1360 1335 0.9816
9625.0000 1360 1336 0.9824
9632.0000 1361 1336 0.9816
9635.0000 1361 1337 0.9824
9641.0000 1362 1337 0.9816
9645.0000 1362 1338 0.9824
9646.0000 1362 1339 0.9831
9646.0000 1362 1340 0.9838
9648.0000 1363 1340 0.9831
9654.0000 1363 1341 0.9839
9657.0000 1364 1341 0.9831
9666.0000 1365 1341 0.9824
9671.0000 1366 1341 0.9817
9677.0000 1367 1341 0.9810
9686.0000 1368 1341 0.9803
9694.0000 1369 1341 0.9795
9695.0000 1369 1342 0.9803
9697.0000 1369 1343 0.9810
9699.0000 1369 1344 0.9817
9702.0000 1370 1344 0.9810
9709.0000 1371 1344 0.9803
9714.0000 1371 1345 0.9810
9716.0000 1371 1346 0.9818
9717.0000 1372 1346 0.9810
9723.0000 1372 1347 0.9818
9724.0000 1372 1348 0.9825
9726.0000 1373 1348 0.9818
9732.0000 1374 1348 0.9811
9734.0000 1374 1349 0.9818
9740.0000 1375 1349 0.9811
9749.0000 1376 1349 0.9804
9751.0000 1376 1350 0.9811
9755.0000 1376 1351 0.9818
9755.0000 1376 1352 0.9826
9756.0000 1377 1352 0.9818
9758.0000 1377 1353 0.9826
9762.0000 1378 1353 0.9819
9768.0000 1379 1353 0.9811
9768.0000 1379 1354 0.9819
9769.0000 1379 1355 0.9826
9775.0000 1380 1355 0.9819
9777.0000 1380 1356 0.9826
9781.0000 1381 1356 0.9819
9781.0000 1381 1357 0.9826
9786.0000 1381 1358 0.9833
9787.0000 1382 1358 0.9826
9787.0000 1382 1359 0.9834
9788.0000 1382 1360 0.9841
9791.0000 1382 1361 0.9848
9791.0000 1382 1362 0.9855
9796.0000 1383 1362 0.9848
9802.0000 1383 1363 0.9855
9804.0000 1384 1363 0.9848
9812.0000 1385 1363 0.9841
9813.0000 1385 1364 0.9848
9814.0000 1385 1365 0.9856
9821.0000 1386 1365 0.9848
9823.0000 1386 1366 0.9856
9830.0000 1387 1366 0.9849
9837.0000 1387 1367 0.9856
9838.0000 1388 1367 0.9849
9840.0000 1388 1368 0.9856
9840.0000 1388 1369 0.9863
9843.0000 1389 1369 0.9856
9849.0000 1390 1369 0.9849
9849.0000 1390 1370 0.9856
9850.0000 1390 1371 0.9863
9857.0000 1391 1371 0.9856
9862.0000 1391 1372 0.9863
9864.0000 1392 1372 0.9856
9866.0000 1392 1373 0.9864
9867.0000 1392 1374 0.9871
9871.0000 1393 1374 0.9864
9875.0000 1393 1375 0.9871
9877.0000 1394 1375 0.9864
9880.0000 1394 1376 0.9871
9882.0000 1395 1376 0.9864
9886.0000 1395 1377 0.9871
9887.0000 1395 1378 0.9878
9888.0000 1395 1379 0.9885
9890.0000 1396 1379 0.9878
9892.0000 1396 1380 0.9885
9893.0000 1396 1381 0.9893
9899.0000 1397 1381 0.9885
9908.0000 1398 1381 0.9878
9913.0000 1399 1381 0.9871
9916.0000 1399 1382 0.9878
9916.0000 1399 1383 0.9886
9921.0000 1400 1383 0.9879
9927.0000 1400 1384 0.9886
9928.0000 1401 1384 0.9879
9935.0000 1402 1384 0.9872
9938.0000 1402 1385 0.9879
9939.0000 1402 1386 0.9886
9942.0000 1403 1386 0.9879
9949.0000 1404 1386 0.9872
9953.0000 1404 1387 0.9879
9954.0000 1404 1388 0.9886
9956.0000 1404 1389 0.9893
9957.0000 1405 1389 0.9886
9964.0000 1406 1389 0.9879
9968.0000 1406 1390 0.9886
9970.0000 1407 1390 0.9879
9971.0000 1407 1391 0.9886
9978.0000 1408 1391 0.9879
9984.0000 1409 1391 0.9872
9988.0000 1409 1392 0.9879
9991.0000 1410 1392 0.9872
9998.0000 1411 1392 0.9865
10000.0000 1411 1393 0.9872
