# Scenario da_maxprop
# distance at msg send, delivery time, hop count, MSG_ID
67.6363 5.0000 4 M1
195.4771 17.0000 7 M3
167.6064 12.0000 4 M4
22.2825 1.0000 1 M11
131.3930 10.0000 3 M16
372.4283 128.0000 11 M2
343.2828 87.0000 10 M8
211.7436 13.0000 7 M19
90.7869 2.0000 2 M22
29.7302 1.0000 1 M26
80.5863 5.0000 3 M32
473.5999 147.0000 1 M15
692.5779 203.0000 9 M7
168.9704 7.0000 6 M36
227.6074 103.0000 9 M23
463.4051 213.0000 2 M10
51.2570 4.0000 3 M41
87.5639 2.0000 2 M44
204.1584 51.0000 4 M38
81.9485 16.0000 5 M43
467.7694 181.0000 7 M30
225.0310 320.0000 3 M9
70.9652 7.0000 2 M55
205.7747 65.0000 2 M47
157.7779 90.0000 2 M46
208.6809 63.0000 9 M54
54.7688 9.0000 2 M62
132.3784 54.0000 2 M56
263.0506 310.0000 4 M20
407.1774 391.0000 7 M12
170.8915 23.0000 5 M66
546.1570 309.0000 6 M25
68.3009 15.0000 3 M70
280.8881 60.0000 5 M64
462.2130 168.0000 6 M51
409.4504 161.0000 2 M52
119.0636 19.0000 5 M73
60.2007 260.0000 4 M39
594.5887 191.0000 3 M50
502.3631 318.0000 8 M33
228.7212 183.0000 7 M57
181.4692 331.0000 3 M37
205.8326 78.0000 4 M74
144.3946 39.0000 8 M81
264.3874 281.0000 4 M48
273.8644 430.0000 9 M27
48.1304 4.0000 2 M87
664.1410 187.0000 2 M63
226.7532 436.0000 11 M28
634.0859 176.0000 4 M65
282.1734 510.0000 5 M17
631.1191 433.0000 1 M31
80.1946 20.0000 3 M90
207.7322 14.0000 6 M92
170.7963 136.0000 3 M77
154.3668 270.0000 1 M58
479.2410 477.0000 7 M29
217.0380 125.0000 4 M80
302.5878 280.0000 9 M59
143.9156 112.0000 4 M83
373.0753 666.0000 11 M5
571.2946 607.0000 6 M14
72.5627 14.0000 2 M99
18.2856 2.0000 1 M101
235.6053 81.0000 1 M91
287.9187 497.0000 10 M34
394.7168 185.0000 6 M78
651.8156 277.0000 1 M67
151.4502 48.0000 4 M100
385.6920 292.0000 7 M68
374.4639 528.0000 2 M35
383.0614 222.0000 6 M79
170.1887 50.0000 4 M102
217.5617 172.0000 2 M86
339.3434 190.0000 3 M85
243.9575 41.0000 5 M107
153.1438 34.0000 4 M108
207.4341 110.0000 5 M98
348.1236 178.0000 4 M89
208.1048 35.0000 6 M112
293.4360 415.0000 4 M61
90.3668 17.0000 2 M117
470.7553 253.0000 5 M84
15.8595 1.0000 1 M122
641.6545 527.0000 5 M49
79.5552 8.0000 3 M123
440.7510 208.0000 4 M95
71.8467 312.0000 7 M82
373.0740 165.0000 4 M106
181.0772 184.0000 5 M103
321.4696 604.0000 2 M45
406.9548 416.0000 3 M72
214.4619 403.0000 5 M75
92.9045 18.0000 3 M130
139.6418 31.0000 7 M128
29.8107 2.0000 1 M133
323.2694 414.0000 5 M76
78.0639 18.0000 2 M132
376.8638 148.0000 3 M113
389.8797 205.0000 6 M105
101.5368 6.0000 4 M136
35.9209 1.0000 1 M137
581.8225 826.0000 4 M21
524.2495 239.0000 3 M109
80.6077 6.0000 3 M145
177.2796 41.0000 3 M140
269.6662 200.0000 3 M120
470.8764 563.0000 3 M69
231.5258 63.0000 3 M141
376.3994 262.0000 3 M111
280.3305 61.0000 6 M142
433.8231 184.0000 7 M124
195.1731 229.0000 3 M119
137.2125 380.0000 2 M96
99.5864 50.0000 5 M147
669.2846 383.0000 8 M97
386.7226 338.0000 8 M104
523.1626 259.0000 10 M116
417.7309 420.0000 9 M93
400.9394 217.0000 5 M126
180.2790 30.0000 4 M154
251.0105 242.0000 7 M125
40.9168 1.0000 1 M161
237.7013 31.0000 6 M157
654.2976 644.0000 5 M71
616.4829 1052.0000 5 M13
652.1382 1016.0000 4 M18
24.6165 5.0000 1 M164
179.7721 350.0000 3 M115
359.9112 883.0000 7 M40
611.2453 797.0000 7 M53
444.2304 361.0000 2 M114
153.3501 137.0000 4 M148
533.3003 389.0000 5 M110
96.7302 152.0000 5 M146
142.7950 220.0000 4 M139
187.0071 22.0000 5 M167
240.1832 323.0000 5 M127
410.7172 223.0000 4 M143
113.9549 16.0000 2 M174
287.1954 294.0000 3 M135
9.0795 6.0000 2 M178
203.5424 121.0000 3 M162
686.4223 630.0000 2 M88
298.7276 1214.0000 3 M6
84.0923 7.0000 3 M180
40.8596 10.0000 1 M182
129.5462 54.0000 2 M176
432.3075 324.0000 4 M138
122.9767 17.0000 5 M184
137.5202 106.0000 9 M171
374.2161 241.0000 4 M152
593.3830 455.0000 3 M121
312.1400 104.0000 2 M172
24.5157 13.0000 1 M187
126.8474 180.0000 7 M163
320.7646 146.0000 5 M168
617.0454 1160.0000 2 M24
696.3762 654.0000 6 M94
218.8677 227.0000 5 M158
355.9889 399.0000 4 M134
297.1698 175.0000 7 M166
395.3830 515.0000 6 M118
543.4156 294.0000 6 M151
212.6091 72.0000 2 M183
392.8279 284.0000 2 M153
503.3394 439.0000 3 M131
372.5788 119.0000 4 M179
340.2661 251.0000 4 M160
251.6476 136.0000 3 M177
686.0041 1086.0000 2 M42
712.6321 487.0000 2 M129
73.4703 8.0000 3 M199
511.9728 204.0000 5 M170
270.7426 185.0000 3 M173
437.6084 365.0000 2 M149
497.8420 293.0000 6 M159
107.1745 37.0000 3 M197
182.7838 418.0000 4 M144
216.6345 124.0000 6 M186
170.0404 198.0000 4 M175
159.4193 78.0000 3 M193
15.7971 6.0000 3 M204
64.8283 31.0000 4 M201
32.3503 5.0000 1 M205
57.3164 347.0000 4 M156
135.9813 129.0000 7 M190
169.0529 151.0000 3 M188
146.4552 57.0000 4 M203
139.8599 17.0000 4 M209
14.4201 7.0000 3 M211
184.5313 45.0000 5 M207
102.1513 11.0000 4 M212
218.9845 165.0000 8 M192
47.5756 5.0000 1 M214
62.0025 6.0000 1 M217
488.9563 170.0000 6 M196
327.4008 87.0000 5 M208
178.2826 25.0000 4 M219
200.7483 20.0000 8 M222
225.5875 1178.0000 10 M60
361.8948 410.0000 5 M169
339.8615 333.0000 9 M181
11.0200 1.0000 1 M227
48.6658 440.0000 6 M165
244.7246 32.0000 8 M223
158.8334 249.0000 5 M198
338.7666 338.0000 6 M185
313.3549 586.0000 8 M150
158.2555 282.0000 3 M200
126.9874 276.0000 6 M202
95.9841 6.0000 2 M240
420.1215 182.0000 4 M215
252.7386 84.0000 4 M229
413.4052 640.0000 7 M155
134.3294 15.0000 3 M244
464.8581 178.0000 5 M220
299.3615 366.0000 4 M195
477.1479 130.0000 8 M231
309.6048 132.0000 8 M232
67.1006 28.0000 2 M249
150.5318 26.0000 7 M252
198.3005 130.0000 3 M237
297.7037 188.0000 6 M230
140.8989 162.0000 5 M235
200.4994 128.0000 10 M241
42.7314 10.0000 3 M258
352.4748 153.0000 3 M238
459.8698 471.0000 9 M194
209.0348 394.0000 3 M206
288.8137 339.0000 4 M216
241.6424 71.0000 4 M255
141.4493 18.0000 2 M262
144.6811 551.0000 7 M189
124.2294 535.0000 6 M191
390.0459 274.0000 5 M228
225.9909 344.0000 6 M218
246.8627 302.0000 8 M224
189.4866 34.0000 4 M263
21.6649 5.0000 1 M269
217.6614 347.0000 6 M221
351.7048 247.0000 3 M236
282.1275 420.0000 6 M213
389.2423 268.0000 4 M234
404.5677 179.0000 5 M248
243.7974 213.0000 9 M243
389.3725 204.0000 2 M245
64.4631 7.0000 3 M272
94.5640 294.0000 6 M233
21.5851 1.0000 1 M274
80.5823 12.0000 2 M273
537.6739 221.0000 1 M246
49.0778 13.0000 2 M276
195.6239 382.0000 2 M225
93.1916 12.0000 4 M279
136.3912 15.0000 4 M281
404.7124 297.0000 5 M242
407.8699 240.0000 7 M254
359.6667 138.0000 7 M267
459.1385 351.0000 3 M239
233.0511 57.0000 4 M280
273.6198 208.0000 2 M259
227.9399 237.0000 12 M256
466.4937 209.0000 4 M260
425.3777 170.0000 2 M265
231.3131 571.0000 4 M210
158.1863 52.0000 1 M284
260.8206 279.0000 6 M253
99.5327 6.0000 3 M292
206.5325 478.0000 8 M226
260.8116 120.0000 6 M277
223.2262 31.0000 7 M293
98.0257 15.0000 3 M295
289.7823 241.0000 9 M264
311.1740 377.0000 4 M247
336.2738 97.0000 3 M286
402.0236 220.0000 6 M268
247.9681 353.0000 2 M251
66.1565 4.0000 2 M299
147.0867 69.0000 4 M291
294.7556 44.0000 8 M296
384.5009 229.0000 5 M271
510.8733 269.0000 3 M266
246.4252 186.0000 8 M278
186.4676 18.0000 5 M302
368.4355 148.0000 3 M285
351.1098 137.0000 2 M287
302.9492 409.0000 3 M250
320.0344 101.0000 4 M294
215.6858 338.0000 8 M261
300.3117 273.0000 5 M270
129.6290 24.0000 4 M310
120.0296 101.0000 5 M300
21.9036 1.0000 1 M315
221.7155 31.0000 5 M313
260.4586 59.0000 7 M309
213.0243 439.0000 5 M257
121.4928 219.0000 2 M288
555.0476 313.0000 4 M275
160.5446 27.0000 5 M317
229.2764 23.0000 6 M318
113.1214 7.0000 3 M321
410.7526 175.0000 4 M297
29.2334 1.0000 1 M322
259.9704 286.0000 9 M282
154.2956 113.0000 9 M306
500.6118 159.0000 3 M301
235.4187 293.0000 1 M283
124.0264 50.0000 4 M319
175.4690 33.0000 5 M325
359.1601 105.0000 7 M316
247.8271 301.0000 2 M289
271.7702 185.0000 6 M305
17.2291 1.0000 1 M333
108.3234 25.0000 3 M331
181.0954 42.0000 3 M329
322.7413 93.0000 4 M323
341.9352 179.0000 2 M312
49.6464 3.0000 1 M339
189.3788 255.0000 7 M304
598.2961 301.0000 5 M298
311.2797 104.0000 2 M327
369.8069 113.0000 9 M326
31.1830 22.0000 6 M340
7.5893 3.0000 2 M343
113.4002 257.0000 4 M307
237.1286 284.0000 7 M303
194.0813 31.0000 6 M341
85.2528 7.0000 2 M347
342.6560 83.0000 7 M338
136.1214 7.0000 3 M349
248.6826 160.0000 5 M332
214.9028 140.0000 3 M336
151.7379 38.0000 8 M350
183.7640 41.0000 6 M351
299.9173 112.0000 10 M342
347.9017 345.0000 5 M311
229.7180 119.0000 5 M344
324.0998 182.0000 8 M337
238.6981 237.0000 2 M330
242.4622 79.0000 3 M353
32.1830 3.0000 1 M365
285.7846 68.0000 7 M356
568.5607 236.0000 5 M334
31.2930 4.0000 2 M370
142.7692 28.0000 3 M369
106.0494 10.0000 3 M373
352.2266 71.0000 12 M363
281.5522 88.0000 7 M361
188.1101 92.0000 6 M362
331.0876 60.0000 9 M367
313.6691 395.0000 3 M320
120.1163 478.0000 9 M308
418.9165 219.0000 8 M345
143.8028 380.0000 8 M324
288.3369 451.0000 6 M314
246.4820 352.0000 6 M328
46.7778 4.0000 1 M380
58.0191 3.0000 2 M382
165.1567 33.0000 6 M379
34.2765 1.0000 1 M383
303.2738 69.0000 7 M374
227.5789 90.0000 9 M372
91.3918 12.0000 2 M385
161.3649 86.0000 4 M376
27.1615 6.0000 2 M387
234.1197 39.0000 5 M384
233.2002 308.0000 3 M346
48.1012 1.0000 1 M391
40.2330 12.0000 3 M390
249.1147 81.0000 4 M381
258.9729 182.0000 8 M366
195.7043 36.0000 7 M388
239.9347 36.0000 4 M389
372.6767 320.0000 4 M348
15.1252 4.0000 2 M395
160.1529 25.0000 7 M394
20.1598 4.0000 3 M399
289.1095 50.0000 6 M393
134.2797 23.0000 4 M397
95.0787 8.0000 4 M402
66.4100 6.0000 3 M405
331.5217 244.0000 5 M371
239.9423 349.0000 5 M355
142.1162 72.0000 4 M396
82.4419 12.0000 2 M406
276.9386 301.0000 8 M364
479.6061 351.0000 5 M357
356.7915 331.0000 7 M360
355.2758 390.0000 4 M354
121.2369 53.0000 2 M403
335.2746 408.0000 6 M352
430.0540 376.0000 3 M358
75.1329 17.0000 3 M412
153.9830 295.0000 6 M375
102.5829 8.0000 4 M417
10.4742 1.0000 1 M421
194.9764 143.0000 7 M401
101.8762 76.0000 4 M411
161.6816 22.0000 5 M419
119.0235 210.0000 3 M392
166.4506 54.0000 4 M415
455.1539 332.0000 4 M377
340.7152 387.0000 4 M368
278.4794 622.0000 7 M335
528.9073 264.0000 8 M386
92.5683 22.0000 3 M422
100.4571 19.0000 3 M423
78.0186 5.0000 2 M427
77.9292 13.0000 2 M426
117.5058 127.0000 6 M410
144.3797 59.0000 3 M420
10.1429 3.0000 1 M428
256.5601 142.0000 4 M409
175.2489 504.0000 3 M359
25.5004 4.0000 2 M431
124.3175 12.0000 4 M430
197.6302 199.0000 4 M407
55.5070 4.0000 2 M434
217.7632 137.0000 7 M416
195.6759 1019.0000 5 M290
96.1496 23.0000 1 M432
145.1720 154.0000 3 M414
214.0014 225.0000 7 M404
121.5903 81.0000 4 M425
65.9104 13.0000 3 M436
63.8843 12.0000 4 M439
63.6382 5.0000 2 M441
208.4371 51.0000 2 M435
630.3535 298.0000 9 M400
117.5341 481.0000 8 M378
535.9372 267.0000 5 M408
197.5904 101.0000 8 M433
68.6455 14.0000 1 M445
340.9053 214.0000 7 M418
24.8952 2.0000 1 M448
586.3834 257.0000 2 M413
322.3454 46.0000 9 M443
342.9237 185.0000 9 M424
186.0170 91.0000 6 M437
333.7566 102.0000 5 M440
205.2517 24.0000 4 M451
341.7234 63.0000 9 M447
338.8243 134.0000 7 M438
377.8349 420.0000 5 M398
233.9746 20.0000 6 M455
228.0936 20.0000 9 M457
262.4149 71.0000 9 M452
212.8294 134.0000 6 M444
2.3980 4.0000 2 M462
141.3379 26.0000 2 M460
390.1892 61.0000 7 M458
224.5137 26.0000 5 M464
80.0029 285.0000 2 M429
27.8557 3.0000 1 M468
13.4826 1.0000 1 M469
29.4556 3.0000 1 M471
291.7265 130.0000 3 M454
279.6724 166.0000 4 M450
216.6365 107.0000 3 M461
288.1619 77.0000 7 M465
393.8758 101.0000 8 M463
80.2104 20.0000 6 M476
325.9966 189.0000 6 M453
28.4445 6.0000 2 M478
174.9011 36.0000 6 M474
238.9035 178.0000 6 M456
331.2632 291.0000 7 M442
138.4924 76.0000 3 M472
345.0419 194.0000 7 M459
179.6445 20.0000 5 M486
254.9735 111.0000 16 M475
221.3379 178.0000 5 M467
256.0262 63.0000 7 M484
175.7018 47.0000 3 M488
183.5870 41.0000 4 M489
162.9129 204.0000 4 M470
178.1432 28.0000 3 M496
134.2902 21.0000 3 M498
155.5310 94.0000 3 M487
47.7983 3.0000 2 M501
89.1793 16.0000 4 M500
94.7055 183.0000 5 M477
166.8759 45.0000 5 M497
238.9939 399.0000 4 M449
110.3752 92.0000 1 M493
151.0217 54.0000 2 M499
456.9328 192.0000 2 M479
94.7301 10.0000 4 M506
126.9101 131.0000 4 M490
5.1943 7.0000 1 M508
72.9043 36.0000 1 M505
80.8224 3.0000 2 M510
367.5212 313.0000 6 M466
119.1957 15.0000 4 M509
312.9265 73.0000 6 M504
493.1439 290.0000 8 M473
122.5337 16.0000 4 M513
117.1088 9.0000 5 M516
67.2417 9.0000 2 M517
28.8360 2.0000 1 M519
154.1666 14.0000 6 M521
192.3585 552.0000 16 M446
47.6059 4.0000 2 M526
431.6770 302.0000 4 M483
40.4898 1.0000 1 M528
439.9960 307.0000 9 M485
259.8875 335.0000 2 M482
140.8624 12.0000 3 M530
260.7530 131.0000 5 M512
83.2408 7.0000 2 M532
199.4397 101.0000 2 M520
486.3420 171.0000 9 M511
446.9181 230.0000 12 M503
369.3231 95.0000 4 M523
220.8008 323.0000 9 M492
269.5020 312.0000 2 M494
13.1136 2.0000 1 M539
443.7120 193.0000 2 M515
67.7078 9.0000 1 M542
105.3585 12.0000 4 M543
0.5837 3.0000 2 M545
472.7632 241.0000 9 M514
187.6687 157.0000 8 M527
72.0657 4.0000 2 M548
407.7037 220.0000 1 M518
294.8762 96.0000 10 M536
37.3786 4.0000 3 M550
335.9715 73.0000 11 M541
350.1832 172.0000 5 M529
231.7183 41.0000 8 M547
275.5156 89.0000 7 M540
121.3041 18.0000 2 M553
583.4116 537.0000 6 M481
62.0870 194.0000 3 M531
391.8062 148.0000 1 M537
404.6556 550.0000 9 M480
310.0018 474.0000 1 M491
134.1434 28.0000 3 M555
149.4017 15.0000 5 M558
300.0260 106.0000 2 M546
59.8419 9.0000 3 M563
270.4426 108.0000 3 M549
212.2757 94.0000 6 M554
293.9488 109.0000 5 M552
658.1015 249.0000 2 M533
493.1340 169.0000 2 M544
82.4950 24.0000 2 M565
202.5925 51.0000 6 M562
331.3603 476.0000 3 M502
131.4740 95.0000 5 M557
102.3918 16.0000 3 M570
161.2096 43.0000 6 M566
222.6319 238.0000 8 M538
136.3194 360.0000 6 M522
170.4751 273.0000 4 M534
42.2947 1.0000 1 M573
538.7481 347.0000 8 M525
366.9228 105.0000 4 M559
170.6598 39.0000 8 M569
58.6471 7.0000 2 M574
33.9486 1.0000 1 M575
269.2476 70.0000 2 M568
404.1939 318.0000 6 M535
135.5952 20.0000 2 M580
99.4280 33.0000 5 M578
359.4801 618.0000 5 M495
134.6410 422.0000 5 M524
358.2249 177.0000 11 M560
156.1920 97.0000 7 M572
142.5966 18.0000 3 M583
2.0535 6.0000 2 M586
288.9791 59.0000 11 M579
195.6707 149.0000 11 M567
278.0424 271.0000 5 M551
85.5983 17.0000 2 M587
438.4381 208.0000 9 M561
244.1262 44.0000 7 M584
361.1254 104.0000 1 M577
39.7404 6.0000 1 M594
36.6863 1.0000 1 M597
508.0941 195.0000 4 M571
241.4697 45.0000 7 M591
100.6479 16.0000 4 M596
4.0707 5.0000 1 M601
680.6139 364.0000 10 M556
407.2072 123.0000 2 M590
206.6108 29.0000 8 M608
170.9963 42.0000 4 M606
176.2199 17.0000 5 M612
313.1190 78.0000 6 M603
151.6541 178.0000 6 M592
437.0866 306.0000 4 M576
316.0927 788.0000 7 M507
140.2467 390.0000 6 M564
189.9020 262.0000 4 M582
199.0963 241.0000 1 M585
268.2656 51.0000 5 M613
263.2705 48.0000 3 M614
10.0407 3.0000 1 M622
167.3015 93.0000 5 M609
243.2836 118.0000 7 M605
25.2589 2.0000 1 M623
115.5198 21.0000 2 M624
264.3618 87.0000 5 M615
51.5922 19.0000 3 M625
315.4431 81.0000 2 M618
335.6283 187.0000 5 M602
483.5732 235.0000 4 M595
212.9719 29.0000 6 M626
525.9217 216.0000 7 M599
112.7892 24.0000 4 M629
107.5275 13.0000 2 M633
109.3898 210.0000 4 M607
226.5322 134.0000 5 M619
134.1081 24.0000 3 M637
322.6369 71.0000 6 M631
40.3766 1.0000 1 M642
427.3293 298.0000 2 M600
81.4535 12.0000 3 M643
215.1919 355.0000 4 M593
130.5295 124.0000 4 M627
520.2858 174.0000 5 M621
69.6713 390.0000 6 M589
62.1875 6.0000 2 M647
173.7567 49.0000 1 M641
199.5074 64.0000 4 M639
166.7791 22.0000 5 M646
50.2992 9.0000 4 M649
449.1443 255.0000 8 M616
163.9466 25.0000 4 M653
46.9610 20.0000 3 M656
254.5424 178.0000 6 M635
234.9389 347.0000 2 M610
125.5530 102.0000 3 M648
391.7453 142.0000 6 M644
69.3506 8.0000 3 M667
447.5576 263.0000 2 M630
497.3586 199.0000 3 M640
493.6300 229.0000 1 M636
441.6515 119.0000 6 M652
281.7282 614.0000 10 M581
230.2090 567.0000 6 M588
114.9829 63.0000 7 M664
234.8228 515.0000 7 M598
491.3966 297.0000 8 M632
299.0935 440.0000 7 M611
179.2113 484.0000 3 M604
242.6207 71.0000 4 M666
132.6741 34.0000 3 M671
111.4127 26.0000 3 M672
347.6921 112.0000 3 M660
697.9118 178.0000 9 M651
247.8794 132.0000 2 M658
93.2938 21.0000 3 M675
196.8604 121.0000 6 M661
71.1615 9.0000 3 M679
289.1483 365.0000 8 M628
250.9919 91.0000 3 M669
56.5520 5.0000 2 M681
364.4017 260.0000 4 M645
451.4062 450.0000 8 M617
216.6189 41.0000 5 M677
54.8803 9.0000 2 M682
51.1232 106.0000 2 M670
21.7556 5.0000 1 M685
186.7225 26.0000 4 M683
316.4712 152.0000 6 M665
625.1550 232.0000 4 M654
189.1604 473.0000 6 M620
149.8113 17.0000 4 M686
155.4757 222.0000 8 M657
204.0874 62.0000 6 M680
117.3786 14.0000 3 M688
94.0132 12.0000 2 M689
283.4913 86.0000 3 M678
187.1753 256.0000 5 M655
128.8875 206.0000 5 M662
328.5124 127.0000 3 M676
551.3336 423.0000 7 M634
218.0823 58.0000 4 M687
255.4888 89.0000 3 M684
153.6424 38.0000 7 M691
204.1257 260.0000 4 M663
236.7978 198.0000 7 M673
1.6940 16.0000 1 M700
516.5704 198.0000 7 M674
59.7336 29.0000 4 M699
282.5687 334.0000 5 M659
9.9181 3.0000 1 M708
65.4977 27.0000 4 M705
324.6122 131.0000 7 M692
160.5900 78.0000 7 M702
464.1941 542.0000 3 M638
146.6778 156.0000 5 M693
228.9174 91.0000 7 M703
49.6573 16.0000 3 M714
46.5254 2.0000 1 M717
310.2413 154.0000 3 M696
44.1465 1.0000 1 M718
399.7772 99.0000 4 M706
242.2784 97.0000 3 M707
60.0633 14.0000 2 M719
227.6382 79.0000 6 M711
380.0402 383.0000 4 M668
36.7066 10.0000 3 M721
470.3842 512.0000 5 M650
183.5664 74.0000 9 M715
4.0304 12.0000 3 M724
395.3810 221.0000 8 M694
247.4737 82.0000 2 M716
11.2127 6.0000 1 M729
272.8013 162.0000 3 M710
176.9174 27.0000 5 M728
21.8950 2.0000 1 M732
51.8866 3.0000 2 M733
231.8965 65.0000 7 M726
32.4135 1.0000 1 M736
117.6740 8.0000 3 M735
216.3320 116.0000 7 M720
628.3231 293.0000 3 M697
51.1463 7.0000 1 M738
227.8545 190.0000 5 M713
416.0646 324.0000 4 M695
55.4002 3.0000 1 M740
232.5172 240.0000 2 M709
327.7364 284.0000 4 M704
347.7554 333.0000 7 M698
19.2368 1.0000 1 M748
171.5501 46.0000 6 M742
441.0152 346.0000 3 M701
243.5607 36.0000 8 M745
456.2295 194.0000 3 M723
267.6034 113.0000 7 M734
196.8677 27.0000 8 M747
39.1172 5.0000 1 M750
467.3875 440.0000 5 M690
138.4669 8.0000 4 M752
214.6957 207.0000 3 M725
72.9541 7.0000 2 M753
54.9715 50.0000 3 M749
389.8587 321.0000 2 M712
346.5473 188.0000 5 M731
40.1454 1.0000 1 M763
400.6931 131.0000 11 M746
226.5138 28.0000 6 M759
80.6521 32.0000 3 M760
242.9753 100.0000 15 M751
176.7606 55.0000 9 M757
47.5840 1.0000 1 M766
172.6812 72.0000 3 M756
103.0194 20.0000 6 M764
186.4232 204.0000 3 M739
262.6717 279.0000 4 M730
226.5319 77.0000 1 M758
134.8109 26.0000 5 M767
382.4532 351.0000 8 M722
56.7104 12.0000 1 M770
227.4047 18.0000 5 M769
200.4428 72.0000 8 M761
141.0534 127.0000 3 M755
137.6064 53.0000 4 M768
470.8288 239.0000 4 M743
121.5970 37.0000 2 M772
162.4165 22.0000 6 M775
484.8121 271.0000 6 M741
459.1681 253.0000 8 M744
242.9629 374.0000 4 M727
75.4933 11.0000 3 M780
153.5340 70.0000 7 M773
133.1440 147.0000 4 M762
216.7826 207.0000 8 M754
68.4668 8.0000 2 M783
259.6077 81.0000 6 M774
513.4002 136.0000 6 M771
62.8409 6.0000 2 M789
190.7598 39.0000 7 M786
295.5717 59.0000 3 M784
236.8330 56.0000 10 M785
48.0919 4.0000 2 M792
143.4895 24.0000 4 M790
94.8033 18.0000 5 M793
145.7295 24.0000 6 M794
101.1080 18.0000 2 M795
176.4379 157.0000 6 M777
159.6482 149.0000 5 M778
174.5254 149.0000 4 M781
80.6840 13.0000 2 M803
436.2325 176.0000 3 M782
248.0185 222.0000 9 M776
41.1486 11.0000 1 M804
317.4912 505.0000 4 M737
361.6816 207.0000 9 M779
14.4891 1.0000 1 M807
181.0723 80.0000 5 M797
83.8494 16.0000 5 M806
130.1833 94.0000 6 M796
133.8379 24.0000 1 M805
13.4058 2.0000 2 M810
92.7747 13.0000 3 M809
392.7125 101.0000 8 M799
127.8374 353.0000 2 M765
20.3963 2.0000 1 M814
122.0850 19.0000 6 M816
236.5477 138.0000 3 M800
226.9876 126.0000 4 M802
97.1477 11.0000 4 M819
201.9062 219.0000 4 M791
291.2049 257.0000 3 M787
123.5306 70.0000 2 M812
117.9145 66.0000 11 M813
319.9034 151.0000 6 M801
131.2847 16.0000 4 M822
180.9272 265.0000 6 M788
246.6620 62.0000 6 M817
72.8283 4.0000 3 M827
263.5547 119.0000 9 M811
14.8151 2.0000 1 M833
182.3311 31.0000 4 M831
179.9659 42.0000 5 M830
62.3645 8.0000 4 M835
195.4162 53.0000 5 M832
243.0524 33.0000 9 M836
120.0239 14.0000 4 M841
526.8488 174.0000 4 M820
354.1854 164.0000 1 M823
556.7353 271.0000 3 M808
54.0597 21.0000 2 M844
110.1830 13.0000 5 M845
43.6489 1.0000 1 M847
80.7000 31.0000 7 M843
249.2950 382.0000 4 M798
285.8206 100.0000 7 M837
144.4391 23.0000 2 M850
114.8101 49.0000 5 M846
58.7341 6.0000 3 M854
93.3043 26.0000 5 M853
143.5402 37.0000 3 M852
512.9771 121.0000 10 M840
117.1680 27.0000 6 M855
569.6618 321.0000 2 M815
54.0179 17.0000 3 M858
16.7914 4.0000 1 M860
443.7465 267.0000 4 M824
677.1583 260.0000 2 M826
201.2114 39.0000 3 M857
610.2719 188.0000 9 M838
460.1280 225.0000 6 M834
529.6532 294.0000 1 M825
387.0687 348.0000 14 M818
503.8715 269.0000 8 M829
26.9723 5.0000 1 M867
139.4812 26.0000 7 M866
375.7503 209.0000 3 M842
215.2964 389.0000 4 M821
210.6141 36.0000 8 M869
132.6881 26.0000 2 M871
338.1091 146.0000 2 M856
91.7930 2.0000 2 M875
161.1472 42.0000 11 M870
39.3222 2.0000 1 M877
353.2746 104.0000 8 M865
59.9215 3.0000 2 M881
214.3463 159.0000 5 M861
441.8114 317.0000 6 M839
292.9947 112.0000 5 M868
228.9528 152.0000 6 M863
497.4236 241.0000 5 M851
255.9522 187.0000 7 M859
289.0933 256.0000 3 M849
334.4255 151.0000 5 M864
412.7090 279.0000 3 M848
248.0406 99.0000 2 M873
48.5799 2.0000 2 M891
341.6846 81.0000 3 M882
87.9250 6.0000 3 M893
159.4652 16.0000 5 M894
109.1660 40.0000 7 M895
430.0792 189.0000 6 M874
101.6495 118.0000 6 M886
427.0859 127.0000 9 M885
409.3777 133.0000 1 M884
319.5158 189.0000 6 M876
96.2183 14.0000 3 M903
273.1105 327.0000 6 M862
510.9124 579.0000 3 M828
418.3142 148.0000 2 M888
225.5334 79.0000 5 M901
130.3656 12.0000 3 M911
144.0143 44.0000 1 M907
313.7959 123.0000 2 M896
62.8390 5.0000 3 M915
71.0809 9.0000 1 M916
222.2223 58.0000 1 M910
217.5710 228.0000 8 M887
211.1145 215.0000 10 M889
186.7400 43.0000 8 M914
274.8503 200.0000 8 M892
109.4250 9.0000 3 M919
190.8545 303.0000 5 M879
285.2138 107.0000 2 M909
75.3333 4.0000 2 M924
26.4080 6.0000 2 M926
464.6293 162.0000 7 M904
31.3589 4.0000 1 M928
214.3742 348.0000 5 M883
375.8331 373.0000 4 M880
159.4175 10.0000 6 M931
488.0537 427.0000 4 M872
180.5276 114.0000 2 M917
110.5073 232.0000 9 M900
221.6873 391.0000 9 M878
22.3657 2.0000 2 M933
402.1584 195.0000 1 M908
441.0857 117.0000 6 M920
250.6059 112.0000 14 M921
259.5459 111.0000 7 M922
141.1119 17.0000 5 M936
297.6984 289.0000 6 M898
41.7717 5.0000 2 M939
357.2597 273.0000 6 M902
163.9516 22.0000 5 M938
434.1187 364.0000 9 M890
178.0123 13.0000 4 M940
66.5488 6.0000 3 M941
340.5518 89.0000 3 M929
209.6830 85.0000 12 M930
545.2944 320.0000 2 M897
736.0497 209.0000 8 M913
92.1431 9.0000 3 M942
29.1354 2.0000 2 M944
181.9046 279.0000 6 M905
311.5989 328.0000 4 M899
277.8181 65.0000 5 M937
21.8090 13.0000 1 M945
46.1791 1.0000 1 M947
256.0902 177.0000 2 M925
366.3174 251.0000 7 M918
231.4522 29.0000 5 M952
236.4937 55.0000 5 M949
583.5346 167.0000 8 M932
242.6099 32.0000 7 M954
139.7860 11.0000 5 M957
225.0154 372.0000 2 M906
224.1337 252.0000 2 M923
104.3364 5.0000 4 M962
25.8820 1.0000 1 M964
183.7985 19.0000 6 M963
262.4675 31.0000 6 M961
384.9174 279.0000 4 M927
134.1149 177.0000 4 M943
56.0950 12.0000 2 M966
248.7551 17.0000 7 M968
653.7037 436.0000 6 M912
203.7811 59.0000 7 M967
224.9204 211.0000 12 M946
26.1694 4.0000 2 M977
227.5340 71.0000 1 M969
376.5565 316.0000 14 M934
188.2942 163.0000 6 M958
158.5692 221.0000 7 M951
217.0822 62.0000 9 M973
250.4696 61.0000 3 M975
172.2893 52.0000 1 M978
156.3033 18.0000 4 M983
268.0449 111.0000 3 M970
231.1618 34.0000 5 M982
69.3275 8.0000 4 M987
269.1978 282.0000 4 M950
419.4453 239.0000 8 M956
210.0151 79.0000 5 M979
311.7171 312.0000 8 M948
202.3216 237.0000 3 M959
223.4188 94.0000 11 M980
360.5831 200.0000 3 M965
167.6828 158.0000 3 M972
247.4429 428.0000 5 M935
77.4362 6.0000 2 M996
271.0586 56.0000 8 M990
75.9010 8.0000 2 M997
34.6153 1.0000 1 M999
170.4691 40.0000 3 M994
530.5395 339.0000 8 M953
348.8092 108.0000 10 M986
385.1595 199.0000 10 M974
230.6597 347.0000 7 M955
173.9439 34.0000 5 M1001
197.2861 28.0000 6 M1003
162.9253 30.0000 8 M1007
130.3272 7.0000 3 M1011
332.6759 103.0000 5 M998
161.4505 50.0000 4 M1006
69.8279 4.0000 2 M1013
470.5077 222.0000 2 M984
60.5425 5.0000 2 M1016
110.4774 38.0000 4 M1012
387.6555 63.0000 6 M1009
332.7598 407.0000 8 M960
45.7313 2.0000 1 M1018
624.4379 228.0000 3 M989
321.9407 216.0000 3 M993
54.4143 8.0000 3 M1024
309.9581 149.0000 6 M1008
67.3926 9.0000 3 M1028
172.8506 26.0000 7 M1026
155.4519 276.0000 3 M992
245.3214 255.0000 8 M995
241.6996 231.0000 5 M1000
159.2833 108.0000 8 M1022
213.8617 139.0000 2 M1017
469.6301 350.0000 3 M988
614.7275 404.0000 3 M981
80.3740 38.0000 3 M1033
66.8926 23.0000 4 M1035
416.1534 248.0000 3 M1004
129.8797 26.0000 2 M1036
487.6409 199.0000 1 M1014
285.7333 269.0000 6 M1005
78.5504 5.0000 2 M1043
38.4951 1.0000 1 M1045
292.3778 68.0000 6 M1037
0.3416 1.0000 1 M1048
191.4571 184.0000 3 M1023
290.9983 411.0000 4 M991
248.3977 552.0000 3 M971
176.0503 223.0000 4 M1020
8.2262 1.0000 1 M1052
430.7773 546.0000 3 M976
208.3530 53.0000 5 M1046
267.3731 75.0000 7 M1044
250.3207 43.0000 4 M1049
576.1298 216.0000 5 M1025
340.1703 299.0000 7 M1015
31.1494 1.0000 1 M1057
77.7746 193.0000 3 M1030
255.9027 53.0000 6 M1051
37.7332 1.0000 1 M1059
279.0812 426.0000 4 M1002
234.5722 55.0000 10 M1055
36.0610 1.0000 1 M1068
435.6729 207.0000 7 M1038
314.5831 336.0000 4 M1021
205.2688 57.0000 6 M1062
70.9195 8.0000 3 M1069
311.1778 216.0000 10 M1042
37.6861 1.0000 1 M1073
400.9942 282.0000 2 M1034
265.5718 75.0000 3 M1064
257.9962 629.0000 5 M985
349.6154 308.0000 8 M1031
220.6205 56.0000 5 M1067
425.8392 483.0000 7 M1010
242.0662 360.0000 2 M1027
507.2329 255.0000 4 M1041
256.8148 29.0000 8 M1074
159.7634 19.0000 5 M1076
270.2189 106.0000 8 M1066
92.6963 442.0000 4 M1019
179.0970 162.0000 8 M1060
103.7729 34.0000 4 M1079
201.7599 200.0000 5 M1056
201.7675 159.0000 2 M1063
94.7616 11.0000 4 M1084
224.0962 38.0000 6 M1080
218.0438 47.0000 4 M1081
72.1701 12.0000 4 M1087
234.5430 249.0000 5 M1054
80.9691 12.0000 2 M1089
424.4720 232.0000 8 M1058
290.9139 311.0000 4 M1047
183.2436 64.0000 3 M1085
233.3907 161.0000 2 M1071
493.7348 206.0000 4 M1065
206.1062 62.0000 12 M1086
126.6323 100.0000 1 M1082
181.2487 414.0000 3 M1039
317.0873 469.0000 4 M1032
258.3300 66.0000 9 M1090
162.3874 60.0000 7 M1091
133.0186 52.0000 4 M1094
47.4457 13.0000 1 M1101
276.5455 108.0000 8 M1088
410.0608 199.0000 8 M1075
278.6941 533.0000 2 M1029
218.1188 113.0000 4 M1092
150.2474 289.0000 6 M1070
93.6328 5.0000 2 M1110
191.4145 231.0000 3 M1078
70.3846 503.0000 3 M1040
153.1611 29.0000 2 M1108
155.0510 154.0000 2 M1095
62.0440 34.0000 3 M1112
260.9659 243.0000 6 M1083
286.4063 87.0000 2 M1105
156.2914 478.0000 8 M1050
61.4512 29.0000 2 M1114
106.4947 12.0000 4 M1118
248.7783 345.0000 6 M1072
239.2720 110.0000 5 M1106
26.7501 2.0000 2 M1124
370.3449 213.0000 6 M1093
440.1941 142.0000 4 M1104
393.8276 117.0000 5 M1109
63.9015 5.0000 2 M1126
397.1825 131.0000 3 M1107
268.5968 101.0000 4 M1111
279.1238 248.0000 6 M1097
212.6380 83.0000 3 M1121
406.7752 261.0000 6 M1096
484.2128 218.0000 8 M1103
232.3021 518.0000 4 M1061
505.3736 235.0000 11 M1102
658.4888 256.0000 9 M1099
559.0512 586.0000 8 M1053
137.5665 63.0000 3 M1128
185.5349 25.0000 5 M1133
32.1719 3.0000 2 M1138
142.9951 46.0000 4 M1132
185.8295 303.0000 3 M1098
293.1355 449.0000 3 M1077
45.0050 1.0000 1 M1146
1.4893 1.0000 1 M1149
142.1831 221.0000 3 M1117
127.5465 193.0000 2 M1122
456.7808 224.0000 6 M1120
394.2542 177.0000 7 M1129
205.6664 81.0000 6 M1145
343.7288 216.0000 6 M1125
187.5764 383.0000 4 M1100
50.4601 3.0000 1 M1157
232.5753 65.0000 2 M1151
31.2025 6.0000 1 M1160
229.1626 62.0000 1 M1153
414.4046 289.0000 5 M1119
435.4694 269.0000 2 M1123
99.7130 317.0000 4 M1116
75.4411 158.0000 2 M1141
477.3937 186.0000 8 M1137
113.8419 264.0000 4 M1127
56.0034 10.0000 2 M1165
152.1496 178.0000 12 M1144
407.2459 243.0000 10 M1134
139.6777 239.0000 5 M1136
364.5896 225.0000 9 M1140
390.6459 121.0000 2 M1155
250.6586 224.0000 6 M1142
384.0096 125.0000 7 M1156
40.9444 3.0000 2 M1173
367.7710 314.0000 5 M1130
287.2026 178.0000 4 M1150
204.3016 193.0000 3 M1148
317.3647 82.0000 5 M1164
143.3820 115.0000 3 M1162
394.7012 230.0000 10 M1147
199.6156 19.0000 5 M1176
313.7152 84.0000 8 M1169
54.9238 5.0000 2 M1180
259.0155 104.0000 2 M1167
82.3164 12.0000 2 M1182
11.2208 1.0000 1 M1184
432.6473 355.0000 6 M1135
223.2897 111.0000 5 M1170
600.2081 335.0000 2 M1139
253.8185 101.0000 4 M1172
120.3826 116.0000 1 M1171
65.9396 51.0000 2 M1181
236.7530 150.0000 2 M1168
151.6384 41.0000 5 M1183
105.4059 255.0000 3 M1154
173.8257 170.0000 5 M1166
13.7368 13.0000 1 M1187
223.2181 70.0000 2 M1179
149.5870 23.0000 5 M1186
61.6906 13.0000 2 M1189
187.7978 103.0000 7 M1178
58.4136 16.0000 1 M1192
302.7245 309.0000 7 M1152
252.4292 66.0000 4 M1185
145.3924 23.0000 3 M1194
240.3962 391.0000 7 M1143
469.3553 141.0000 7 M1177
54.6260 4.0000 1 M1197
207.4211 66.0000 7 M1188
180.2727 29.0000 5 M1195
58.4072 28.0000 4 M1196
661.4861 302.0000 10 M1159
78.0867 13.0000 1 M1199
17.3499 1.0000 1 M1202
104.7319 29.0000 3 M1200
245.1509 221.0000 4 M1174
173.3212 648.0000 10 M1113
37.8293 1.0000 1 M1205
374.0870 530.0000 6 M1131
515.1003 636.0000 4 M1115
195.3554 110.0000 9 M1191
61.0813 6.0000 2 M1206
127.3737 12.0000 3 M1207
262.8824 80.0000 7 M1203
400.9740 99.0000 6 M1201
114.8750 67.0000 5 M1209
533.0144 311.0000 3 M1175
187.3106 429.0000 6 M1161
300.5111 450.0000 6 M1158
443.0795 417.0000 8 M1163
301.7881 222.0000 9 M1190
176.2823 95.0000 3 M1208
8.6811 10.0000 2 M1220
158.7948 37.0000 5 M1218
227.3056 99.0000 8 M1210
375.9502 236.0000 4 M1193
107.1602 18.0000 3 M1224
178.7900 120.0000 8 M1214
289.5308 35.0000 6 M1226
119.4752 29.0000 3 M1227
63.4434 6.0000 2 M1231
229.7714 63.0000 5 M1223
197.4605 35.0000 6 M1228
10.5164 10.0000 2 M1233
528.9081 160.0000 5 M1212
139.4809 101.0000 5 M1221
148.6180 10.0000 4 M1238
81.2097 18.0000 2 M1237
276.3970 199.0000 8 M1213
150.8591 50.0000 4 M1235
27.0399 3.0000 2 M1242
252.7298 189.0000 11 M1217
94.1342 8.0000 3 M1244
257.1849 73.0000 11 M1236
43.3721 5.0000 3 M1247
28.4245 3.0000 1 M1248
231.0446 53.0000 8 M1241
279.2749 176.0000 8 M1225
217.6290 224.0000 3 M1219
278.8187 89.0000 6 M1240
300.9502 55.0000 11 M1245
86.6360 27.0000 2 M1250
13.7153 1.0000 1 M1255
79.4816 39.0000 5 M1252
16.4770 7.0000 2 M1257
163.6934 413.0000 6 M1198
228.1374 38.0000 6 M1254
200.2077 306.0000 8 M1215
33.2698 4.0000 2 M1261
201.7259 68.0000 3 M1253
446.1590 212.0000 5 M1232
540.1368 424.0000 2 M1204
143.4906 103.0000 7 M1251
152.6760 382.0000 4 M1211
84.8642 49.0000 5 M1260
130.4876 34.0000 5 M1262
22.5763 1.0000 1 M1270
408.0303 380.0000 10 M1216
208.2665 232.0000 7 M1239
143.7902 51.0000 8 M1265
70.8211 165.0000 4 M1249
321.0906 102.0000 3 M1259
500.2739 228.0000 8 M1243
26.4063 1.0000 1 M1277
132.7888 46.0000 7 M1276
207.4589 431.0000 6 M1222
437.0199 236.0000 10 M1256
183.1280 23.0000 4 M1285
665.6817 224.0000 12 M1258
92.8875 56.0000 4 M1281
176.8845 25.0000 5 M1291
624.8797 201.0000 7 M1267
182.6743 43.0000 5 M1289
262.6920 228.0000 7 M1264
20.8862 1.0000 1 M1296
143.1218 68.0000 4 M1286
217.9598 187.0000 12 M1271
205.7497 40.0000 4 M1293
205.2258 134.0000 5 M1280
361.3709 238.0000 8 M1268
125.8661 25.0000 4 M1298
181.9578 52.0000 1 M1295
190.8922 481.0000 5 M1234
670.8525 281.0000 4 M1263
98.7771 33.0000 3 M1299
189.8191 52.0000 7 M1297
56.0187 10.0000 1 M1304
394.6453 548.0000 4 M1229
590.8081 318.0000 3 M1266
350.5992 130.0000 9 M1292
175.7885 67.0000 7 M1301
277.1769 269.0000 2 M1273
139.7494 33.0000 8 M1307
251.2581 481.0000 5 M1246
80.3859 8.0000 3 M1315
217.8838 117.0000 4 M1300
340.4387 95.0000 8 M1303
151.2957 177.0000 3 M1294
422.6108 344.0000 2 M1272
532.2858 235.0000 4 M1287
120.8711 5.0000 4 M1319
49.1807 2.0000 1 M1321
191.2704 392.0000 4 M1269
309.7914 286.0000 9 M1283
279.9695 280.0000 4 M1284
441.9939 326.0000 7 M1278
299.4906 78.0000 3 M1314
99.1047 12.0000 2 M1323
74.5426 3.0000 2 M1328
171.2801 144.0000 5 M1310
150.7443 113.0000 2 M1318
353.0371 178.0000 5 M1311
111.9147 10.0000 6 M1335
153.8162 357.0000 6 M1288
37.4469 4.0000 2 M1338
479.8160 769.0000 1 M1230
54.8644 4.0000 2 M1339
190.4794 464.0000 7 M1275
71.7701 29.0000 2 M1337
564.4781 211.0000 3 M1312
173.0496 123.0000 3 M1326
313.7898 173.0000 3 M1320
107.2414 393.0000 7 M1290
158.6713 21.0000 3 M1342
262.1850 149.0000 2 M1324
30.5637 4.0000 3 M1346
207.4315 109.0000 5 M1332
80.2134 29.0000 4 M1344
611.0620 258.0000 10 M1313
400.0586 289.0000 9 M1309
86.0158 17.0000 5 M1350
174.2262 250.0000 5 M1317
348.2045 535.0000 5 M1279
569.4022 171.0000 8 M1331
324.7614 352.0000 8 M1306
220.1413 383.0000 4 M1302
259.4452 157.0000 2 M1334
113.1201 57.0000 6 M1349
121.7722 47.0000 6 M1351
167.7215 40.0000 6 M1353
209.8145 27.0000 5 M1355
566.1801 195.0000 6 M1333
71.4774 10.0000 2 M1360
478.4232 233.0000 4 M1330
181.6937 14.0000 5 M1361
275.4048 580.0000 8 M1282
144.1356 176.0000 4 M1340
3.9111 1.0000 1 M1369
453.7343 444.0000 9 M1308
210.6727 344.0000 7 M1322
262.5754 708.0000 4 M1274
322.6648 202.0000 4 M1345
313.4777 46.0000 9 M1367
298.7960 76.0000 8 M1363
293.4905 48.0000 7 M1368
505.6264 346.0000 2 M1329
634.3603 162.0000 13 M1356
401.4952 526.0000 4 M1305
242.2005 56.0000 10 M1370
361.7325 461.0000 3 M1316
21.4707 1.0000 1 M1379
528.5455 120.0000 11 M1364
274.6182 72.0000 4 M1371
547.1677 337.0000 5 M1336
328.2170 397.0000 8 M1327
218.0166 181.0000 6 M1358
1.3036 4.0000 1 M1382
344.7606 150.0000 6 M1362
514.8791 225.0000 2 M1354
421.8083 311.0000 4 M1343
97.9087 88.0000 7 M1373
67.8128 2.0000 2 M1386
41.7443 7.0000 2 M1387
189.7601 28.0000 6 M1385
596.2807 306.0000 5 M1348
344.8933 183.0000 9 M1365
629.9333 472.0000 7 M1325
301.5120 58.0000 6 M1384
110.5167 23.0000 2 M1389
188.9980 29.0000 4 M1388
330.4082 259.0000 3 M1359
211.4624 99.0000 3 M1381
232.3788 137.0000 6 M1376
194.5002 112.0000 5 M1380
480.8265 401.0000 3 M1341
213.3817 35.0000 6 M1391
430.9104 176.0000 12 M1372
69.0707 8.0000 3 M1398
192.8068 39.0000 8 M1394
346.6963 195.0000 5 M1374
41.6075 3.0000 2 M1402
338.6400 183.0000 3 M1377
293.7364 390.0000 3 M1352
22.9618 5.0000 1 M1404
560.0446 428.0000 7 M1347
512.1057 228.0000 2 M1375
41.3550 7.0000 2 M1406
267.4231 139.0000 3 M1390
315.1845 79.0000 12 M1400
185.4736 -1.0000 -1 M1378
67.0150 -1.0000 -1 M1411
335.7295 -1.0000 -1 M1357
349.7894 -1.0000 -1 M1396
336.9962 -1.0000 -1 M1397
298.0886 -1.0000 -1 M1399
113.0620 -1.0000 -1 M1410
302.0530 -1.0000 -1 M1392
296.1385 -1.0000 -1 M1393
177.3016 -1.0000 -1 M1395
327.5553 -1.0000 -1 M1405
410.8177 -1.0000 -1 M1407
528.9049 -1.0000 -1 M1401
426.3971 -1.0000 -1 M1403
413.2543 -1.0000 -1 M1408
308.2981 -1.0000 -1 M1409
288.2074 -1.0000 -1 M1366
333.6815 -1.0000 -1 M1383
