# Scenario da_maxprop2
# distance at msg send, delivery time, hop count, MSG_ID
67.6363 10.0000 2 M1
167.6064 18.0000 4 M4
195.4771 28.0000 7 M3
22.2825 2.0000 1 M11
131.3930 21.0000 2 M16
372.4283 129.0000 10 M2
90.7869 13.0000 3 M22
29.7302 7.0000 3 M26
211.7436 76.0000 6 M19
80.5863 16.0000 4 M32
343.2828 189.0000 8 M8
473.5999 148.0000 1 M15
168.9704 19.0000 4 M36
463.4051 214.0000 3 M10
51.2570 5.0000 1 M41
87.5639 4.0000 2 M44
81.9485 14.0000 5 M43
227.6074 161.0000 4 M23
204.1584 61.0000 3 M38
692.5779 328.0000 5 M7
467.7694 182.0000 11 M30
225.0310 322.0000 2 M9
70.9652 8.0000 2 M55
205.7747 67.0000 2 M47
157.7779 93.0000 2 M46
132.3784 50.0000 1 M56
54.7688 10.0000 2 M62
263.0506 311.0000 4 M20
208.6809 80.0000 9 M54
68.3009 16.0000 2 M70
462.2130 169.0000 5 M51
409.4504 163.0000 2 M52
119.0636 20.0000 4 M73
546.1570 359.0000 1 M25
60.2007 261.0000 4 M39
280.8881 89.0000 4 M64
594.5887 202.0000 4 M50
170.8915 102.0000 4 M66
502.3631 346.0000 5 M33
407.1774 511.0000 4 M12
205.8326 92.0000 3 M74
264.3874 282.0000 5 M48
48.1304 4.0000 2 M87
664.1410 188.0000 2 M63
282.1734 510.0000 5 M17
226.7532 440.0000 8 M28
631.1191 434.0000 1 M31
144.3946 79.0000 7 M81
80.1946 21.0000 3 M90
170.7963 137.0000 3 M77
479.2410 478.0000 4 M29
154.3668 272.0000 1 M58
207.7322 28.0000 3 M92
323.2694 162.0000 2 M76
373.0753 667.0000 3 M5
228.7212 306.0000 2 M57
571.2946 609.0000 6 M14
18.2856 7.0000 1 M101
287.9187 497.0000 6 M34
72.5627 27.0000 2 M99
235.6053 84.0000 1 M91
394.7168 188.0000 4 M78
143.9156 147.0000 3 M83
651.8156 278.0000 1 M67
634.0859 321.0000 8 M65
151.4502 65.0000 4 M100
374.4639 544.0000 2 M35
217.0380 226.0000 4 M80
385.6920 323.0000 7 M68
339.3434 195.0000 2 M85
302.5878 392.0000 4 M59
293.4360 385.0000 3 M61
383.0614 258.0000 4 M79
348.1236 179.0000 3 M89
207.4341 116.0000 2 M98
153.1438 54.0000 3 M108
273.8644 636.0000 3 M27
208.1048 39.0000 5 M112
243.9575 74.0000 3 M107
90.3668 17.0000 2 M117
470.7553 254.0000 3 M84
15.8595 3.0000 1 M122
641.6545 528.0000 5 M49
181.4692 614.0000 5 M37
79.5552 16.0000 2 M123
71.8467 317.0000 7 M82
440.7510 227.0000 3 M95
373.0740 173.0000 2 M106
181.0772 192.0000 4 M103
214.4619 404.0000 3 M75
217.5617 313.0000 6 M86
321.4696 615.0000 3 M45
92.9045 22.0000 2 M130
29.8107 5.0000 1 M133
406.9548 443.0000 2 M72
376.8638 150.0000 3 M113
35.9209 3.0000 1 M137
101.5368 12.0000 4 M136
389.8797 219.0000 2 M105
78.0639 40.0000 2 M132
139.6418 70.0000 6 M128
195.1731 176.0000 7 M119
80.6077 8.0000 2 M145
177.2796 46.0000 5 M140
581.8225 877.0000 1 M21
269.6662 201.0000 3 M120
376.3994 264.0000 4 M111
231.5258 67.0000 3 M141
470.8764 568.0000 4 M69
524.2495 289.0000 2 M109
99.5864 51.0000 4 M147
137.2125 390.0000 2 M96
386.7226 346.0000 6 M104
280.3305 114.0000 4 M142
400.9394 218.0000 4 M126
170.1887 385.0000 3 M102
40.9168 3.0000 1 M161
523.1626 311.0000 3 M116
180.2790 53.0000 5 M154
616.4829 1053.0000 4 M13
654.2976 648.0000 6 M71
652.1382 1020.0000 4 M18
237.7013 53.0000 6 M157
24.6165 6.0000 2 M164
179.7721 351.0000 2 M115
359.9112 884.0000 4 M40
611.2453 799.0000 4 M53
153.3501 138.0000 4 M148
533.3003 391.0000 4 M110
96.7302 155.0000 4 M146
444.2304 368.0000 1 M114
417.7309 512.0000 2 M93
433.8231 311.0000 3 M124
669.2846 508.0000 3 M97
187.0071 32.0000 2 M167
9.0795 5.0000 2 M178
251.0105 370.0000 6 M125
113.9549 31.0000 4 M174
203.5424 120.0000 2 M162
298.7276 1216.0000 3 M6
686.4223 635.0000 2 M88
240.1832 368.0000 5 M127
40.8596 10.0000 2 M182
84.0923 30.0000 2 M180
129.5462 61.0000 1 M176
432.3075 334.0000 4 M138
410.7172 309.0000 5 M143
142.7950 338.0000 4 M139
395.3830 495.0000 4 M118
122.9767 44.0000 4 M184
24.5157 34.0000 2 M187
312.1400 135.0000 2 M172
617.0454 1175.0000 2 M24
137.5202 144.0000 4 M171
218.8677 237.0000 6 M158
503.3394 432.0000 4 M131
374.2161 288.0000 6 M152
212.6091 73.0000 2 M183
543.4156 312.0000 5 M151
392.8279 300.0000 3 M153
355.9889 435.0000 3 M134
686.0041 1082.0000 2 M42
297.1698 218.0000 2 M166
270.7426 175.0000 3 M173
251.6476 150.0000 2 M177
712.6321 500.0000 2 M129
372.5788 155.0000 3 M179
340.2661 286.0000 1 M160
64.8283 7.0000 2 M201
437.6084 388.0000 3 M149
73.4703 40.0000 3 M199
593.3830 577.0000 2 M121
15.7971 3.0000 1 M204
182.7838 430.0000 2 M144
126.8474 294.0000 2 M163
497.8420 331.0000 3 M159
107.1745 72.0000 2 M197
170.0404 222.0000 3 M175
32.3503 19.0000 2 M205
159.4193 108.0000 3 M193
169.0529 152.0000 4 M188
135.9813 143.0000 4 M190
57.3164 378.0000 3 M156
511.9728 281.0000 3 M170
146.4552 60.0000 2 M203
320.7646 299.0000 3 M168
14.4201 2.0000 1 M211
216.6345 189.0000 5 M186
287.1954 552.0000 4 M135
139.8599 49.0000 3 M209
47.5756 13.0000 1 M214
696.3762 848.0000 4 M94
184.5313 94.0000 2 M207
62.0025 18.0000 4 M217
218.9845 222.0000 3 M192
488.9563 207.0000 2 M196
102.1513 92.0000 3 M212
327.4008 121.0000 2 M208
225.5875 1179.0000 3 M60
361.8948 412.0000 4 M169
339.8615 336.0000 4 M181
11.0200 5.0000 2 M227
48.6658 444.0000 4 M165
178.2826 66.0000 3 M219
413.4052 543.0000 4 M155
338.7666 339.0000 5 M185
313.3549 588.0000 3 M150
158.2555 283.0000 5 M200
126.9874 278.0000 3 M202
420.1215 183.0000 2 M215
252.7386 86.0000 4 M229
95.9841 22.0000 2 M240
200.7483 149.0000 3 M222
158.8334 348.0000 2 M198
299.3615 367.0000 4 M195
244.7246 159.0000 3 M223
464.8581 182.0000 3 M220
134.3294 26.0000 3 M244
477.1479 134.0000 7 M231
67.1006 41.0000 2 M249
150.5318 57.0000 5 M252
352.4748 154.0000 3 M238
459.8698 473.0000 4 M194
42.7314 18.0000 1 M258
209.0348 393.0000 2 M206
309.6048 208.0000 8 M232
198.3005 185.0000 3 M237
200.4994 164.0000 5 M241
288.8137 347.0000 6 M216
144.6811 552.0000 4 M189
141.4493 22.0000 2 M262
124.2294 537.0000 3 M191
390.0459 275.0000 5 M228
225.9909 345.0000 8 M218
297.7037 267.0000 2 M230
21.6649 5.0000 2 M269
189.4866 58.0000 5 M263
282.1275 426.0000 5 M213
404.5677 181.0000 3 M248
140.8989 269.0000 5 M235
217.6614 367.0000 5 M221
389.2423 278.0000 3 M234
389.3725 204.0000 2 M245
94.5640 289.0000 4 M233
21.5851 3.0000 1 M274
80.5823 11.0000 2 M273
64.4631 18.0000 2 M272
537.6739 222.0000 1 M246
241.6424 157.0000 4 M255
246.8627 385.0000 1 M224
243.7974 256.0000 4 M243
195.6239 383.0000 2 M225
93.1916 18.0000 1 M279
136.3912 24.0000 3 M281
459.1385 352.0000 3 M239
273.6198 209.0000 2 M259
404.7124 338.0000 3 M242
425.3777 171.0000 2 M265
231.3131 572.0000 3 M210
466.4937 226.0000 5 M260
158.1863 59.0000 1 M284
359.6667 181.0000 4 M267
407.8699 296.0000 5 M254
227.9399 281.0000 4 M256
206.5325 491.0000 6 M226
99.5327 25.0000 3 M292
98.0257 12.0000 3 M295
260.8116 140.0000 4 M277
233.0511 134.0000 2 M280
311.1740 378.0000 4 M247
336.2738 99.0000 3 M286
247.9681 354.0000 2 M251
402.0236 223.0000 5 M268
66.1565 9.0000 2 M299
289.7823 283.0000 2 M264
384.5009 232.0000 5 M271
510.8733 273.0000 3 M266
368.4355 153.0000 3 M285
302.9492 410.0000 4 M250
246.4252 202.0000 6 M278
223.2262 105.0000 4 M293
300.3117 273.0000 5 M270
260.8206 405.0000 2 M253
215.6858 343.0000 4 M261
186.4676 57.0000 3 M302
320.0344 124.0000 2 M294
351.7048 535.0000 7 M236
294.7556 121.0000 6 M296
351.1098 187.0000 3 M287
129.6290 21.0000 3 M310
21.9036 9.0000 2 M315
121.4928 219.0000 2 M288
259.9704 281.0000 3 M282
410.7526 176.0000 3 M297
120.0296 158.0000 2 M300
113.1214 16.0000 4 M321
29.2334 11.0000 1 M322
221.7155 75.0000 3 M313
500.6118 160.0000 3 M301
154.2956 125.0000 4 M306
260.4586 106.0000 2 M309
235.4187 294.0000 1 M283
229.2764 61.0000 2 M318
160.5446 71.0000 4 M317
124.0264 85.0000 7 M319
247.8271 302.0000 5 M289
17.2291 2.0000 1 M333
555.0476 407.0000 6 M275
147.0867 309.0000 3 M291
359.1601 137.0000 5 M316
175.4690 79.0000 6 M325
322.7413 94.0000 4 M323
108.3234 44.0000 3 M331
213.0243 569.0000 5 M257
181.0954 61.0000 2 M329
341.9352 187.0000 2 M312
49.6464 8.0000 2 M339
598.2961 302.0000 5 M298
311.2797 105.0000 3 M327
7.5893 5.0000 1 M343
113.4002 258.0000 2 M307
237.1286 305.0000 3 M303
369.8069 164.0000 2 M326
342.6560 88.0000 8 M338
85.2528 29.0000 2 M347
136.1214 13.0000 4 M349
31.1830 86.0000 7 M340
194.0813 90.0000 1 M341
189.3788 355.0000 5 M304
214.9028 141.0000 3 M336
183.7640 54.0000 5 M351
347.9017 346.0000 4 M311
49.0778 594.0000 3 M276
248.6826 207.0000 3 M332
229.7180 120.0000 4 M344
271.7702 401.0000 4 M305
324.0998 183.0000 6 M337
238.6981 238.0000 4 M330
242.4622 87.0000 1 M353
32.1830 6.0000 1 M365
568.5607 237.0000 5 M334
31.2930 14.0000 2 M370
299.9173 209.0000 5 M342
142.7692 39.0000 2 M369
106.0494 27.0000 1 M373
281.5522 101.0000 5 M361
313.6691 396.0000 4 M320
188.1101 95.0000 4 M362
120.1163 479.0000 3 M308
143.8028 381.0000 4 M324
46.7778 8.0000 1 M380
352.2266 115.0000 2 M363
285.7846 168.0000 2 M356
246.4820 375.0000 6 M328
58.0191 4.0000 2 M382
165.1567 35.0000 4 M379
418.9165 266.0000 3 M345
227.5789 91.0000 7 M372
331.0876 123.0000 3 M367
303.2738 94.0000 4 M374
34.2765 35.0000 1 M383
288.3369 520.0000 2 M314
27.1615 15.0000 1 M387
91.3918 36.0000 4 M385
40.2330 4.0000 1 M390
233.2002 309.0000 3 M346
48.1012 13.0000 3 M391
249.1147 89.0000 3 M381
258.9729 196.0000 9 M366
372.6767 324.0000 2 M348
234.1197 78.0000 3 M384
15.1252 10.0000 1 M395
195.7043 64.0000 6 M388
239.9347 71.0000 4 M389
20.1598 14.0000 2 M399
134.2797 39.0000 2 M397
95.0787 23.0000 2 M402
151.7379 388.0000 3 M350
331.5217 249.0000 3 M371
239.9423 355.0000 4 M355
66.4100 19.0000 5 M405
82.4419 17.0000 3 M406
479.6061 366.0000 5 M357
142.1162 109.0000 5 M396
121.2369 59.0000 2 M403
289.1095 139.0000 4 M393
161.3649 267.0000 4 M376
430.0540 379.0000 3 M358
356.7915 366.0000 4 M360
335.2746 441.0000 6 M352
355.2758 439.0000 4 M354
153.9830 315.0000 4 M375
276.9386 383.0000 7 M364
194.9764 140.0000 4 M401
102.5829 34.0000 2 M417
10.4742 13.0000 1 M421
119.0235 211.0000 3 M392
75.1329 72.0000 6 M412
101.8762 83.0000 3 M411
166.4506 59.0000 3 M415
278.4794 623.0000 6 M335
161.6816 42.0000 4 M419
100.4571 32.0000 3 M423
256.5601 136.0000 4 M409
92.5683 51.0000 3 M422
77.9292 22.0000 4 M426
10.1429 6.0000 2 M428
117.5058 147.0000 5 M410
144.3797 80.0000 4 M420
25.5004 7.0000 2 M431
175.2489 508.0000 3 M359
217.7632 139.0000 5 M416
195.6759 1021.0000 4 M290
145.1720 154.0000 5 M414
55.5070 12.0000 1 M434
96.1496 26.0000 1 M432
340.7152 475.0000 5 M368
197.6302 215.0000 4 M407
124.3175 45.0000 2 M430
121.5903 90.0000 3 M425
78.0186 78.0000 8 M427
455.1539 434.0000 6 M377
214.0014 255.0000 6 M404
65.9104 33.0000 1 M436
63.8843 20.0000 4 M439
208.4371 63.0000 4 M435
117.5341 482.0000 5 M378
535.9372 269.0000 6 M408
197.5904 93.0000 7 M433
68.6455 7.0000 2 M445
24.8952 5.0000 1 M448
630.3535 349.0000 7 M400
160.1529 394.0000 2 M394
528.9073 450.0000 7 M386
586.3834 262.0000 2 M413
342.9237 198.0000 8 M424
63.6382 79.0000 2 M441
340.9053 259.0000 3 M418
186.0170 127.0000 6 M437
322.3454 86.0000 7 M443
333.7566 126.0000 3 M440
205.2517 42.0000 3 M451
377.8349 426.0000 4 M398
233.9746 47.0000 4 M455
341.7234 108.0000 8 M447
212.8294 133.0000 5 M444
338.8243 179.0000 8 M438
262.4149 92.0000 5 M452
2.3980 20.0000 2 M462
141.3379 38.0000 2 M460
228.0936 68.0000 5 M457
27.8557 8.0000 2 M468
13.4826 5.0000 1 M469
224.5137 46.0000 2 M464
279.6724 161.0000 3 M450
390.1892 107.0000 7 M458
80.0029 320.0000 1 M429
29.4556 20.0000 2 M471
238.9035 152.0000 4 M456
291.7265 174.0000 5 M454
28.4445 6.0000 1 M478
325.9966 190.0000 5 M453
331.2632 280.0000 5 M442
288.1619 103.0000 7 M465
80.2104 46.0000 4 M476
393.8758 140.0000 2 M463
174.9011 67.0000 5 M474
138.4924 82.0000 3 M472
216.6365 169.0000 3 M461
179.6445 42.0000 3 M486
221.3379 179.0000 6 M467
345.0419 258.0000 2 M459
175.7018 49.0000 3 M488
155.5310 71.0000 6 M487
256.0262 98.0000 4 M484
183.5870 64.0000 4 M489
162.9129 205.0000 3 M470
178.1432 30.0000 3 M496
47.7983 9.0000 2 M501
89.1793 35.0000 5 M500
238.9939 400.0000 3 M449
110.3752 93.0000 1 M493
134.2902 62.0000 4 M498
456.9328 195.0000 1 M479
126.9101 118.0000 7 M490
254.9735 240.0000 9 M475
5.1943 6.0000 1 M508
72.9043 44.0000 2 M505
94.7301 40.0000 4 M506
367.5212 326.0000 5 M466
312.9265 69.0000 4 M504
493.1439 294.0000 5 M473
119.1957 49.0000 3 M509
166.8759 141.0000 7 M497
122.5337 31.0000 1 M513
67.2417 9.0000 2 M517
117.1088 23.0000 5 M516
28.8360 2.0000 1 M519
192.3585 553.0000 8 M446
151.0217 173.0000 5 M499
154.1666 38.0000 5 M521
47.6059 19.0000 2 M526
431.6770 312.0000 5 M483
40.4898 4.0000 1 M528
259.8875 336.0000 2 M482
260.7530 135.0000 4 M512
140.8624 20.0000 3 M530
486.3420 172.0000 9 M511
199.4397 120.0000 2 M520
439.9960 366.0000 4 M485
269.5020 313.0000 2 M494
83.2408 49.0000 5 M532
13.1136 4.0000 2 M539
443.7120 194.0000 2 M515
220.8008 356.0000 4 M492
94.7055 464.0000 3 M477
67.7078 12.0000 1 M542
0.5837 3.0000 1 M545
105.3585 22.0000 4 M543
472.7632 242.0000 5 M514
80.8224 268.0000 2 M510
407.7037 220.0000 2 M518
72.0657 20.0000 4 M548
37.3786 7.0000 1 M550
446.9181 345.0000 7 M503
369.3231 211.0000 3 M523
350.1832 182.0000 5 M529
294.8762 125.0000 5 M536
335.9715 96.0000 5 M541
231.7183 68.0000 4 M547
275.5156 117.0000 9 M540
583.4116 543.0000 5 M481
391.8062 150.0000 1 M537
310.0018 476.0000 2 M491
404.6556 555.0000 5 M480
134.1434 33.0000 2 M555
121.3041 51.0000 3 M553
300.0260 104.0000 2 M546
149.4017 26.0000 4 M558
187.6687 262.0000 4 M527
270.4426 110.0000 4 M549
59.8419 22.0000 3 M563
62.0870 262.0000 3 M531
658.1015 250.0000 4 M533
493.1340 171.0000 2 M544
331.3603 481.0000 3 M502
202.5925 60.0000 5 M562
82.4950 41.0000 3 M565
131.4740 97.0000 3 M557
293.9488 129.0000 4 M552
170.4751 274.0000 3 M534
102.3918 27.0000 3 M570
58.6471 13.0000 3 M574
42.2947 22.0000 2 M573
33.9486 7.0000 1 M575
269.2476 79.0000 3 M568
366.9228 148.0000 3 M559
359.4801 611.0000 3 M495
134.6410 416.0000 3 M524
404.1939 337.0000 5 M535
135.5952 37.0000 2 M580
156.1920 101.0000 4 M572
142.5966 24.0000 3 M583
2.0535 4.0000 2 M586
170.6598 132.0000 4 M569
358.2249 199.0000 5 M560
136.3194 476.0000 4 M522
85.5983 12.0000 3 M587
538.7481 469.0000 4 M525
222.6319 373.0000 2 M538
361.1254 105.0000 1 M577
244.1262 78.0000 4 M584
288.9791 116.0000 3 M579
39.7404 11.0000 2 M594
438.4381 253.0000 4 M561
36.6863 2.0000 1 M597
508.0941 198.0000 3 M571
241.4697 53.0000 5 M591
100.6479 25.0000 3 M596
195.6707 253.0000 3 M567
4.0707 11.0000 2 M601
161.2096 269.0000 3 M566
278.0424 369.0000 2 M551
407.2072 133.0000 2 M590
170.9963 49.0000 3 M606
313.1190 80.0000 5 M603
167.3015 50.0000 7 M609
206.6108 64.0000 4 M608
316.0927 784.0000 2 M507
140.2467 387.0000 3 M564
176.2199 54.0000 5 M612
151.6541 188.0000 6 M592
189.9020 263.0000 5 M582
199.0963 243.0000 1 M585
437.0866 313.0000 6 M576
263.2705 53.0000 4 M614
10.0407 3.0000 1 M622
25.2589 2.0000 1 M623
243.2836 127.0000 4 M605
268.2656 81.0000 5 M613
680.6139 489.0000 1 M556
212.2757 505.0000 1 M554
115.5198 29.0000 3 M624
315.4431 82.0000 3 M618
483.5732 237.0000 5 M595
264.3618 106.0000 4 M615
335.6283 221.0000 5 M602
107.5275 21.0000 3 M633
112.7892 49.0000 3 M629
51.5922 76.0000 3 M625
525.9217 261.0000 3 M599
226.5322 147.0000 4 M619
109.3898 226.0000 3 M607
134.1081 45.0000 4 M637
427.3293 301.0000 4 M600
322.6369 91.0000 6 M631
40.3766 20.0000 2 M642
130.5295 125.0000 3 M627
520.2858 176.0000 4 M621
69.6713 393.0000 3 M589
215.1919 368.0000 1 M593
173.7567 50.0000 1 M641
81.4535 37.0000 3 M643
199.5074 66.0000 4 M639
166.7791 27.0000 4 M646
62.1875 25.0000 1 M647
50.2992 22.0000 4 M649
449.1443 256.0000 4 M616
46.9610 7.0000 1 M656
163.9466 36.0000 3 M653
234.9389 349.0000 2 M610
254.5424 196.0000 6 M635
125.5530 124.0000 2 M648
212.9719 275.0000 4 M626
299.0935 394.0000 8 M611
447.5576 264.0000 3 M630
497.3586 201.0000 4 M640
493.6300 232.0000 1 M636
281.7282 615.0000 4 M581
99.4280 642.0000 3 M578
230.2090 570.0000 7 M588
391.7453 196.0000 5 M644
441.6515 139.0000 4 M652
234.8228 517.0000 5 M598
111.4127 26.0000 3 M672
93.2938 11.0000 2 M675
247.8794 136.0000 2 M658
179.2113 500.0000 3 M604
242.6207 81.0000 2 M666
132.6741 66.0000 2 M671
347.6921 145.0000 6 M660
71.1615 11.0000 2 M679
196.8604 141.0000 4 M661
114.9829 121.0000 3 M664
250.9919 92.0000 3 M669
364.4017 261.0000 4 M645
697.9118 218.0000 5 M651
491.3966 355.0000 6 M632
21.7556 3.0000 1 M685
216.6189 53.0000 2 M677
54.8803 26.0000 3 M682
56.5520 37.0000 1 M681
316.4712 152.0000 6 M665
625.1550 234.0000 5 M654
289.1483 426.0000 3 M628
149.8113 34.0000 2 M686
117.3786 22.0000 2 M688
283.4913 87.0000 3 M678
187.1753 257.0000 5 M655
128.8875 208.0000 3 M662
51.1232 151.0000 2 M670
186.7225 64.0000 4 M683
69.3506 176.0000 5 M667
451.4062 527.0000 4 M617
204.0874 98.0000 2 M680
94.0132 46.0000 2 M689
255.4888 88.0000 3 M684
328.5124 138.0000 4 M676
204.1257 261.0000 4 M663
218.0823 96.0000 3 M687
551.3336 465.0000 5 M634
1.6940 14.0000 1 M700
516.5704 199.0000 6 M674
155.4757 350.0000 5 M657
189.1604 604.0000 6 M620
282.5687 339.0000 3 M659
236.7978 238.0000 5 M673
65.4977 38.0000 3 M705
9.9181 25.0000 2 M708
160.5900 87.0000 4 M702
49.6573 4.0000 2 M714
464.1941 543.0000 4 M638
146.6778 158.0000 4 M693
324.6122 183.0000 6 M692
310.2413 155.0000 5 M696
44.1465 3.0000 1 M718
228.9174 120.0000 2 M703
46.5254 20.0000 1 M717
242.2784 103.0000 2 M707
60.0633 17.0000 4 M719
399.7772 116.0000 4 M706
227.6382 84.0000 2 M711
4.0304 2.0000 1 M724
36.7066 22.0000 3 M721
470.3842 529.0000 4 M650
380.0402 415.0000 4 M668
11.2127 13.0000 2 M729
395.3810 265.0000 2 M694
183.5664 125.0000 3 M715
21.8950 7.0000 2 M732
272.8013 182.0000 2 M710
176.9174 47.0000 3 M728
247.4737 151.0000 4 M716
231.8965 81.0000 3 M726
117.6740 24.0000 2 M735
628.3231 298.0000 5 M697
32.4135 22.0000 2 M736
51.1463 12.0000 1 M738
55.4002 6.0000 2 M740
232.5172 236.0000 2 M709
51.8866 59.0000 2 M733
327.7364 285.0000 7 M704
216.3320 178.0000 1 M720
227.8545 234.0000 2 M713
19.2368 4.0000 1 M748
441.0152 347.0000 2 M701
456.2295 195.0000 3 M723
267.6034 114.0000 4 M734
39.1172 2.0000 1 M750
347.7554 386.0000 6 M698
467.3875 442.0000 2 M690
72.9541 8.0000 2 M753
196.8677 65.0000 3 M747
138.4669 25.0000 3 M752
389.8587 322.0000 3 M712
54.9715 53.0000 3 M749
243.5607 85.0000 4 M745
153.6424 470.0000 5 M691
171.5501 108.0000 5 M742
346.5473 199.0000 4 M731
40.1454 3.0000 1 M763
47.5840 2.0000 1 M766
172.6812 73.0000 2 M756
103.0194 21.0000 3 M764
226.5319 74.0000 1 M758
226.5138 72.0000 3 M759
400.6931 175.0000 7 M746
80.6521 74.0000 3 M760
134.8109 30.0000 4 M767
186.4232 233.0000 3 M739
56.7104 17.0000 1 M770
382.4532 360.0000 10 M722
416.0646 582.0000 4 M695
262.6717 334.0000 4 M730
227.4047 59.0000 1 M769
59.7336 562.0000 3 M699
470.8288 248.0000 4 M743
137.6064 76.0000 1 M768
141.0534 169.0000 2 M755
214.6957 398.0000 3 M725
242.9629 397.0000 3 M727
200.4428 149.0000 2 M761
484.8121 303.0000 4 M741
75.4933 23.0000 3 M780
133.1440 148.0000 6 M762
459.1681 287.0000 4 M744
68.4668 17.0000 1 M783
216.7826 233.0000 3 M754
162.4165 95.0000 3 M775
513.4002 140.0000 7 M771
62.8409 5.0000 1 M789
295.5717 66.0000 3 M784
259.6077 143.0000 4 M774
236.8330 86.0000 3 M785
48.0919 44.0000 5 M792
101.1080 22.0000 4 M795
190.7598 96.0000 5 M786
176.4379 162.0000 5 M777
145.7295 72.0000 5 M794
80.6840 14.0000 1 M803
242.9753 397.0000 3 M751
174.5254 186.0000 2 M781
436.2325 179.0000 3 M782
41.1486 15.0000 3 M804
317.4912 506.0000 3 M737
176.7606 359.0000 3 M757
14.4891 3.0000 1 M807
159.6482 228.0000 2 M778
133.8379 25.0000 1 M805
130.1833 102.0000 5 M796
83.8494 35.0000 3 M806
13.4058 7.0000 1 M810
92.7747 16.0000 1 M809
94.8033 138.0000 6 M793
127.8374 353.0000 4 M765
361.6816 257.0000 6 M779
20.3963 2.0000 1 M814
122.0850 34.0000 5 M816
153.5340 349.0000 4 M773
226.9876 136.0000 3 M802
201.9062 220.0000 5 M791
97.1477 28.0000 2 M819
319.9034 155.0000 6 M801
392.7125 172.0000 5 M799
291.2049 264.0000 4 M787
117.9145 76.0000 1 M813
123.5306 84.0000 1 M812
181.0723 195.0000 5 M797
236.5477 186.0000 1 M800
121.5970 399.0000 4 M772
131.2847 38.0000 4 M822
180.9272 285.0000 5 M788
248.0185 383.0000 5 M776
246.6620 107.0000 2 M817
14.8151 3.0000 1 M833
182.3311 37.0000 3 M831
62.3645 20.0000 4 M835
179.9659 71.0000 4 M830
195.4162 68.0000 5 M832
143.4895 374.0000 2 M790
72.8283 118.0000 6 M827
526.8488 175.0000 5 M820
354.1854 165.0000 1 M823
120.0239 31.0000 4 M841
556.7353 272.0000 4 M808
263.5547 257.0000 4 M811
54.0597 19.0000 2 M844
80.7000 47.0000 4 M843
43.6489 20.0000 2 M847
110.1830 34.0000 5 M845
249.2950 401.0000 3 M798
144.4391 26.0000 2 M850
58.7341 4.0000 2 M854
285.8206 126.0000 3 M837
93.3043 34.0000 3 M853
143.5402 39.0000 2 M852
569.6618 324.0000 2 M815
16.7914 9.0000 1 M860
114.8101 109.0000 3 M846
443.7465 277.0000 2 M824
677.1583 265.0000 3 M826
201.2114 47.0000 3 M857
117.1680 69.0000 3 M855
512.9771 175.0000 5 M840
460.1280 226.0000 4 M834
387.0687 349.0000 5 M818
529.6532 298.0000 1 M825
503.8715 273.0000 2 M829
26.9723 2.0000 1 M867
375.7503 211.0000 2 M842
610.2719 249.0000 3 M838
215.2964 390.0000 4 M821
132.6881 28.0000 3 M871
338.1091 147.0000 2 M856
91.7930 13.0000 2 M875
39.3222 9.0000 2 M877
59.9215 5.0000 2 M881
161.1472 87.0000 3 M870
214.3463 160.0000 5 M861
441.8114 318.0000 5 M839
228.9528 153.0000 5 M863
210.6141 119.0000 5 M869
497.4236 251.0000 6 M851
248.0406 95.0000 2 M873
353.2746 155.0000 5 M865
412.7090 280.0000 4 M848
334.4255 168.0000 5 M864
54.0179 226.0000 2 M858
341.6846 82.0000 3 M882
255.9522 249.0000 4 M859
289.0933 321.0000 5 M849
48.5799 23.0000 4 M891
87.9250 9.0000 3 M893
101.6495 118.0000 3 M886
409.3777 134.0000 1 M884
292.9947 248.0000 1 M868
159.4652 77.0000 3 M894
109.1660 73.0000 2 M895
96.2183 15.0000 2 M903
430.0792 237.0000 1 M874
273.1105 334.0000 4 M862
418.3142 155.0000 2 M888
243.0524 522.0000 2 M836
139.4812 335.0000 4 M866
313.7959 126.0000 2 M896
510.9124 615.0000 5 M828
225.5334 91.0000 1 M901
144.0143 57.0000 3 M907
130.3656 37.0000 6 M911
62.8390 18.0000 2 M915
222.2223 59.0000 1 M910
71.0809 18.0000 2 M916
217.5710 228.0000 3 M887
427.0859 254.0000 2 M885
211.1145 233.0000 3 M889
109.4250 17.0000 2 M919
319.5158 335.0000 4 M876
285.2138 110.0000 5 M909
75.3333 11.0000 4 M924
464.6293 163.0000 5 M904
26.4080 10.0000 1 M926
186.7400 103.0000 1 M914
31.3589 2.0000 1 M928
274.8503 262.0000 3 M892
214.3742 349.0000 7 M883
375.8331 374.0000 5 M880
488.0537 429.0000 4 M872
180.5276 116.0000 2 M917
221.6873 392.0000 5 M878
22.3657 8.0000 2 M933
402.1584 196.0000 1 M908
41.7717 3.0000 1 M939
441.0857 146.0000 6 M920
259.5459 134.0000 4 M922
357.2597 274.0000 5 M902
141.1119 43.0000 2 M936
545.2944 321.0000 2 M897
66.5488 13.0000 3 M941
736.0497 211.0000 7 M913
340.5518 97.0000 3 M929
29.1354 2.0000 1 M944
178.0123 35.0000 4 M940
181.9046 280.0000 5 M905
163.9516 51.0000 3 M938
21.8090 10.0000 2 M945
190.8545 474.0000 3 M879
311.5989 331.0000 4 M899
92.1431 40.0000 2 M942
277.8181 71.0000 2 M937
46.1791 14.0000 1 M947
256.0902 179.0000 1 M925
110.5073 354.0000 7 M900
434.1187 434.0000 5 M890
209.6830 149.0000 5 M930
297.6984 377.0000 6 M898
236.4937 51.0000 5 M949
366.3174 264.0000 5 M918
583.5346 169.0000 6 M932
159.4175 188.0000 5 M931
231.4522 52.0000 5 M952
224.1337 254.0000 3 M923
242.6099 51.0000 4 M954
225.0154 392.0000 1 M906
139.7860 33.0000 2 M957
25.8820 3.0000 1 M964
104.3364 32.0000 3 M962
183.7985 30.0000 4 M963
134.1149 178.0000 4 M943
56.0950 23.0000 4 M966
384.9174 307.0000 2 M927
262.4675 65.0000 8 M961
26.1694 2.0000 1 M977
224.9204 226.0000 9 M946
203.7811 75.0000 5 M967
227.5340 78.0000 1 M969
653.7037 496.0000 4 M912
172.2893 53.0000 1 M978
250.4696 80.0000 1 M975
268.0449 112.0000 3 M970
156.3033 31.0000 3 M983
158.5692 267.0000 4 M951
69.3275 11.0000 3 M987
231.1618 48.0000 3 M982
188.2942 218.0000 3 M958
210.0151 84.0000 3 M979
311.7171 313.0000 9 M948
376.5565 407.0000 3 M934
202.3216 239.0000 3 M959
360.5831 204.0000 3 M965
419.4453 280.0000 4 M956
167.6828 190.0000 2 M972
269.1978 363.0000 5 M950
223.4188 148.0000 4 M980
170.4691 49.0000 4 M994
75.9010 29.0000 3 M997
77.4362 38.0000 3 M996
34.6153 21.0000 1 M999
271.0586 95.0000 5 M990
230.6597 348.0000 3 M955
247.4429 509.0000 5 M935
250.6059 618.0000 2 M921
348.8092 166.0000 4 M986
332.6759 102.0000 5 M998
530.5395 429.0000 5 M953
130.3272 25.0000 2 M1011
161.4505 66.0000 3 M1006
69.8279 18.0000 1 M1013
470.5077 223.0000 2 M984
173.9439 116.0000 3 M1001
387.6555 64.0000 6 M1009
60.5425 15.0000 2 M1016
332.7598 409.0000 3 M960
385.1595 319.0000 4 M974
45.7313 15.0000 2 M1018
624.4379 229.0000 3 M989
110.4774 73.0000 5 M1012
321.9407 217.0000 3 M993
54.4143 41.0000 4 M1024
309.9581 162.0000 3 M1008
67.3926 21.0000 4 M1028
172.8506 49.0000 3 M1026
245.3214 278.0000 5 M995
155.4519 303.0000 4 M992
159.2833 110.0000 5 M1022
469.6301 353.0000 4 M988
213.8617 146.0000 4 M1017
614.7275 403.0000 1 M981
80.3740 40.0000 5 M1033
416.1534 258.0000 3 M1004
129.8797 29.0000 2 M1036
487.6409 195.0000 1 M1014
241.6996 302.0000 4 M1000
181.2487 29.0000 4 M1039
78.5504 15.0000 3 M1043
38.4951 2.0000 1 M1045
285.7333 305.0000 5 M1005
0.3416 3.0000 1 M1048
290.9983 411.0000 6 M991
217.0822 539.0000 2 M973
191.4571 189.0000 2 M1023
248.3977 557.0000 3 M971
292.3778 100.0000 5 M1037
176.0503 226.0000 3 M1020
8.2262 5.0000 1 M1052
430.7773 552.0000 2 M976
162.9253 332.0000 2 M1007
576.1298 217.0000 4 M1025
250.3207 53.0000 3 M1049
208.3530 74.0000 3 M1046
31.1494 4.0000 1 M1057
77.7746 203.0000 2 M1030
37.7332 3.0000 1 M1059
66.8926 170.0000 2 M1035
255.9027 75.0000 2 M1051
279.0812 427.0000 3 M1002
248.7551 669.0000 3 M968
267.3731 130.0000 3 M1044
314.5831 341.0000 3 M1021
340.1703 381.0000 5 M1015
234.5722 103.0000 4 M1055
205.2688 63.0000 7 M1062
70.9195 14.0000 4 M1069
37.6861 3.0000 1 M1073
265.5718 76.0000 4 M1064
400.9942 283.0000 3 M1034
257.9962 631.0000 4 M985
435.6729 256.0000 1 M1038
349.6154 309.0000 5 M1031
220.6205 57.0000 3 M1067
507.2329 255.0000 3 M1041
425.8392 486.0000 3 M1010
159.7634 31.0000 3 M1076
197.2861 557.0000 4 M1003
92.6963 445.0000 4 M1019
179.0970 163.0000 3 M1060
311.1778 293.0000 4 M1042
201.7675 163.0000 2 M1063
103.7729 49.0000 4 M1079
256.8148 86.0000 7 M1074
94.7616 25.0000 4 M1084
201.7599 229.0000 2 M1056
242.0662 436.0000 2 M1027
218.0438 54.0000 6 M1081
290.9139 312.0000 5 M1047
72.1701 40.0000 5 M1087
233.3907 161.0000 2 M1071
493.7348 207.0000 3 M1065
80.9691 40.0000 1 M1089
183.2436 75.0000 2 M1085
126.6323 101.0000 1 M1082
317.0873 469.0000 2 M1032
270.2189 235.0000 4 M1066
224.0962 142.0000 4 M1080
47.4457 7.0000 1 M1101
424.4720 323.0000 2 M1058
206.1062 136.0000 2 M1086
133.0186 75.0000 3 M1094
162.3874 101.0000 4 M1091
278.6941 546.0000 4 M1029
234.5430 374.0000 5 M1054
410.0608 229.0000 5 M1075
218.1188 119.0000 3 M1092
191.4145 232.0000 3 M1078
70.3846 504.0000 3 M1040
150.2474 299.0000 3 M1070
93.6328 18.0000 2 M1110
153.1611 38.0000 2 M1108
156.2914 478.0000 5 M1050
155.0510 164.0000 2 M1095
36.0610 357.0000 4 M1068
61.4512 31.0000 3 M1114
258.3300 202.0000 5 M1090
276.5455 231.0000 4 M1088
106.4947 25.0000 4 M1118
260.9659 278.0000 7 M1083
239.2720 127.0000 3 M1106
248.7783 369.0000 4 M1072
440.1941 143.0000 3 M1104
268.5968 100.0000 3 M1111
26.7501 20.0000 2 M1124
63.9015 12.0000 1 M1126
286.4063 152.0000 3 M1105
370.3449 237.0000 3 M1093
393.8276 150.0000 2 M1109
397.1825 165.0000 2 M1107
62.0440 151.0000 2 M1112
212.6380 109.0000 3 M1121
32.1719 7.0000 1 M1138
406.7752 311.0000 3 M1096
142.9951 60.0000 5 M1132
232.3021 559.0000 3 M1061
505.3736 274.0000 5 M1102
293.1355 449.0000 3 M1077
185.5349 64.0000 3 M1133
484.2128 276.0000 4 M1103
279.1238 324.0000 6 M1097
137.5665 117.0000 6 M1128
45.0050 7.0000 2 M1146
142.1831 222.0000 2 M1117
559.0512 677.0000 3 M1053
1.4893 11.0000 2 M1149
456.7808 226.0000 4 M1120
658.4888 375.0000 4 M1099
205.6664 87.0000 4 M1145
50.4601 6.0000 1 M1157
343.7288 238.0000 4 M1125
232.5753 68.0000 2 M1151
31.2025 9.0000 1 M1160
414.4046 290.0000 4 M1119
435.4694 271.0000 3 M1123
185.8295 442.0000 6 M1098
99.7130 325.0000 4 M1116
394.2542 243.0000 5 M1129
187.5764 442.0000 2 M1100
229.1626 85.0000 2 M1153
113.8419 265.0000 3 M1127
56.0034 12.0000 2 M1165
127.5465 313.0000 3 M1122
139.6777 240.0000 6 M1136
384.0096 124.0000 8 M1156
477.3937 255.0000 2 M1137
390.6459 135.0000 2 M1155
40.9444 11.0000 1 M1173
287.2026 183.0000 6 M1150
204.3016 199.0000 3 M1148
152.1496 246.0000 9 M1144
407.2459 314.0000 5 M1134
317.3647 116.0000 4 M1164
199.6156 33.0000 4 M1176
143.3820 140.0000 2 M1162
259.0155 109.0000 2 M1167
367.7710 372.0000 4 M1130
54.9238 15.0000 1 M1180
364.5896 319.0000 6 M1140
11.2208 3.0000 1 M1184
394.7012 277.0000 5 M1147
65.9396 26.0000 3 M1181
82.3164 26.0000 2 M1182
600.2081 336.0000 2 M1139
223.2897 118.0000 3 M1170
250.6586 323.0000 5 M1142
13.7368 2.0000 1 M1187
187.7978 72.0000 7 M1178
120.3826 128.0000 3 M1171
313.7152 146.0000 7 M1169
105.4059 258.0000 5 M1154
173.8257 174.0000 4 M1166
223.2181 75.0000 2 M1179
236.7530 167.0000 2 M1168
149.5870 38.0000 3 M1186
61.6906 22.0000 1 M1189
58.4136 8.0000 2 M1192
432.6473 414.0000 3 M1135
252.4292 63.0000 3 M1185
253.8185 179.0000 4 M1172
240.3962 392.0000 7 M1143
54.6260 4.0000 1 M1197
145.3924 32.0000 3 M1194
180.2727 40.0000 3 M1195
207.4211 90.0000 4 M1188
151.6384 131.0000 5 M1183
78.0867 28.0000 1 M1199
58.4072 55.0000 4 M1196
17.3499 4.0000 1 M1202
469.3553 188.0000 3 M1177
302.7245 383.0000 4 M1152
173.3212 649.0000 3 M1113
75.4411 465.0000 2 M1141
515.1003 639.0000 3 M1115
661.4861 342.0000 5 M1159
37.8293 13.0000 2 M1205
61.0813 17.0000 2 M1206
104.7319 65.0000 1 M1200
262.8824 66.0000 3 M1203
245.1509 299.0000 3 M1174
533.0144 312.0000 3 M1175
187.3106 430.0000 3 M1161
300.5111 452.0000 6 M1158
114.8750 89.0000 2 M1209
400.9740 144.0000 3 M1201
176.2823 103.0000 5 M1208
8.6811 22.0000 2 M1220
158.7948 38.0000 5 M1218
375.9502 237.0000 2 M1193
301.7881 262.0000 3 M1190
107.1602 25.0000 3 M1224
443.0795 468.0000 2 M1163
63.4434 7.0000 3 M1231
374.0870 719.0000 4 M1131
10.5164 9.0000 1 M1233
289.5308 72.0000 6 M1226
119.4752 68.0000 3 M1227
178.7900 165.0000 3 M1214
229.7714 96.0000 7 M1223
127.3737 220.0000 3 M1207
139.4809 123.0000 3 M1221
150.8591 37.0000 4 M1235
81.2097 27.0000 3 M1237
27.0399 3.0000 1 M1242
276.3970 218.0000 5 M1213
94.1342 21.0000 2 M1244
148.6180 64.0000 2 M1238
528.9081 251.0000 4 M1212
43.3721 9.0000 1 M1247
28.4245 7.0000 1 M1248
227.3056 273.0000 3 M1210
279.2749 177.0000 4 M1225
278.8187 89.0000 3 M1240
86.6360 28.0000 3 M1250
217.6290 240.0000 3 M1219
13.7153 2.0000 1 M1255
195.3554 465.0000 3 M1191
300.9502 88.0000 4 M1245
163.6934 416.0000 7 M1198
231.0446 117.0000 2 M1241
16.4770 17.0000 1 M1257
252.7298 289.0000 2 M1217
33.2698 2.0000 1 M1261
201.7259 81.0000 2 M1253
228.1374 78.0000 5 M1254
540.1368 423.0000 2 M1204
152.6760 383.0000 3 M1211
200.2077 361.0000 5 M1215
143.4906 129.0000 3 M1251
130.4876 56.0000 6 M1262
84.8642 75.0000 2 M1260
22.5763 9.0000 2 M1270
79.4816 141.0000 4 M1252
208.2665 234.0000 8 M1239
70.8211 168.0000 3 M1249
321.0906 103.0000 3 M1259
446.1590 285.0000 3 M1232
26.4063 2.0000 1 M1277
500.2739 249.0000 4 M1243
207.4589 432.0000 7 M1222
408.0303 491.0000 5 M1216
143.7902 156.0000 1 M1265
257.1849 368.0000 3 M1236
132.7888 87.0000 8 M1276
143.1218 15.0000 3 M1286
92.8875 69.0000 5 M1281
20.8862 4.0000 1 M1296
183.1280 84.0000 3 M1285
176.8845 45.0000 4 M1291
182.6743 64.0000 3 M1289
217.9598 203.0000 3 M1271
125.8661 12.0000 3 M1298
665.6817 321.0000 5 M1258
624.8797 255.0000 2 M1267
181.9578 57.0000 1 M1295
670.8525 287.0000 4 M1263
190.8922 488.0000 4 M1234
262.6920 281.0000 6 M1264
205.7497 80.0000 3 M1293
205.2258 169.0000 2 M1280
437.0199 355.0000 6 M1256
98.7771 49.0000 4 M1299
56.0187 11.0000 1 M1304
197.4605 556.0000 2 M1228
361.3709 287.0000 4 M1268
422.6108 273.0000 3 M1272
590.8081 321.0000 2 M1266
189.8191 110.0000 1 M1297
277.1769 278.0000 3 M1273
394.6453 586.0000 2 M1229
251.2581 482.0000 4 M1246
175.7885 100.0000 10 M1301
217.8838 118.0000 4 M1300
80.3859 13.0000 4 M1315
340.4387 100.0000 10 M1303
532.2858 235.0000 3 M1287
350.5992 206.0000 3 M1292
49.1807 2.0000 1 M1321
191.2704 393.0000 4 M1269
309.7914 288.0000 6 M1283
279.9695 283.0000 4 M1284
139.7494 119.0000 3 M1307
120.8711 35.0000 2 M1319
299.4906 79.0000 2 M1314
99.1047 12.0000 3 M1323
441.9939 371.0000 1 M1278
74.5426 14.0000 3 M1328
151.2957 271.0000 2 M1294
150.7443 107.0000 3 M1318
353.0371 189.0000 5 M1311
171.2801 201.0000 6 M1310
479.8160 770.0000 1 M1230
37.4469 8.0000 2 M1338
153.8162 371.0000 2 M1288
71.7701 21.0000 4 M1337
190.4794 465.0000 4 M1275
54.8644 21.0000 4 M1339
111.9147 57.0000 7 M1335
107.2414 394.0000 4 M1290
564.4781 232.0000 1 M1312
30.5637 8.0000 2 M1346
313.7898 198.0000 3 M1320
158.6713 52.0000 5 M1342
80.2134 38.0000 3 M1344
207.4315 128.0000 3 M1332
174.2262 251.0000 4 M1317
348.2045 536.0000 8 M1279
324.7614 353.0000 3 M1306
220.1413 385.0000 3 M1302
86.0158 47.0000 3 M1350
259.4452 162.0000 2 M1334
262.1850 241.0000 4 M1324
400.0586 357.0000 3 M1309
569.4022 208.0000 3 M1331
566.1801 198.0000 4 M1333
209.8145 51.0000 4 M1355
275.4048 579.0000 7 M1282
611.0620 356.0000 3 M1313
181.6937 30.0000 4 M1361
167.7215 111.0000 3 M1353
113.1201 146.0000 3 M1349
71.4774 68.0000 3 M1360
3.9111 3.0000 1 M1369
144.1356 235.0000 4 M1340
262.5754 709.0000 4 M1274
453.7343 463.0000 8 M1308
478.4232 319.0000 3 M1330
173.0496 362.0000 3 M1326
505.6264 349.0000 1 M1329
293.4905 69.0000 9 M1368
298.7960 111.0000 5 M1363
401.4952 532.0000 2 M1305
361.7325 462.0000 3 M1316
210.6727 414.0000 3 M1322
21.4707 5.0000 2 M1379
322.6648 273.0000 2 M1345
547.1677 338.0000 3 M1336
328.2170 399.0000 2 M1327
1.3036 3.0000 1 M1382
634.3603 197.0000 8 M1356
514.8791 226.0000 2 M1354
97.9087 87.0000 5 M1373
274.6182 111.0000 3 M1371
313.4777 145.0000 3 M1367
218.0166 221.0000 5 M1358
421.8083 329.0000 4 M1343
67.8128 11.0000 3 M1386
528.5455 180.0000 6 M1364
596.2807 306.0000 2 M1348
41.7443 19.0000 1 M1387
330.4082 260.0000 3 M1359
194.5002 101.0000 7 M1380
110.5167 33.0000 3 M1389
188.9980 40.0000 3 M1388
344.7606 237.0000 6 M1362
189.7601 68.0000 3 M1385
211.4624 102.0000 3 M1381
480.8265 403.0000 3 M1341
232.3788 154.0000 4 M1376
301.5120 102.0000 4 M1384
629.9333 531.0000 4 M1325
213.3817 65.0000 3 M1391
69.0707 15.0000 2 M1398
344.8933 265.0000 5 M1365
338.6400 184.0000 4 M1377
41.6075 8.0000 1 M1402
430.9104 231.0000 9 M1372
192.8068 72.0000 6 M1394
512.1057 219.0000 2 M1375
22.9618 26.0000 1 M1404
41.3550 20.0000 4 M1406
560.0446 468.0000 7 M1347
185.4736 -1.0000 -1 M1378
67.0150 -1.0000 -1 M1411
335.7295 -1.0000 -1 M1357
267.4231 -1.0000 -1 M1390
293.7364 -1.0000 -1 M1352
346.6963 -1.0000 -1 M1374
349.7894 -1.0000 -1 M1396
336.9962 -1.0000 -1 M1397
298.0886 -1.0000 -1 M1399
113.0620 -1.0000 -1 M1410
242.2005 -1.0000 -1 M1370
302.0530 -1.0000 -1 M1392
296.1385 -1.0000 -1 M1393
121.7722 -1.0000 -1 M1351
177.3016 -1.0000 -1 M1395
327.5553 -1.0000 -1 M1405
410.8177 -1.0000 -1 M1407
315.1845 -1.0000 -1 M1400
528.9049 -1.0000 -1 M1401
426.3971 -1.0000 -1 M1403
413.2543 -1.0000 -1 M1408
308.2981 -1.0000 -1 M1409
288.2074 -1.0000 -1 M1366
333.6815 -1.0000 -1 M1383
