# messageDelay  cumulativeProbability
2.0000 0.0007
2.0000 0.0014
2.0000 0.0021
2.0000 0.0028
2.0000 0.0035
2.0000 0.0043
2.0000 0.0050
2.0000 0.0057
2.0000 0.0064
2.0000 0.0071
2.0000 0.0078
2.0000 0.0085
2.0000 0.0092
3.0000 0.0099
3.0000 0.0106
3.0000 0.0113
3.0000 0.0120
3.0000 0.0128
3.0000 0.0135
3.0000 0.0142
3.0000 0.0149
3.0000 0.0156
3.0000 0.0163
3.0000 0.0170
3.0000 0.0177
3.0000 0.0184
3.0000 0.0191
3.0000 0.0198
4.0000 0.0206
4.0000 0.0213
4.0000 0.0220
4.0000 0.0227
4.0000 0.0234
4.0000 0.0241
4.0000 0.0248
4.0000 0.0255
4.0000 0.0262
5.0000 0.0269
5.0000 0.0276
5.0000 0.0283
5.0000 0.0291
5.0000 0.0298
6.0000 0.0305
6.0000 0.0312
6.0000 0.0319
6.0000 0.0326
7.0000 0.0333
7.0000 0.0340
7.0000 0.0347
7.0000 0.0354
8.0000 0.0361
8.0000 0.0369
8.0000 0.0376
9.0000 0.0383
9.0000 0.0390
9.0000 0.0397
9.0000 0.0404
10.0000 0.0411
10.0000 0.0418
10.0000 0.0425
11.0000 0.0432
11.0000 0.0439
12.0000 0.0446
12.0000 0.0454
12.0000 0.0461
12.0000 0.0468
12.0000 0.0475
13.0000 0.0482
13.0000 0.0489
13.0000 0.0496
13.0000 0.0503
14.0000 0.0510
14.0000 0.0517
15.0000 0.0524
15.0000 0.0532
16.0000 0.0539
16.0000 0.0546
16.0000 0.0553
17.0000 0.0560
17.0000 0.0567
17.0000 0.0574
17.0000 0.0581
17.0000 0.0588
17.0000 0.0595
17.0000 0.0602
18.0000 0.0609
18.0000 0.0617
18.0000 0.0624
18.0000 0.0631
18.0000 0.0638
18.0000 0.0645
20.0000 0.0652
20.0000 0.0659
20.0000 0.0666
20.0000 0.0673
20.0000 0.0680
20.0000 0.0687
20.0000 0.0695
21.0000 0.0702
21.0000 0.0709
22.0000 0.0716
22.0000 0.0723
22.0000 0.0730
23.0000 0.0737
24.0000 0.0744
24.0000 0.0751
24.0000 0.0758
25.0000 0.0765
25.0000 0.0773
25.0000 0.0780
25.0000 0.0787
26.0000 0.0794
26.0000 0.0801
26.0000 0.0808
26.0000 0.0815
27.0000 0.0822
27.0000 0.0829
27.0000 0.0836
27.0000 0.0843
27.0000 0.0850
28.0000 0.0858
29.0000 0.0865
29.0000 0.0872
29.0000 0.0879
29.0000 0.0886
29.0000 0.0893
30.0000 0.0900
31.0000 0.0907
31.0000 0.0914
31.0000 0.0921
32.0000 0.0928
32.0000 0.0936
33.0000 0.0943
33.0000 0.0950
33.0000 0.0957
33.0000 0.0964
33.0000 0.0971
33.0000 0.0978
34.0000 0.0985
34.0000 0.0992
34.0000 0.0999
34.0000 0.1006
35.0000 0.1013
36.0000 0.1021
37.0000 0.1028
37.0000 0.1035
38.0000 0.1042
38.0000 0.1049
38.0000 0.1056
39.0000 0.1063
39.0000 0.1070
40.0000 0.1077
40.0000 0.1084
41.0000 0.1091
41.0000 0.1099
41.0000 0.1106
42.0000 0.1113
42.0000 0.1120
42.0000 0.1127
42.0000 0.1134
43.0000 0.1141
43.0000 0.1148
43.0000 0.1155
43.0000 0.1162
43.0000 0.1169
44.0000 0.1176
44.0000 0.1184
45.0000 0.1191
45.0000 0.1198
45.0000 0.1205
46.0000 0.1212
46.0000 0.1219
46.0000 0.1226
47.0000 0.1233
48.0000 0.1240
48.0000 0.1247
49.0000 0.1254
50.0000 0.1262
50.0000 0.1269
50.0000 0.1276
50.0000 0.1283
50.0000 0.1290
51.0000 0.1297
51.0000 0.1304
51.0000 0.1311
51.0000 0.1318
52.0000 0.1325
52.0000 0.1332
52.0000 0.1339
52.0000 0.1347
52.0000 0.1354
52.0000 0.1361
53.0000 0.1368
53.0000 0.1375
53.0000 0.1382
53.0000 0.1389
56.0000 0.1396
56.0000 0.1403
56.0000 0.1410
59.0000 0.1417
59.0000 0.1425
59.0000 0.1432
59.0000 0.1439
60.0000 0.1446
61.0000 0.1453
62.0000 0.1460
62.0000 0.1467
63.0000 0.1474
64.0000 0.1481
64.0000 0.1488
65.0000 0.1495
65.0000 0.1502
66.0000 0.1510
66.0000 0.1517
68.0000 0.1524
69.0000 0.1531
69.0000 0.1538
71.0000 0.1545
71.0000 0.1552
72.0000 0.1559
73.0000 0.1566
73.0000 0.1573
74.0000 0.1580
76.0000 0.1588
76.0000 0.1595
76.0000 0.1602
76.0000 0.1609
77.0000 0.1616
78.0000 0.1623
78.0000 0.1630
79.0000 0.1637
80.0000 0.1644
80.0000 0.1651
81.0000 0.1658
82.0000 0.1665
82.0000 0.1673
82.0000 0.1680
83.0000 0.1687
84.0000 0.1694
84.0000 0.1701
84.0000 0.1708
84.0000 0.1715
85.0000 0.1722
87.0000 0.1729
87.0000 0.1736
87.0000 0.1743
87.0000 0.1751
87.0000 0.1758
87.0000 0.1765
87.0000 0.1772
88.0000 0.1779
88.0000 0.1786
89.0000 0.1793
89.0000 0.1800
90.0000 0.1807
90.0000 0.1814
91.0000 0.1821
92.0000 0.1828
93.0000 0.1836
93.0000 0.1843
94.0000 0.1850
95.0000 0.1857
96.0000 0.1864
96.0000 0.1871
97.0000 0.1878
97.0000 0.1885
97.0000 0.1892
98.0000 0.1899
99.0000 0.1906
99.0000 0.1914
100.0000 0.1921
101.0000 0.1928
101.0000 0.1935
101.0000 0.1942
102.0000 0.1949
102.0000 0.1956
104.0000 0.1963
104.0000 0.1970
104.0000 0.1977
105.0000 0.1984
105.0000 0.1991
105.0000 0.1999
105.0000 0.2006
106.0000 0.2013
106.0000 0.2020
107.0000 0.2027
107.0000 0.2034
107.0000 0.2041
108.0000 0.2048
108.0000 0.2055
108.0000 0.2062
111.0000 0.2069
111.0000 0.2077
112.0000 0.2084
112.0000 0.2091
113.0000 0.2098
113.0000 0.2105
113.0000 0.2112
115.0000 0.2119
115.0000 0.2126
115.0000 0.2133
116.0000 0.2140
116.0000 0.2147
117.0000 0.2155
117.0000 0.2162
117.0000 0.2169
118.0000 0.2176
118.0000 0.2183
119.0000 0.2190
119.0000 0.2197
120.0000 0.2204
121.0000 0.2211
121.0000 0.2218
121.0000 0.2225
121.0000 0.2232
121.0000 0.2240
122.0000 0.2247
122.0000 0.2254
122.0000 0.2261
123.0000 0.2268
124.0000 0.2275
126.0000 0.2282
126.0000 0.2289
127.0000 0.2296
127.0000 0.2303
128.0000 0.2310
129.0000 0.2318
129.0000 0.2325
129.0000 0.2332
129.0000 0.2339
129.0000 0.2346
129.0000 0.2353
129.0000 0.2360
130.0000 0.2367
130.0000 0.2374
130.0000 0.2381
131.0000 0.2388
134.0000 0.2395
134.0000 0.2403
134.0000 0.2410
135.0000 0.2417
135.0000 0.2424
136.0000 0.2431
137.0000 0.2438
138.0000 0.2445
139.0000 0.2452
139.0000 0.2459
139.0000 0.2466
139.0000 0.2473
140.0000 0.2481
140.0000 0.2488
143.0000 0.2495
145.0000 0.2502
146.0000 0.2509
146.0000 0.2516
146.0000 0.2523
148.0000 0.2530
148.0000 0.2537
148.0000 0.2544
149.0000 0.2551
151.0000 0.2558
153.0000 0.2566
153.0000 0.2573
156.0000 0.2580
156.0000 0.2587
157.0000 0.2594
157.0000 0.2601
157.0000 0.2608
157.0000 0.2615
157.0000 0.2622
158.0000 0.2629
158.0000 0.2636
159.0000 0.2644
159.0000 0.2651
159.0000 0.2658
161.0000 0.2665
163.0000 0.2672
164.0000 0.2679
164.0000 0.2686
164.0000 0.2693
165.0000 0.2700
166.0000 0.2707
167.0000 0.2714
168.0000 0.2721
168.0000 0.2729
169.0000 0.2736
169.0000 0.2743
169.0000 0.2750
169.0000 0.2757
171.0000 0.2764
171.0000 0.2771
172.0000 0.2778
173.0000 0.2785
173.0000 0.2792
174.0000 0.2799
175.0000 0.2807
177.0000 0.2814
177.0000 0.2821
177.0000 0.2828
178.0000 0.2835
178.0000 0.2842
179.0000 0.2849
180.0000 0.2856
181.0000 0.2863
181.0000 0.2870
181.0000 0.2877
182.0000 0.2884
182.0000 0.2892
183.0000 0.2899
184.0000 0.2906
184.0000 0.2913
184.0000 0.2920
186.0000 0.2927
186.0000 0.2934
186.0000 0.2941
187.0000 0.2948
188.0000 0.2955
188.0000 0.2962
189.0000 0.2970
189.0000 0.2977
190.0000 0.2984
190.0000 0.2991
190.0000 0.2998
191.0000 0.3005
191.0000 0.3012
191.0000 0.3019
191.0000 0.3026
191.0000 0.3033
194.0000 0.3040
194.0000 0.3047
194.0000 0.3055
194.0000 0.3062
195.0000 0.3069
195.0000 0.3076
195.0000 0.3083
195.0000 0.3090
196.0000 0.3097
199.0000 0.3104
200.0000 0.3111
201.0000 0.3118
201.0000 0.3125
201.0000 0.3133
203.0000 0.3140
203.0000 0.3147
204.0000 0.3154
205.0000 0.3161
208.0000 0.3168
211.0000 0.3175
212.0000 0.3182
214.0000 0.3189
216.0000 0.3196
217.0000 0.3203
218.0000 0.3210
219.0000 0.3218
220.0000 0.3225
220.0000 0.3232
221.0000 0.3239
222.0000 0.3246
223.0000 0.3253
224.0000 0.3260
225.0000 0.3267
226.0000 0.3274
226.0000 0.3281
226.0000 0.3288
227.0000 0.3296
228.0000 0.3303
228.0000 0.3310
228.0000 0.3317
232.0000 0.3324
233.0000 0.3331
234.0000 0.3338
234.0000 0.3345
235.0000 0.3352
236.0000 0.3359
240.0000 0.3366
240.0000 0.3373
241.0000 0.3381
241.0000 0.3388
241.0000 0.3395
241.0000 0.3402
242.0000 0.3409
248.0000 0.3416
248.0000 0.3423
248.0000 0.3430
249.0000 0.3437
250.0000 0.3444
252.0000 0.3451
254.0000 0.3459
256.0000 0.3466
258.0000 0.3473
258.0000 0.3480
259.0000 0.3487
260.0000 0.3494
261.0000 0.3501
261.0000 0.3508
262.0000 0.3515
263.0000 0.3522
265.0000 0.3529
265.0000 0.3536
266.0000 0.3544
267.0000 0.3551
268.0000 0.3558
271.0000 0.3565
271.0000 0.3572
272.0000 0.3579
272.0000 0.3586
275.0000 0.3593
277.0000 0.3600
278.0000 0.3607
278.0000 0.3614
278.0000 0.3622
280.0000 0.3629
281.0000 0.3636
282.0000 0.3643
283.0000 0.3650
285.0000 0.3657
286.0000 0.3664
286.0000 0.3671
291.0000 0.3678
291.0000 0.3685
292.0000 0.3692
292.0000 0.3700
293.0000 0.3707
294.0000 0.3714
297.0000 0.3721
297.0000 0.3728
297.0000 0.3735
298.0000 0.3742
298.0000 0.3749
299.0000 0.3756
300.0000 0.3763
301.0000 0.3770
302.0000 0.3777
303.0000 0.3785
307.0000 0.3792
308.0000 0.3799
312.0000 0.3806
312.0000 0.3813
312.0000 0.3820
313.0000 0.3827
315.0000 0.3834
317.0000 0.3841
318.0000 0.3848
320.0000 0.3855
321.0000 0.3863
322.0000 0.3870
323.0000 0.3877
325.0000 0.3884
326.0000 0.3891
327.0000 0.3898
330.0000 0.3905
331.0000 0.3912
332.0000 0.3919
332.0000 0.3926
334.0000 0.3933
336.0000 0.3940
337.0000 0.3948
338.0000 0.3955
339.0000 0.3962
340.0000 0.3969
340.0000 0.3976
346.0000 0.3983
347.0000 0.3990
351.0000 0.3997
352.0000 0.4004
353.0000 0.4011
354.0000 0.4018
357.0000 0.4026
357.0000 0.4033
359.0000 0.4040
360.0000 0.4047
362.0000 0.4054
363.0000 0.4061
364.0000 0.4068
365.0000 0.4075
366.0000 0.4082
366.0000 0.4089
366.0000 0.4096
368.0000 0.4103
369.0000 0.4111
371.0000 0.4118
372.0000 0.4125
374.0000 0.4132
375.0000 0.4139
375.0000 0.4146
377.0000 0.4153
377.0000 0.4160
379.0000 0.4167
379.0000 0.4174
380.0000 0.4181
383.0000 0.4189
384.0000 0.4196
384.0000 0.4203
385.0000 0.4210
388.0000 0.4217
390.0000 0.4224
391.0000 0.4231
393.0000 0.4238
393.0000 0.4245
393.0000 0.4252
394.0000 0.4259
398.0000 0.4266
399.0000 0.4274
404.0000 0.4281
405.0000 0.4288
405.0000 0.4295
409.0000 0.4302
410.0000 0.4309
410.0000 0.4316
410.0000 0.4323
413.0000 0.4330
413.0000 0.4337
414.0000 0.4344
417.0000 0.4352
419.0000 0.4359
419.0000 0.4366
419.0000 0.4373
423.0000 0.4380
423.0000 0.4387
424.0000 0.4394
425.0000 0.4401
426.0000 0.4408
429.0000 0.4415
430.0000 0.4422
432.0000 0.4429
432.0000 0.4437
432.0000 0.4444
433.0000 0.4451
433.0000 0.4458
434.0000 0.4465
434.0000 0.4472
437.0000 0.4479
438.0000 0.4486
438.0000 0.4493
441.0000 0.4500
445.0000 0.4507
445.0000 0.4515
447.0000 0.4522
447.0000 0.4529
447.0000 0.4536
448.0000 0.4543
449.0000 0.4550
454.0000 0.4557
466.0000 0.4564
467.0000 0.4571
468.0000 0.4578
469.0000 0.4585
472.0000 0.4592
474.0000 0.4600
479.0000 0.4607
480.0000 0.4614
480.0000 0.4621
482.0000 0.4628
482.0000 0.4635
483.0000 0.4642
484.0000 0.4649
486.0000 0.4656
486.0000 0.4663
486.0000 0.4670
488.0000 0.4678
489.0000 0.4685
489.0000 0.4692
489.0000 0.4699
495.0000 0.4706
496.0000 0.4713
498.0000 0.4720
499.0000 0.4727
500.0000 0.4734
500.0000 0.4741
501.0000 0.4748
502.0000 0.4755
510.0000 0.4763
511.0000 0.4770
512.0000 0.4777
513.0000 0.4784
516.0000 0.4791
516.0000 0.4798
517.0000 0.4805
523.0000 0.4812
524.0000 0.4819
524.0000 0.4826
524.0000 0.4833
527.0000 0.4841
528.0000 0.4848
528.0000 0.4855
529.0000 0.4862
531.0000 0.4869
531.0000 0.4876
533.0000 0.4883
541.0000 0.4890
541.0000 0.4897
542.0000 0.4904
544.0000 0.4911
545.0000 0.4918
547.0000 0.4926
548.0000 0.4933
551.0000 0.4940
553.0000 0.4947
555.0000 0.4954
555.0000 0.4961
559.0000 0.4968
560.0000 0.4975
565.0000 0.4982
569.0000 0.4989
571.0000 0.4996
573.0000 0.5004
576.0000 0.5011
576.0000 0.5018
576.0000 0.5025
580.0000 0.5032
582.0000 0.5039
583.0000 0.5046
583.0000 0.5053
584.0000 0.5060
585.0000 0.5067
586.0000 0.5074
588.0000 0.5082
592.0000 0.5089
596.0000 0.5096
596.0000 0.5103
598.0000 0.5110
600.0000 0.5117
601.0000 0.5124
604.0000 0.5131
608.0000 0.5138
611.0000 0.5145
614.0000 0.5152
623.0000 0.5159
624.0000 0.5167
631.0000 0.5174
631.0000 0.5181
634.0000 0.5188
636.0000 0.5195
639.0000 0.5202
640.0000 0.5209
641.0000 0.5216
642.0000 0.5223
643.0000 0.5230
649.0000 0.5237
649.0000 0.5245
649.0000 0.5252
659.0000 0.5259
659.0000 0.5266
660.0000 0.5273
661.0000 0.5280
661.0000 0.5287
667.0000 0.5294
668.0000 0.5301
669.0000 0.5308
678.0000 0.5315
679.0000 0.5322
681.0000 0.5330
682.0000 0.5337
683.0000 0.5344
687.0000 0.5351
687.0000 0.5358
697.0000 0.5365
698.0000 0.5372
699.0000 0.5379
702.0000 0.5386
703.0000 0.5393
704.0000 0.5400
714.0000 0.5408
718.0000 0.5415
723.0000 0.5422
729.0000 0.5429
734.0000 0.5436
741.0000 0.5443
742.0000 0.5450
742.0000 0.5457
744.0000 0.5464
747.0000 0.5471
753.0000 0.5478
755.0000 0.5485
763.0000 0.5493
770.0000 0.5500
770.0000 0.5507
771.0000 0.5514
772.0000 0.5521
776.0000 0.5528
778.0000 0.5535
781.0000 0.5542
788.0000 0.5549
798.0000 0.5556
798.0000 0.5563
802.0000 0.5571
803.0000 0.5578
806.0000 0.5585
813.0000 0.5592
818.0000 0.5599
820.0000 0.5606
833.0000 0.5613
836.0000 0.5620
837.0000 0.5627
848.0000 0.5634
850.0000 0.5641
855.0000 0.5648
856.0000 0.5656
861.0000 0.5663
861.0000 0.5670
864.0000 0.5677
871.0000 0.5684
873.0000 0.5691
875.0000 0.5698
880.0000 0.5705
887.0000 0.5712
892.0000 0.5719
895.0000 0.5726
898.0000 0.5734
913.0000 0.5741
931.0000 0.5748
938.0000 0.5755
940.0000 0.5762
944.0000 0.5769
945.0000 0.5776
957.0000 0.5783
960.0000 0.5790
973.0000 0.5797
984.0000 0.5804
989.0000 0.5811
998.0000 0.5819
1017.0000 0.5826
1018.0000 0.5833
1025.0000 0.5840
1026.0000 0.5847
1027.0000 0.5854
1044.0000 0.5861
1069.0000 0.5868
1077.0000 0.5875
1088.0000 0.5882
1096.0000 0.5889
1113.0000 0.5897
1115.0000 0.5904
1116.0000 0.5911
1125.0000 0.5918
1143.0000 0.5925
1145.0000 0.5932
1166.0000 0.5939
1172.0000 0.5946
1179.0000 0.5953
1180.0000 0.5960
1217.0000 0.5967
1220.0000 0.5974
1252.0000 0.5982
1255.0000 0.5989
1303.0000 0.5996
1332.0000 0.6003
1473.0000 0.6010
1479.0000 0.6017
1539.0000 0.6024
1553.0000 0.6031
1638.0000 0.6038
1865.0000 0.6045
