# time  created  delivered  delivered/created
7.0000 1 0 0.0000
12.0000 1 1 1.0000
16.0000 2 1 0.5000
21.0000 3 1 0.3333
29.0000 4 1 0.2500
37.0000 5 1 0.2000
44.0000 6 1 0.1667
50.0000 7 1 0.1429
58.0000 8 1 0.1250
58.0000 8 2 0.2500
66.0000 9 2 0.2222
71.0000 10 2 0.2000
79.0000 11 2 0.1818
81.0000 11 3 0.2727
81.0000 11 4 0.3636
85.0000 12 4 0.3333
91.0000 13 4 0.3077
97.0000 14 4 0.2857
105.0000 15 4 0.2667
112.0000 16 4 0.2500
121.0000 17 4 0.2353
128.0000 18 4 0.2222
134.0000 19 4 0.2105
141.0000 20 4 0.2000
145.0000 20 5 0.2500
149.0000 21 5 0.2381
155.0000 22 5 0.2273
163.0000 23 5 0.2174
165.0000 23 6 0.2609
167.0000 23 7 0.3043
168.0000 24 7 0.2917
177.0000 25 7 0.2800
182.0000 26 7 0.2692
184.0000 26 8 0.3077
188.0000 27 8 0.2963
193.0000 28 8 0.2857
199.0000 29 8 0.2759
204.0000 30 8 0.2667
213.0000 31 8 0.2581
219.0000 32 8 0.2500
228.0000 33 8 0.2424
235.0000 34 8 0.2353
244.0000 35 8 0.2286
251.0000 36 8 0.2222
253.0000 36 9 0.2500
259.0000 37 9 0.2432
268.0000 38 9 0.2368
276.0000 39 9 0.2308
284.0000 40 9 0.2250
293.0000 41 9 0.2195
294.0000 41 10 0.2439
297.0000 41 11 0.2683
300.0000 42 11 0.2619
305.0000 43 11 0.2558
310.0000 44 11 0.2500
314.0000 44 12 0.2727
315.0000 45 12 0.2667
315.0000 45 13 0.2889
323.0000 46 13 0.2826
330.0000 47 13 0.2766
336.0000 48 13 0.2708
343.0000 49 13 0.2653
349.0000 49 14 0.2857
352.0000 50 14 0.2800
357.0000 51 14 0.2745
364.0000 51 15 0.2941
365.0000 52 15 0.2885
371.0000 53 15 0.2830
378.0000 54 15 0.2778
386.0000 55 15 0.2727
392.0000 56 15 0.2679
399.0000 57 15 0.2632
403.0000 57 16 0.2807
406.0000 58 16 0.2759
406.0000 58 17 0.2931
412.0000 58 18 0.3103
415.0000 59 18 0.3051
420.0000 60 18 0.3000
427.0000 61 18 0.2951
435.0000 62 18 0.2903
438.0000 62 19 0.3065
441.0000 63 19 0.3016
449.0000 64 19 0.2969
451.0000 64 20 0.3125
452.0000 64 21 0.3281
454.0000 65 21 0.3231
462.0000 66 21 0.3182
470.0000 67 21 0.3134
478.0000 68 21 0.3088
487.0000 69 21 0.3043
493.0000 70 21 0.3000
498.0000 71 21 0.2958
507.0000 72 21 0.2917
510.0000 72 22 0.3056
512.0000 73 22 0.3014
519.0000 74 22 0.2973
519.0000 74 23 0.3108
524.0000 75 23 0.3067
526.0000 75 24 0.3200
528.0000 75 25 0.3333
530.0000 75 26 0.3467
533.0000 76 26 0.3421
537.0000 76 27 0.3553
539.0000 77 27 0.3506
541.0000 77 28 0.3636
543.0000 77 29 0.3766
548.0000 78 29 0.3718
555.0000 79 29 0.3671
563.0000 80 29 0.3625
567.0000 80 30 0.3750
572.0000 81 30 0.3704
576.0000 81 31 0.3827
581.0000 82 31 0.3780
590.0000 83 31 0.3735
599.0000 84 31 0.3690
602.0000 84 32 0.3810
606.0000 85 32 0.3765
607.0000 85 33 0.3882
608.0000 85 34 0.4000
615.0000 86 34 0.3953
621.0000 87 34 0.3908
623.0000 87 35 0.4023
627.0000 88 35 0.3977
629.0000 88 36 0.4091
631.0000 88 37 0.4205
633.0000 88 38 0.4318
635.0000 88 39 0.4432
636.0000 89 39 0.4382
639.0000 89 40 0.4494
641.0000 89 41 0.4607
643.0000 90 41 0.4556
647.0000 90 42 0.4667
650.0000 91 42 0.4615
659.0000 92 42 0.4565
665.0000 92 43 0.4674
668.0000 93 43 0.4624
670.0000 93 44 0.4731
676.0000 94 44 0.4681
676.0000 94 45 0.4787
678.0000 94 46 0.4894
679.0000 94 47 0.5000
681.0000 95 47 0.4947
689.0000 96 47 0.4896
694.0000 97 47 0.4845
694.0000 97 48 0.4948
701.0000 98 48 0.4898
701.0000 98 49 0.5000
706.0000 99 49 0.4949
714.0000 100 49 0.4900
721.0000 101 49 0.4851
726.0000 101 50 0.4950
729.0000 102 50 0.4902
733.0000 102 51 0.5000
734.0000 103 51 0.4951
735.0000 103 52 0.5049
741.0000 104 52 0.5000
748.0000 105 52 0.4952
748.0000 105 53 0.5048
752.0000 105 54 0.5143
753.0000 106 54 0.5094
753.0000 106 55 0.5189
761.0000 107 55 0.5140
766.0000 107 56 0.5234
769.0000 108 56 0.5185
773.0000 108 57 0.5278
774.0000 109 57 0.5229
775.0000 109 58 0.5321
781.0000 110 58 0.5273
788.0000 110 59 0.5364
788.0000 110 60 0.5455
789.0000 111 60 0.5405
794.0000 112 60 0.5357
800.0000 113 60 0.5310
802.0000 113 61 0.5398
804.0000 113 62 0.5487
805.0000 113 63 0.5575
807.0000 114 63 0.5526
809.0000 114 64 0.5614
812.0000 114 65 0.5702
815.0000 115 65 0.5652
820.0000 115 66 0.5739
821.0000 116 66 0.5690
824.0000 116 67 0.5776
826.0000 117 67 0.5726
826.0000 117 68 0.5812
833.0000 117 69 0.5897
834.0000 118 69 0.5847
839.0000 119 69 0.5798
843.0000 119 70 0.5882
848.0000 120 70 0.5833
854.0000 121 70 0.5785
858.0000 121 71 0.5868
863.0000 122 71 0.5820
867.0000 122 72 0.5902
871.0000 123 72 0.5854
871.0000 123 73 0.5935
877.0000 124 73 0.5887
878.0000 124 74 0.5968
883.0000 125 74 0.5920
890.0000 126 74 0.5873
896.0000 127 74 0.5827
900.0000 127 75 0.5906
903.0000 128 75 0.5859
908.0000 129 75 0.5814
914.0000 130 75 0.5769
919.0000 130 76 0.5846
919.0000 130 77 0.5923
921.0000 131 77 0.5878
929.0000 132 77 0.5833
934.0000 133 77 0.5789
935.0000 133 78 0.5865
936.0000 133 79 0.5940
937.0000 133 80 0.6015
941.0000 134 80 0.5970
942.0000 134 81 0.6045
942.0000 134 82 0.6119
943.0000 134 83 0.6194
948.0000 135 83 0.6148
955.0000 136 83 0.6103
958.0000 136 84 0.6176
962.0000 137 84 0.6131
968.0000 138 84 0.6087
974.0000 139 84 0.6043
979.0000 140 84 0.6000
982.0000 140 85 0.6071
982.0000 140 86 0.6143
988.0000 141 86 0.6099
993.0000 142 86 0.6056
998.0000 143 86 0.6014
1003.0000 144 86 0.5972
1012.0000 145 86 0.5931
1019.0000 146 86 0.5890
1025.0000 147 86 0.5850
1032.0000 148 86 0.5811
1034.0000 148 87 0.5878
1040.0000 149 87 0.5839
1041.0000 149 88 0.5906
1045.0000 149 89 0.5973
1047.0000 150 89 0.5933
1056.0000 151 89 0.5894
1065.0000 152 89 0.5855
1073.0000 152 90 0.5921
1074.0000 153 90 0.5882
1076.0000 153 91 0.5948
1081.0000 154 91 0.5909
1090.0000 155 91 0.5871
1090.0000 155 92 0.5935
1096.0000 156 92 0.5897
1101.0000 157 92 0.5860
1108.0000 158 92 0.5823
1116.0000 159 92 0.5786
1123.0000 160 92 0.5750
1126.0000 160 93 0.5813
1129.0000 161 93 0.5776
1132.0000 161 94 0.5839
1133.0000 161 95 0.5901
1134.0000 161 96 0.5963
1136.0000 162 96 0.5926
1143.0000 163 96 0.5890
1143.0000 163 97 0.5951
1152.0000 164 97 0.5915
1158.0000 164 98 0.5976
1159.0000 164 99 0.6037
1160.0000 164 100 0.6098
1161.0000 165 100 0.6061
1170.0000 166 100 0.6024
1171.0000 166 101 0.6084
1171.0000 166 102 0.6145
1177.0000 167 102 0.6108
1182.0000 168 102 0.6071
1183.0000 168 103 0.6131
1183.0000 168 104 0.6190
1189.0000 169 104 0.6154
1195.0000 170 104 0.6118
1195.0000 170 105 0.6176
1195.0000 170 106 0.6235
1200.0000 171 106 0.6199
1206.0000 172 106 0.6163
1209.0000 172 107 0.6221
1209.0000 172 108 0.6279
1215.0000 173 108 0.6243
1215.0000 173 109 0.6301
1223.0000 174 109 0.6264
1228.0000 175 109 0.6229
1233.0000 176 109 0.6193
1233.0000 176 110 0.6250
1234.0000 176 111 0.6307
1235.0000 176 112 0.6364
1242.0000 177 112 0.6328
1245.0000 177 113 0.6384
1247.0000 178 113 0.6348
1247.0000 178 114 0.6404
1249.0000 178 115 0.6461
1249.0000 178 116 0.6517
1253.0000 179 116 0.6480
1260.0000 179 117 0.6536
1262.0000 180 117 0.6500
1264.0000 180 118 0.6556
1267.0000 181 118 0.6519
1267.0000 181 119 0.6575
1273.0000 182 119 0.6538
1273.0000 182 120 0.6593
1274.0000 182 121 0.6648
1281.0000 183 121 0.6612
1283.0000 183 122 0.6667
1284.0000 183 123 0.6721
1288.0000 184 123 0.6685
1294.0000 185 123 0.6649
1295.0000 185 124 0.6703
1300.0000 186 124 0.6667
1300.0000 186 125 0.6720
1304.0000 186 126 0.6774
1304.0000 186 127 0.6828
1304.0000 186 128 0.6882
1307.0000 187 128 0.6845
1310.0000 187 129 0.6898
1313.0000 188 129 0.6862
1314.0000 188 130 0.6915
1317.0000 188 131 0.6968
1319.0000 189 131 0.6931
1323.0000 189 132 0.6984
1327.0000 190 132 0.6947
1334.0000 190 133 0.7000
1336.0000 191 133 0.6963
1340.0000 191 134 0.7016
1344.0000 192 134 0.6979
1349.0000 193 134 0.6943
1358.0000 194 134 0.6907
1366.0000 195 134 0.6872
1366.0000 195 135 0.6923
1372.0000 196 135 0.6888
1377.0000 197 135 0.6853
1382.0000 197 136 0.6904
1383.0000 198 136 0.6869
1389.0000 199 136 0.6834
1394.0000 200 136 0.6800
1395.0000 200 137 0.6850
1396.0000 200 138 0.6900
1396.0000 200 139 0.6950
1401.0000 200 140 0.7000
1403.0000 201 140 0.6965
1407.0000 201 141 0.7015
1408.0000 201 142 0.7065
1409.0000 201 143 0.7114
1410.0000 201 144 0.7164
1411.0000 202 144 0.7129
1417.0000 202 145 0.7178
1420.0000 203 145 0.7143
1421.0000 203 146 0.7192
1428.0000 204 146 0.7157
1428.0000 204 147 0.7206
1430.0000 204 148 0.7255
1434.0000 204 149 0.7304
1437.0000 205 149 0.7268
1445.0000 205 150 0.7317
1446.0000 206 150 0.7282
1446.0000 206 151 0.7330
1449.0000 206 152 0.7379
1455.0000 207 152 0.7343
1456.0000 207 153 0.7391
1459.0000 207 154 0.7440
1464.0000 208 154 0.7404
1465.0000 208 155 0.7452
1466.0000 208 156 0.7500
1468.0000 208 157 0.7548
1469.0000 209 157 0.7512
1476.0000 210 157 0.7476
1479.0000 210 158 0.7524
1485.0000 211 158 0.7488
1488.0000 211 159 0.7536
1490.0000 211 160 0.7583
1492.0000 212 160 0.7547
1492.0000 212 161 0.7594
1499.0000 213 161 0.7559
1505.0000 213 162 0.7606
1506.0000 214 162 0.7570
1507.0000 214 163 0.7617
1515.0000 215 163 0.7581
1516.0000 215 164 0.7628
1517.0000 215 165 0.7674
1522.0000 216 165 0.7639
1531.0000 217 165 0.7604
1537.0000 218 165 0.7569
1545.0000 219 165 0.7534
1553.0000 220 165 0.7500
1560.0000 221 165 0.7466
1561.0000 221 166 0.7511
1561.0000 221 167 0.7557
1568.0000 222 167 0.7523
1575.0000 223 167 0.7489
1580.0000 224 167 0.7455
1586.0000 225 167 0.7422
1593.0000 226 167 0.7389
1599.0000 227 167 0.7357
1599.0000 227 168 0.7401
1603.0000 227 169 0.7445
1603.0000 227 170 0.7489
1606.0000 228 170 0.7456
1614.0000 229 170 0.7424
1622.0000 230 170 0.7391
1628.0000 231 170 0.7359
1634.0000 232 170 0.7328
1639.0000 232 171 0.7371
1641.0000 232 172 0.7414
1642.0000 233 172 0.7382
1651.0000 234 172 0.7350
1656.0000 235 172 0.7319
1664.0000 236 172 0.7288
1670.0000 237 172 0.7257
1675.0000 238 172 0.7227
1681.0000 239 172 0.7197
1688.0000 240 172 0.7167
1697.0000 241 172 0.7137
1706.0000 242 172 0.7107
1706.0000 242 173 0.7149
1711.0000 243 173 0.7119
1713.0000 243 174 0.7160
1716.0000 244 174 0.7131
1725.0000 245 174 0.7102
1730.0000 246 174 0.7073
1737.0000 247 174 0.7045
1744.0000 248 174 0.7016
1749.0000 249 174 0.6988
1758.0000 250 174 0.6960
1764.0000 251 174 0.6932
1768.0000 251 175 0.6972
1771.0000 252 175 0.6944
1780.0000 253 175 0.6917
1787.0000 254 175 0.6890
1795.0000 255 175 0.6863
1801.0000 255 176 0.6902
1803.0000 256 176 0.6875
1810.0000 257 176 0.6848
1814.0000 257 177 0.6887
1817.0000 258 177 0.6860
1822.0000 258 178 0.6899
1826.0000 259 178 0.6873
1835.0000 260 178 0.6846
1844.0000 261 178 0.6820
1850.0000 262 178 0.6794
1859.0000 263 178 0.6768
1866.0000 264 178 0.6742
1875.0000 265 178 0.6717
1882.0000 266 178 0.6692
1887.0000 266 179 0.6729
1888.0000 266 180 0.6767
1890.0000 267 180 0.6742
1896.0000 268 180 0.6716
1902.0000 269 180 0.6691
1910.0000 270 180 0.6667
1919.0000 271 180 0.6642
1926.0000 272 180 0.6618
1932.0000 273 180 0.6593
1939.0000 274 180 0.6569
1942.0000 274 181 0.6606
1946.0000 275 181 0.6582
1950.0000 275 182 0.6618
1952.0000 276 182 0.6594
1958.0000 277 182 0.6570
1966.0000 278 182 0.6547
1968.0000 278 183 0.6583
1970.0000 278 184 0.6619
1971.0000 279 184 0.6595
1976.0000 280 184 0.6571
1979.0000 280 185 0.6607
1979.0000 280 186 0.6643
1981.0000 280 187 0.6679
1983.0000 280 188 0.6714
1984.0000 281 188 0.6690
1990.0000 282 188 0.6667
1991.0000 282 189 0.6702
1999.0000 283 189 0.6678
2004.0000 284 189 0.6655
2010.0000 285 189 0.6632
2018.0000 286 189 0.6608
2024.0000 287 189 0.6585
2031.0000 288 189 0.6563
2032.0000 288 190 0.6597
2039.0000 289 190 0.6574
2041.0000 289 191 0.6609
2045.0000 290 191 0.6586
2048.0000 290 192 0.6621
2053.0000 291 192 0.6598
2055.0000 291 193 0.6632
2055.0000 291 194 0.6667
2058.0000 291 195 0.6701
2058.0000 291 196 0.6735
2059.0000 292 196 0.6712
2066.0000 293 196 0.6689
2074.0000 294 196 0.6667
2083.0000 295 196 0.6644
2086.0000 295 197 0.6678
2089.0000 296 197 0.6655
2098.0000 297 197 0.6633
2107.0000 298 197 0.6611
2110.0000 298 198 0.6644
2114.0000 299 198 0.6622
2119.0000 300 198 0.6600
2121.0000 300 199 0.6633
2123.0000 300 200 0.6667
2127.0000 301 200 0.6645
2135.0000 302 200 0.6623
2139.0000 302 201 0.6656
2144.0000 303 201 0.6634
2149.0000 304 201 0.6612
2156.0000 305 201 0.6590
2164.0000 306 201 0.6569
2168.0000 306 202 0.6601
2169.0000 306 203 0.6634
2170.0000 307 203 0.6612
2177.0000 308 203 0.6591
2181.0000 308 204 0.6623
2184.0000 309 204 0.6602
2185.0000 309 205 0.6634
2192.0000 310 205 0.6613
2198.0000 311 205 0.6592
2203.0000 312 205 0.6571
2210.0000 313 205 0.6550
2214.0000 313 206 0.6581
2214.0000 313 207 0.6613
2217.0000 314 207 0.6592
2223.0000 315 207 0.6571
2228.0000 316 207 0.6551
2235.0000 316 208 0.6582
2237.0000 317 208 0.6562
2245.0000 318 208 0.6541
2253.0000 319 208 0.6520
2258.0000 319 209 0.6552
2259.0000 320 209 0.6531
2259.0000 320 210 0.6563
2265.0000 321 210 0.6542
2273.0000 322 210 0.6522
2274.0000 322 211 0.6553
2276.0000 322 212 0.6584
2278.0000 323 212 0.6563
2285.0000 324 212 0.6543
2289.0000 324 213 0.6574
2291.0000 324 214 0.6605
2292.0000 325 214 0.6585
2296.0000 325 215 0.6615
2301.0000 326 215 0.6595
2307.0000 327 215 0.6575
2309.0000 327 216 0.6606
2316.0000 328 216 0.6585
2322.0000 328 217 0.6616
2323.0000 329 217 0.6596
2329.0000 330 217 0.6576
2334.0000 331 217 0.6556
2336.0000 331 218 0.6586
2342.0000 332 218 0.6566
2350.0000 333 218 0.6547
2357.0000 334 218 0.6527
2363.0000 335 218 0.6507
2372.0000 336 218 0.6488
2378.0000 337 218 0.6469
2383.0000 337 219 0.6499
2385.0000 337 220 0.6528
2385.0000 337 221 0.6558
2387.0000 338 221 0.6538
2389.0000 338 222 0.6568
2392.0000 339 222 0.6549
2400.0000 339 223 0.6578
2401.0000 340 223 0.6559
2409.0000 341 223 0.6540
2414.0000 341 224 0.6569
2416.0000 341 225 0.6598
2417.0000 342 225 0.6579
2422.0000 343 225 0.6560
2422.0000 343 226 0.6589
2431.0000 344 226 0.6570
2434.0000 344 227 0.6599
2435.0000 344 228 0.6628
2439.0000 345 228 0.6609
2445.0000 346 228 0.6590
2451.0000 347 228 0.6571
2460.0000 348 228 0.6552
2467.0000 349 228 0.6533
2475.0000 350 228 0.6514
2479.0000 350 229 0.6543
2481.0000 351 229 0.6524
2488.0000 352 229 0.6506
2497.0000 353 229 0.6487
2505.0000 354 229 0.6469
2510.0000 355 229 0.6451
2515.0000 355 230 0.6479
2516.0000 356 230 0.6461
2525.0000 357 230 0.6443
2526.0000 357 231 0.6471
2534.0000 358 231 0.6453
2540.0000 359 231 0.6435
2547.0000 360 231 0.6417
2552.0000 361 231 0.6399
2560.0000 362 231 0.6381
2568.0000 363 231 0.6364
2573.0000 364 231 0.6346
2579.0000 365 231 0.6329
2581.0000 365 232 0.6356
2585.0000 366 232 0.6339
2587.0000 366 233 0.6366
2592.0000 367 233 0.6349
2596.0000 367 234 0.6376
2598.0000 368 234 0.6359
2603.0000 369 234 0.6341
2603.0000 369 235 0.6369
2604.0000 369 236 0.6396
2608.0000 370 236 0.6378
2614.0000 371 236 0.6361
2614.0000 371 237 0.6388
2620.0000 372 237 0.6371
2620.0000 372 238 0.6398
2626.0000 373 238 0.6381
2631.0000 374 238 0.6364
2637.0000 374 239 0.6390
2639.0000 375 239 0.6373
2644.0000 376 239 0.6356
2651.0000 376 240 0.6383
2651.0000 376 241 0.6410
2651.0000 376 242 0.6436
2652.0000 377 242 0.6419
2657.0000 378 242 0.6402
2663.0000 378 243 0.6429
2665.0000 379 243 0.6412
2665.0000 379 244 0.6438
2667.0000 379 245 0.6464
2673.0000 380 245 0.6447
2681.0000 381 245 0.6430
2690.0000 382 245 0.6414
2690.0000 382 246 0.6440
2694.0000 382 247 0.6466
2696.0000 382 248 0.6492
2699.0000 383 248 0.6475
2699.0000 383 249 0.6501
2707.0000 383 250 0.6527
2708.0000 384 250 0.6510
2709.0000 384 251 0.6536
2711.0000 384 252 0.6563
2714.0000 385 252 0.6545
2722.0000 386 252 0.6528
2728.0000 386 253 0.6554
2729.0000 387 253 0.6537
2734.0000 388 253 0.6521
2743.0000 389 253 0.6504
2748.0000 390 253 0.6487
2757.0000 391 253 0.6471
2762.0000 391 254 0.6496
2764.0000 392 254 0.6480
2770.0000 393 254 0.6463
2777.0000 394 254 0.6447
2785.0000 395 254 0.6430
2789.0000 395 255 0.6456
2790.0000 396 255 0.6439
2795.0000 396 256 0.6465
2797.0000 397 256 0.6448
2805.0000 398 256 0.6432
2805.0000 398 257 0.6457
2813.0000 399 257 0.6441
2821.0000 400 257 0.6425
2829.0000 401 257 0.6409
2834.0000 402 257 0.6393
2842.0000 403 257 0.6377
2844.0000 403 258 0.6402
2847.0000 404 258 0.6386
2848.0000 404 259 0.6411
2852.0000 405 259 0.6395
2852.0000 405 260 0.6420
2857.0000 406 260 0.6404
2863.0000 407 260 0.6388
2872.0000 408 260 0.6373
2881.0000 409 260 0.6357
2885.0000 409 261 0.6381
2885.0000 409 262 0.6406
2887.0000 410 262 0.6390
2887.0000 410 263 0.6415
2888.0000 410 264 0.6439
2891.0000 410 265 0.6463
2894.0000 410 266 0.6488
2896.0000 411 266 0.6472
2897.0000 411 267 0.6496
2904.0000 412 267 0.6481
2911.0000 413 267 0.6465
2916.0000 414 267 0.6449
2916.0000 414 268 0.6473
2918.0000 414 269 0.6498
2919.0000 414 270 0.6522
2922.0000 415 270 0.6506
2927.0000 416 270 0.6490
2932.0000 416 271 0.6514
2936.0000 417 271 0.6499
2938.0000 417 272 0.6523
2942.0000 418 272 0.6507
2944.0000 418 273 0.6531
2949.0000 418 274 0.6555
2951.0000 419 274 0.6539
2956.0000 420 274 0.6524
2961.0000 421 274 0.6508
2967.0000 421 275 0.6532
2970.0000 422 275 0.6517
2975.0000 423 275 0.6501
2984.0000 424 275 0.6486
2991.0000 425 275 0.6471
2991.0000 425 276 0.6494
2992.0000 425 277 0.6518
3000.0000 426 277 0.6502
3008.0000 427 277 0.6487
3009.0000 427 278 0.6511
3017.0000 428 278 0.6495
3017.0000 428 279 0.6519
3019.0000 428 280 0.6542
3020.0000 428 281 0.6565
3025.0000 429 281 0.6550
3027.0000 429 282 0.6573
3034.0000 430 282 0.6558
3040.0000 431 282 0.6543
3046.0000 432 282 0.6528
3047.0000 432 283 0.6551
3051.0000 433 283 0.6536
3054.0000 433 284 0.6559
3060.0000 434 284 0.6544
3060.0000 434 285 0.6567
3067.0000 435 285 0.6552
3072.0000 435 286 0.6575
3073.0000 436 286 0.6560
3080.0000 437 286 0.6545
3082.0000 437 287 0.6568
3084.0000 437 288 0.6590
3085.0000 438 288 0.6575
3091.0000 439 288 0.6560
3097.0000 440 288 0.6545
3098.0000 440 289 0.6568
3106.0000 441 289 0.6553
3106.0000 441 290 0.6576
3109.0000 441 291 0.6599
3114.0000 442 291 0.6584
3115.0000 442 292 0.6606
3117.0000 442 293 0.6629
3123.0000 443 293 0.6614
3131.0000 444 293 0.6599
3133.0000 444 294 0.6622
3138.0000 445 294 0.6607
3144.0000 446 294 0.6592
3145.0000 446 295 0.6614
3151.0000 447 295 0.6600
3155.0000 447 296 0.6622
3155.0000 447 297 0.6644
3159.0000 448 297 0.6629
3162.0000 448 298 0.6652
3166.0000 449 298 0.6637
3170.0000 449 299 0.6659
3172.0000 449 300 0.6682
3174.0000 449 301 0.6704
3175.0000 450 301 0.6689
3184.0000 451 301 0.6674
3189.0000 452 301 0.6659
3197.0000 453 301 0.6645
3202.0000 453 302 0.6667
3204.0000 454 302 0.6652
3204.0000 454 303 0.6674
3211.0000 455 303 0.6659
3218.0000 456 303 0.6645
3225.0000 456 304 0.6667
3227.0000 457 304 0.6652
3236.0000 458 304 0.6638
3242.0000 459 304 0.6623
3251.0000 460 304 0.6609
3252.0000 460 305 0.6630
3258.0000 461 305 0.6616
3262.0000 461 306 0.6638
3266.0000 462 306 0.6623
3274.0000 463 306 0.6609
3274.0000 463 307 0.6631
3282.0000 464 307 0.6616
3291.0000 465 307 0.6602
3298.0000 466 307 0.6588
3298.0000 466 308 0.6609
3303.0000 467 308 0.6595
3309.0000 468 308 0.6581
3315.0000 468 309 0.6603
3316.0000 468 310 0.6624
3318.0000 469 310 0.6610
3324.0000 470 310 0.6596
3328.0000 470 311 0.6617
3330.0000 471 311 0.6603
3331.0000 471 312 0.6624
3337.0000 471 313 0.6645
3338.0000 472 313 0.6631
3344.0000 473 313 0.6617
3348.0000 473 314 0.6638
3351.0000 474 314 0.6624
3353.0000 474 315 0.6646
3356.0000 475 315 0.6632
3360.0000 475 316 0.6653
3362.0000 476 316 0.6639
3366.0000 476 317 0.6660
3371.0000 477 317 0.6646
3378.0000 477 318 0.6667
3379.0000 477 319 0.6688
3380.0000 478 319 0.6674
3388.0000 479 319 0.6660
3393.0000 479 320 0.6681
3395.0000 480 320 0.6667
3403.0000 481 320 0.6653
3409.0000 482 320 0.6639
3410.0000 482 321 0.6660
3417.0000 483 321 0.6646
3417.0000 483 322 0.6667
3420.0000 483 323 0.6687
3424.0000 484 323 0.6674
3425.0000 484 324 0.6694
3430.0000 485 324 0.6680
3439.0000 486 324 0.6667
3446.0000 487 324 0.6653
3446.0000 487 325 0.6674
3453.0000 488 325 0.6660
3460.0000 489 325 0.6646
3467.0000 490 325 0.6633
3472.0000 491 325 0.6619
3477.0000 492 325 0.6606
3484.0000 493 325 0.6592
3492.0000 494 325 0.6579
3500.0000 495 325 0.6566
3506.0000 496 325 0.6552
3508.0000 496 326 0.6573
3512.0000 497 326 0.6559
3519.0000 498 326 0.6546
3519.0000 498 327 0.6566
3525.0000 499 327 0.6553
3531.0000 500 327 0.6540
3537.0000 501 327 0.6527
3546.0000 502 327 0.6514
3554.0000 502 328 0.6534
3555.0000 503 328 0.6521
3561.0000 504 328 0.6508
3570.0000 505 328 0.6495
3575.0000 505 329 0.6515
3577.0000 505 330 0.6535
3578.0000 506 330 0.6522
3586.0000 507 330 0.6509
3593.0000 508 330 0.6496
3594.0000 508 331 0.6516
3599.0000 509 331 0.6503
3600.0000 509 332 0.6523
3600.0000 509 333 0.6542
3601.0000 509 334 0.6562
3602.0000 509 335 0.6582
3608.0000 510 335 0.6569
3613.0000 511 335 0.6556
3613.0000 511 336 0.6575
3620.0000 512 336 0.6563
3625.0000 513 336 0.6550
3630.0000 514 336 0.6537
3635.0000 515 336 0.6524
3643.0000 516 336 0.6512
3652.0000 517 336 0.6499
3660.0000 518 336 0.6486
3666.0000 519 336 0.6474
3666.0000 519 337 0.6493
3671.0000 520 337 0.6481
3671.0000 520 338 0.6500
3671.0000 520 339 0.6519
3673.0000 520 340 0.6538
3676.0000 520 341 0.6558
3679.0000 521 341 0.6545
3684.0000 522 341 0.6533
3691.0000 523 341 0.6520
3694.0000 523 342 0.6539
3697.0000 524 342 0.6527
3702.0000 525 342 0.6514
3708.0000 526 342 0.6502
3717.0000 527 342 0.6490
3725.0000 528 342 0.6477
3729.0000 528 343 0.6496
3730.0000 529 343 0.6484
3734.0000 529 344 0.6503
3739.0000 530 344 0.6491
3746.0000 530 345 0.6509
3747.0000 531 345 0.6497
3756.0000 532 345 0.6485
3761.0000 532 346 0.6504
3764.0000 533 346 0.6492
3772.0000 534 346 0.6479
3780.0000 535 346 0.6467
3787.0000 536 346 0.6455
3789.0000 536 347 0.6474
3791.0000 536 348 0.6493
3796.0000 537 348 0.6480
3802.0000 537 349 0.6499
3805.0000 538 349 0.6487
3812.0000 539 349 0.6475
3817.0000 540 349 0.6463
3826.0000 541 349 0.6451
3829.0000 541 350 0.6470
3833.0000 542 350 0.6458
3838.0000 543 350 0.6446
3845.0000 544 350 0.6434
3849.0000 544 351 0.6452
3852.0000 545 351 0.6440
3858.0000 546 351 0.6429
3859.0000 546 352 0.6447
3863.0000 547 352 0.6435
3872.0000 548 352 0.6423
3875.0000 548 353 0.6442
3880.0000 549 353 0.6430
3888.0000 550 353 0.6418
3888.0000 550 354 0.6436
3891.0000 550 355 0.6455
3895.0000 550 356 0.6473
3897.0000 551 356 0.6461
3903.0000 552 356 0.6449
3909.0000 553 356 0.6438
3915.0000 554 356 0.6426
3916.0000 554 357 0.6444
3922.0000 555 357 0.6432
3927.0000 556 357 0.6421
3934.0000 557 357 0.6409
3942.0000 558 357 0.6398
3942.0000 558 358 0.6416
3942.0000 558 359 0.6434
3944.0000 558 360 0.6452
3947.0000 559 360 0.6440
3948.0000 559 361 0.6458
3954.0000 560 361 0.6446
3960.0000 560 362 0.6464
3963.0000 561 362 0.6453
3964.0000 561 363 0.6471
3970.0000 562 363 0.6459
3978.0000 563 363 0.6448
3985.0000 564 363 0.6436
3990.0000 565 363 0.6425
3997.0000 566 363 0.6413
4002.0000 567 363 0.6402
4008.0000 567 364 0.6420
4011.0000 568 364 0.6408
4017.0000 569 364 0.6397
4023.0000 570 364 0.6386
4026.0000 570 365 0.6404
4028.0000 570 366 0.6421
4030.0000 571 366 0.6410
4035.0000 571 367 0.6427
4038.0000 572 367 0.6416
4046.0000 573 367 0.6405
4052.0000 574 367 0.6394
4061.0000 575 367 0.6383
4067.0000 576 367 0.6372
4076.0000 577 367 0.6360
4077.0000 577 368 0.6378
4083.0000 578 368 0.6367
4085.0000 578 369 0.6384
4087.0000 578 370 0.6401
4089.0000 578 371 0.6419
4091.0000 579 371 0.6408
4093.0000 579 372 0.6425
4095.0000 579 373 0.6442
4096.0000 580 373 0.6431
4105.0000 581 373 0.6420
4109.0000 581 374 0.6437
4111.0000 581 375 0.6454
4112.0000 581 376 0.6472
4113.0000 582 376 0.6460
4122.0000 583 376 0.6449
4127.0000 584 376 0.6438
4135.0000 585 376 0.6427
4142.0000 585 377 0.6444
4143.0000 586 377 0.6433
4152.0000 587 377 0.6422
4157.0000 588 377 0.6412
4164.0000 588 378 0.6429
4166.0000 589 378 0.6418
4169.0000 589 379 0.6435
4174.0000 590 379 0.6424
4177.0000 590 380 0.6441
4177.0000 590 381 0.6458
4181.0000 591 381 0.6447
4181.0000 591 382 0.6464
4184.0000 591 383 0.6481
4186.0000 592 383 0.6470
4192.0000 593 383 0.6459
4201.0000 594 383 0.6448
4208.0000 595 383 0.6437
4208.0000 595 384 0.6454
4212.0000 595 385 0.6471
4212.0000 595 386 0.6487
4216.0000 596 386 0.6477
4222.0000 596 387 0.6493
4223.0000 597 387 0.6482
4226.0000 597 388 0.6499
4229.0000 598 388 0.6488
4230.0000 598 389 0.6505
4235.0000 599 389 0.6494
4241.0000 600 389 0.6483
4243.0000 600 390 0.6500
4250.0000 601 390 0.6489
4255.0000 602 390 0.6478
4255.0000 602 391 0.6495
4261.0000 602 392 0.6512
4264.0000 603 392 0.6501
4272.0000 604 392 0.6490
4277.0000 605 392 0.6479
4283.0000 605 393 0.6496
4286.0000 606 393 0.6485
4291.0000 607 393 0.6474
4296.0000 608 393 0.6464
4302.0000 609 393 0.6453
4303.0000 609 394 0.6470
4309.0000 610 394 0.6459
4315.0000 611 394 0.6448
4320.0000 612 394 0.6438
4320.0000 612 395 0.6454
4329.0000 613 395 0.6444
4335.0000 614 395 0.6433
4338.0000 614 396 0.6450
4343.0000 615 396 0.6439
4351.0000 616 396 0.6429
4356.0000 617 396 0.6418
4361.0000 618 396 0.6408
4368.0000 619 396 0.6397
4372.0000 619 397 0.6414
4375.0000 620 397 0.6403
4376.0000 620 398 0.6419
4380.0000 620 399 0.6435
4381.0000 621 399 0.6425
4390.0000 622 399 0.6415
4392.0000 622 400 0.6431
4394.0000 622 401 0.6447
4396.0000 623 401 0.6437
4404.0000 624 401 0.6426
4413.0000 625 401 0.6416
4420.0000 625 402 0.6432
4421.0000 626 402 0.6422
4424.0000 626 403 0.6438
4426.0000 627 403 0.6427
4431.0000 628 403 0.6417
4437.0000 629 403 0.6407
4446.0000 630 403 0.6397
4451.0000 630 404 0.6413
4452.0000 631 404 0.6403
4452.0000 631 405 0.6418
4458.0000 632 405 0.6408
4465.0000 633 405 0.6398
4466.0000 633 406 0.6414
4471.0000 634 406 0.6404
4476.0000 635 406 0.6394
4482.0000 636 406 0.6384
4487.0000 637 406 0.6374
4494.0000 638 406 0.6364
4498.0000 638 407 0.6379
4498.0000 638 408 0.6395
4503.0000 639 408 0.6385
4510.0000 639 409 0.6401
4511.0000 640 409 0.6391
4515.0000 640 410 0.6406
4517.0000 641 410 0.6396
4525.0000 642 410 0.6386
4525.0000 642 411 0.6402
4529.0000 642 412 0.6417
4530.0000 643 412 0.6407
4533.0000 643 413 0.6423
4536.0000 644 413 0.6413
4539.0000 644 414 0.6429
4543.0000 644 415 0.6444
4545.0000 645 415 0.6434
4553.0000 646 415 0.6424
4558.0000 647 415 0.6414
4567.0000 648 415 0.6404
4567.0000 648 416 0.6420
4574.0000 649 416 0.6410
4582.0000 650 416 0.6400
4588.0000 651 416 0.6390
4588.0000 651 417 0.6406
4594.0000 652 417 0.6396
4597.0000 652 418 0.6411
4599.0000 653 418 0.6401
4607.0000 654 418 0.6391
4612.0000 655 418 0.6382
4617.0000 655 419 0.6397
4621.0000 656 419 0.6387
4627.0000 657 419 0.6377
4627.0000 657 420 0.6393
4634.0000 658 420 0.6383
4642.0000 659 420 0.6373
4651.0000 660 420 0.6364
4657.0000 661 420 0.6354
4663.0000 662 420 0.6344
4669.0000 663 420 0.6335
4678.0000 664 420 0.6325
4684.0000 665 420 0.6316
4685.0000 665 421 0.6331
4687.0000 665 422 0.6346
4691.0000 666 422 0.6336
4694.0000 666 423 0.6351
4695.0000 666 424 0.6366
4697.0000 667 424 0.6357
4698.0000 667 425 0.6372
4701.0000 667 426 0.6387
4706.0000 668 426 0.6377
4710.0000 668 427 0.6392
4712.0000 669 427 0.6383
4720.0000 670 427 0.6373
4728.0000 671 427 0.6364
4737.0000 672 427 0.6354
4744.0000 673 427 0.6345
4752.0000 674 427 0.6335
4755.0000 674 428 0.6350
4757.0000 675 428 0.6341
4766.0000 676 428 0.6331
4766.0000 676 429 0.6346
4771.0000 676 430 0.6361
4772.0000 677 430 0.6352
4781.0000 678 430 0.6342
4786.0000 679 430 0.6333
4792.0000 680 430 0.6324
4796.0000 680 431 0.6338
4797.0000 680 432 0.6353
4798.0000 680 433 0.6368
4798.0000 680 434 0.6382
4799.0000 681 434 0.6373
4803.0000 681 435 0.6388
4804.0000 682 435 0.6378
4804.0000 682 436 0.6393
4809.0000 683 436 0.6384
4815.0000 684 436 0.6374
4822.0000 685 436 0.6365
4829.0000 685 437 0.6380
4831.0000 686 437 0.6370
4839.0000 687 437 0.6361
4844.0000 687 438 0.6376
4845.0000 688 438 0.6366
4846.0000 688 439 0.6381
4854.0000 689 439 0.6372
4856.0000 689 440 0.6386
4862.0000 690 440 0.6377
4867.0000 691 440 0.6368
4869.0000 691 441 0.6382
4872.0000 691 442 0.6397
4874.0000 692 442 0.6387
4881.0000 693 442 0.6378
4890.0000 694 442 0.6369
4896.0000 695 442 0.6360
4902.0000 696 442 0.6351
4908.0000 697 442 0.6341
4913.0000 697 443 0.6356
4917.0000 698 443 0.6347
4923.0000 699 443 0.6338
4928.0000 700 443 0.6329
4930.0000 700 444 0.6343
4934.0000 700 445 0.6357
4937.0000 701 445 0.6348
4945.0000 702 445 0.6339
4946.0000 702 446 0.6353
4950.0000 703 446 0.6344
4953.0000 703 447 0.6358
4957.0000 703 448 0.6373
4959.0000 704 448 0.6364
4964.0000 705 448 0.6355
4966.0000 705 449 0.6369
4970.0000 706 449 0.6360
4978.0000 707 449 0.6351
4983.0000 708 449 0.6342
4986.0000 708 450 0.6356
4988.0000 709 450 0.6347
4996.0000 709 451 0.6361
4997.0000 710 451 0.6352
5000.0000 710 452 0.6366
5004.0000 711 452 0.6357
5013.0000 712 452 0.6348
5019.0000 713 452 0.6339
5028.0000 714 452 0.6331
5036.0000 715 452 0.6322
5044.0000 716 452 0.6313
5053.0000 717 452 0.6304
5058.0000 718 452 0.6295
5061.0000 718 453 0.6309
5067.0000 719 453 0.6300
5071.0000 719 454 0.6314
5071.0000 719 455 0.6328
5073.0000 720 455 0.6319
5079.0000 720 456 0.6333
5081.0000 721 456 0.6325
5085.0000 721 457 0.6338
5086.0000 722 457 0.6330
5089.0000 722 458 0.6343
5093.0000 723 458 0.6335
5097.0000 723 459 0.6349
5099.0000 724 459 0.6340
5108.0000 725 459 0.6331
5111.0000 725 460 0.6345
5116.0000 726 460 0.6336
5124.0000 727 460 0.6327
5127.0000 727 461 0.6341
5133.0000 728 461 0.6332
5142.0000 729 461 0.6324
5147.0000 730 461 0.6315
5151.0000 730 462 0.6329
5155.0000 731 462 0.6320
5161.0000 732 462 0.6311
5166.0000 733 462 0.6303
5171.0000 733 463 0.6317
5175.0000 734 463 0.6308
5175.0000 734 464 0.6322
5177.0000 734 465 0.6335
5179.0000 734 466 0.6349
5179.0000 734 467 0.6362
5180.0000 735 467 0.6354
5185.0000 735 468 0.6367
5186.0000 736 468 0.6359
5190.0000 736 469 0.6372
5195.0000 737 469 0.6364
5202.0000 738 469 0.6355
5202.0000 738 470 0.6369
5209.0000 739 470 0.6360
5216.0000 739 471 0.6373
5218.0000 740 471 0.6365
5224.0000 741 471 0.6356
5232.0000 742 471 0.6348
5238.0000 742 472 0.6361
5239.0000 743 472 0.6353
5239.0000 743 473 0.6366
5244.0000 744 473 0.6358
5244.0000 744 474 0.6371
5248.0000 744 475 0.6384
5250.0000 745 475 0.6376
5256.0000 746 475 0.6367
5262.0000 746 476 0.6381
5264.0000 747 476 0.6372
5273.0000 748 476 0.6364
5276.0000 748 477 0.6377
5282.0000 749 477 0.6368
5284.0000 749 478 0.6382
5289.0000 749 479 0.6395
5290.0000 750 479 0.6387
5295.0000 750 480 0.6400
5298.0000 751 480 0.6391
5305.0000 752 480 0.6383
5311.0000 752 481 0.6396
5312.0000 753 481 0.6388
5320.0000 754 481 0.6379
5322.0000 754 482 0.6393
5328.0000 755 482 0.6384
5335.0000 756 482 0.6376
5344.0000 757 482 0.6367
5352.0000 758 482 0.6359
5359.0000 759 482 0.6350
5364.0000 759 483 0.6364
5366.0000 760 483 0.6355
5372.0000 761 483 0.6347
5379.0000 762 483 0.6339
5384.0000 763 483 0.6330
5387.0000 763 484 0.6343
5389.0000 764 484 0.6335
5390.0000 764 485 0.6348
5395.0000 765 485 0.6340
5402.0000 766 485 0.6332
5411.0000 767 485 0.6323
5411.0000 767 486 0.6336
5417.0000 768 486 0.6328
5417.0000 768 487 0.6341
5423.0000 769 487 0.6333
5429.0000 770 487 0.6325
5438.0000 771 487 0.6316
5442.0000 771 488 0.6329
5444.0000 772 488 0.6321
5445.0000 772 489 0.6334
5447.0000 772 490 0.6347
5447.0000 772 491 0.6360
5452.0000 773 491 0.6352
5457.0000 774 491 0.6344
5466.0000 775 491 0.6335
5472.0000 776 491 0.6327
5480.0000 777 491 0.6319
5486.0000 777 492 0.6332
5489.0000 778 492 0.6324
5497.0000 779 492 0.6316
5498.0000 779 493 0.6329
5502.0000 779 494 0.6341
5504.0000 780 494 0.6333
5511.0000 781 494 0.6325
5517.0000 781 495 0.6338
5518.0000 782 495 0.6330
5523.0000 783 495 0.6322
5530.0000 784 495 0.6314
5536.0000 784 496 0.6327
5537.0000 785 496 0.6318
5546.0000 786 496 0.6310
5555.0000 787 496 0.6302
5564.0000 788 496 0.6294
5573.0000 789 496 0.6286
5574.0000 789 497 0.6299
5578.0000 789 498 0.6312
5581.0000 790 498 0.6304
5585.0000 790 499 0.6316
5590.0000 791 499 0.6308
5593.0000 791 500 0.6321
5595.0000 792 500 0.6313
5603.0000 793 500 0.6305
5610.0000 794 500 0.6297
5618.0000 795 500 0.6289
5619.0000 795 501 0.6302
5623.0000 795 502 0.6314
5624.0000 796 502 0.6307
5624.0000 796 503 0.6319
5633.0000 797 503 0.6311
5638.0000 798 503 0.6303
5646.0000 799 503 0.6295
5654.0000 800 503 0.6288
5654.0000 800 504 0.6300
5663.0000 801 504 0.6292
5668.0000 802 504 0.6284
5668.0000 802 505 0.6297
5677.0000 803 505 0.6289
5685.0000 804 505 0.6281
5694.0000 805 505 0.6273
5700.0000 806 505 0.6266
5704.0000 806 506 0.6278
5706.0000 807 506 0.6270
5709.0000 807 507 0.6283
5710.0000 807 508 0.6295
5715.0000 808 508 0.6287
5715.0000 808 509 0.6300
5720.0000 809 509 0.6292
5720.0000 809 510 0.6304
5723.0000 809 511 0.6316
5728.0000 810 511 0.6309
5730.0000 810 512 0.6321
5734.0000 810 513 0.6333
5735.0000 811 513 0.6326
5742.0000 812 513 0.6318
5746.0000 812 514 0.6330
5748.0000 813 514 0.6322
5754.0000 814 514 0.6314
5759.0000 815 514 0.6307
5766.0000 816 514 0.6299
5772.0000 817 514 0.6291
5780.0000 818 514 0.6284
5787.0000 819 514 0.6276
5792.0000 820 514 0.6268
5798.0000 820 515 0.6280
5799.0000 821 515 0.6273
5799.0000 821 516 0.6285
5808.0000 822 516 0.6277
5816.0000 823 516 0.6270
5825.0000 824 516 0.6262
5833.0000 825 516 0.6255
5839.0000 826 516 0.6247
5842.0000 826 517 0.6259
5844.0000 827 517 0.6252
5844.0000 827 518 0.6264
5850.0000 827 519 0.6276
5852.0000 828 519 0.6268
5860.0000 829 519 0.6261
5867.0000 830 519 0.6253
5868.0000 830 520 0.6265
5872.0000 830 521 0.6277
5874.0000 830 522 0.6289
5876.0000 831 522 0.6282
5876.0000 831 523 0.6294
5884.0000 832 523 0.6286
5892.0000 833 523 0.6279
5895.0000 833 524 0.6291
5901.0000 834 524 0.6283
5902.0000 834 525 0.6295
5904.0000 834 526 0.6307
5910.0000 835 526 0.6299
5913.0000 835 527 0.6311
5916.0000 835 528 0.6323
5919.0000 836 528 0.6316
5924.0000 837 528 0.6308
5927.0000 837 529 0.6320
5932.0000 838 529 0.6313
5933.0000 838 530 0.6325
5939.0000 839 530 0.6317
5944.0000 839 531 0.6329
5946.0000 840 531 0.6321
5951.0000 841 531 0.6314
5959.0000 842 531 0.6306
5968.0000 843 531 0.6299
5974.0000 844 531 0.6291
5982.0000 845 531 0.6284
5986.0000 845 532 0.6296
5988.0000 845 533 0.6308
5989.0000 846 533 0.6300
5995.0000 847 533 0.6293
5995.0000 847 534 0.6305
5996.0000 847 535 0.6316
5996.0000 847 536 0.6328
5998.0000 847 537 0.6340
6000.0000 848 537 0.6333
6008.0000 849 537 0.6325
6011.0000 849 538 0.6337
6015.0000 850 538 0.6329
6018.0000 850 539 0.6341
6023.0000 851 539 0.6334
6030.0000 852 539 0.6326
6035.0000 853 539 0.6319
6041.0000 854 539 0.6311
6046.0000 854 540 0.6323
6047.0000 855 540 0.6316
6050.0000 855 541 0.6327
6054.0000 856 541 0.6320
6058.0000 856 542 0.6332
6061.0000 857 542 0.6324
6068.0000 858 542 0.6317
6068.0000 858 543 0.6329
6077.0000 859 543 0.6321
6079.0000 859 544 0.6333
6081.0000 859 545 0.6345
6085.0000 860 545 0.6337
6094.0000 861 545 0.6330
6099.0000 861 546 0.6341
6103.0000 862 546 0.6334
6110.0000 863 546 0.6327
6116.0000 864 546 0.6319
6116.0000 864 547 0.6331
6118.0000 864 548 0.6343
6118.0000 864 549 0.6354
6123.0000 865 549 0.6347
6129.0000 866 549 0.6339
6135.0000 866 550 0.6351
6137.0000 867 550 0.6344
6146.0000 868 550 0.6336
6151.0000 868 551 0.6348
6155.0000 869 551 0.6341
6161.0000 870 551 0.6333
6169.0000 871 551 0.6326
6169.0000 871 552 0.6338
6175.0000 872 552 0.6330
6183.0000 873 552 0.6323
6185.0000 873 553 0.6334
6190.0000 874 553 0.6327
6199.0000 875 553 0.6320
6205.0000 876 553 0.6313
6211.0000 877 553 0.6306
6216.0000 878 553 0.6298
6217.0000 878 554 0.6310
6221.0000 879 554 0.6303
6221.0000 879 555 0.6314
6228.0000 880 555 0.6307
6230.0000 880 556 0.6318
6231.0000 880 557 0.6330
6233.0000 881 557 0.6322
6242.0000 882 557 0.6315
6251.0000 883 557 0.6308
6257.0000 884 557 0.6301
6262.0000 885 557 0.6294
6269.0000 886 557 0.6287
6271.0000 886 558 0.6298
6273.0000 886 559 0.6309
6276.0000 887 559 0.6302
6279.0000 887 560 0.6313
6284.0000 888 560 0.6306
6289.0000 889 560 0.6299
6297.0000 890 560 0.6292
6304.0000 890 561 0.6303
6305.0000 890 562 0.6315
6305.0000 890 563 0.6326
6306.0000 891 563 0.6319
6314.0000 892 563 0.6312
6321.0000 892 564 0.6323
6322.0000 892 565 0.6334
6323.0000 893 565 0.6327
6328.0000 894 565 0.6320
6334.0000 895 565 0.6313
6340.0000 896 565 0.6306
6349.0000 897 565 0.6299
6358.0000 898 565 0.6292
6366.0000 899 565 0.6285
6368.0000 899 566 0.6296
6373.0000 900 566 0.6289
6378.0000 901 566 0.6282
6386.0000 902 566 0.6275
6391.0000 902 567 0.6286
6395.0000 903 567 0.6279
6400.0000 904 567 0.6272
6405.0000 905 567 0.6265
6412.0000 906 567 0.6258
6417.0000 906 568 0.6269
6418.0000 907 568 0.6262
6418.0000 907 569 0.6273
6426.0000 908 569 0.6267
6433.0000 909 569 0.6260
6438.0000 909 570 0.6271
6440.0000 910 570 0.6264
6444.0000 910 571 0.6275
6448.0000 911 571 0.6268
6456.0000 912 571 0.6261
6461.0000 913 571 0.6254
6467.0000 914 571 0.6247
6476.0000 915 571 0.6240
6483.0000 916 571 0.6234
6489.0000 917 571 0.6227
6497.0000 917 572 0.6238
6498.0000 918 572 0.6231
6501.0000 918 573 0.6242
6506.0000 919 573 0.6235
6511.0000 920 573 0.6228
6517.0000 920 574 0.6239
6520.0000 921 574 0.6232
6523.0000 921 575 0.6243
6526.0000 922 575 0.6236
6533.0000 923 575 0.6230
6538.0000 924 575 0.6223
6545.0000 925 575 0.6216
6554.0000 926 575 0.6210
6560.0000 926 576 0.6220
6561.0000 927 576 0.6214
6562.0000 927 577 0.6224
6569.0000 928 577 0.6218
6570.0000 928 578 0.6228
6571.0000 928 579 0.6239
6577.0000 929 579 0.6233
6577.0000 929 580 0.6243
6581.0000 929 581 0.6254
6583.0000 930 581 0.6247
6583.0000 930 582 0.6258
6591.0000 931 582 0.6251
6600.0000 932 582 0.6245
6604.0000 932 583 0.6255
6605.0000 933 583 0.6249
6611.0000 933 584 0.6259
6613.0000 934 584 0.6253
6621.0000 935 584 0.6246
6627.0000 936 584 0.6239
6627.0000 936 585 0.6250
6633.0000 937 585 0.6243
6638.0000 938 585 0.6237
6643.0000 939 585 0.6230
6648.0000 940 585 0.6223
6657.0000 941 585 0.6217
6662.0000 942 585 0.6210
6669.0000 943 585 0.6204
6676.0000 944 585 0.6197
6680.0000 944 586 0.6208
6685.0000 945 586 0.6201
6688.0000 945 587 0.6212
6692.0000 946 587 0.6205
6695.0000 946 588 0.6216
6699.0000 947 588 0.6209
6705.0000 947 589 0.6220
6706.0000 948 589 0.6213
6711.0000 949 589 0.6207
6717.0000 950 589 0.6200
6719.0000 950 590 0.6211
6722.0000 951 590 0.6204
6726.0000 951 591 0.6215
6726.0000 951 592 0.6225
6727.0000 951 593 0.6236
6730.0000 952 593 0.6229
6733.0000 952 594 0.6239
6739.0000 953 594 0.6233
6745.0000 954 594 0.6226
6753.0000 955 594 0.6220
6762.0000 956 594 0.6213
6771.0000 957 594 0.6207
6775.0000 957 595 0.6217
6780.0000 958 595 0.6211
6786.0000 959 595 0.6204
6792.0000 959 596 0.6215
6794.0000 959 597 0.6225
6795.0000 960 597 0.6219
6801.0000 960 598 0.6229
6801.0000 960 599 0.6240
6804.0000 961 599 0.6233
6809.0000 962 599 0.6227
6816.0000 963 599 0.6220
6823.0000 964 599 0.6214
6826.0000 964 600 0.6224
6830.0000 965 600 0.6218
6834.0000 965 601 0.6228
6837.0000 965 602 0.6238
6838.0000 966 602 0.6232
6839.0000 966 603 0.6242
6842.0000 966 604 0.6253
6844.0000 967 604 0.6246
6845.0000 967 605 0.6256
6847.0000 967 606 0.6267
6850.0000 968 606 0.6260
6858.0000 969 606 0.6254
6862.0000 969 607 0.6264
6864.0000 970 607 0.6258
6870.0000 970 608 0.6268
6871.0000 971 608 0.6262
6871.0000 971 609 0.6272
6876.0000 971 610 0.6282
6878.0000 972 610 0.6276
6885.0000 973 610 0.6269
6890.0000 974 610 0.6263
6896.0000 975 610 0.6256
6901.0000 976 610 0.6250
6909.0000 977 610 0.6244
6915.0000 977 611 0.6254
6917.0000 977 612 0.6264
6918.0000 978 612 0.6258
6927.0000 979 612 0.6251
6930.0000 979 613 0.6261
6934.0000 980 613 0.6255
6939.0000 980 614 0.6265
6941.0000 981 614 0.6259
6948.0000 982 614 0.6253
6957.0000 983 614 0.6246
6964.0000 984 614 0.6240
6971.0000 984 615 0.6250
6972.0000 985 615 0.6244
6977.0000 986 615 0.6237
6979.0000 986 616 0.6247
6980.0000 986 617 0.6258
6982.0000 987 617 0.6251
6987.0000 987 618 0.6261
6988.0000 988 618 0.6255
6988.0000 988 619 0.6265
6996.0000 989 619 0.6259
7005.0000 990 619 0.6253
7005.0000 990 620 0.6263
7011.0000 991 620 0.6256
7013.0000 991 621 0.6266
7014.0000 991 622 0.6276
7020.0000 992 622 0.6270
7025.0000 992 623 0.6280
7026.0000 992 624 0.6290
7027.0000 993 624 0.6284
7031.0000 993 625 0.6294
7034.0000 994 625 0.6288
7034.0000 994 626 0.6298
7035.0000 994 627 0.6308
7042.0000 995 627 0.6302
7048.0000 996 627 0.6295
7055.0000 997 627 0.6289
7056.0000 997 628 0.6299
7058.0000 997 629 0.6309
7059.0000 997 630 0.6319
7064.0000 998 630 0.6313
7065.0000 998 631 0.6323
7071.0000 999 631 0.6316
7076.0000 1000 631 0.6310
7080.0000 1000 632 0.6320
7082.0000 1001 632 0.6314
7090.0000 1002 632 0.6307
7097.0000 1003 632 0.6301
7102.0000 1004 632 0.6295
7109.0000 1005 632 0.6289
7118.0000 1006 632 0.6282
7124.0000 1007 632 0.6276
7130.0000 1008 632 0.6270
7139.0000 1009 632 0.6264
7144.0000 1010 632 0.6257
7153.0000 1011 632 0.6251
7160.0000 1012 632 0.6245
7163.0000 1012 633 0.6255
7167.0000 1013 633 0.6249
7171.0000 1013 634 0.6259
7176.0000 1014 634 0.6252
7183.0000 1015 634 0.6246
7189.0000 1016 634 0.6240
7193.0000 1016 635 0.6250
7196.0000 1016 636 0.6260
7198.0000 1017 636 0.6254
7203.0000 1017 637 0.6264
7205.0000 1018 637 0.6257
7206.0000 1018 638 0.6267
7208.0000 1018 639 0.6277
7211.0000 1019 639 0.6271
7212.0000 1019 640 0.6281
7217.0000 1020 640 0.6275
7222.0000 1021 640 0.6268
7229.0000 1022 640 0.6262
7231.0000 1022 641 0.6272
7237.0000 1023 641 0.6266
7244.0000 1024 641 0.6260
7253.0000 1025 641 0.6254
7260.0000 1026 641 0.6248
7268.0000 1027 641 0.6241
7275.0000 1028 641 0.6235
7284.0000 1029 641 0.6229
7287.0000 1029 642 0.6239
7289.0000 1029 643 0.6249
7292.0000 1030 643 0.6243
7294.0000 1030 644 0.6252
7296.0000 1030 645 0.6262
7297.0000 1031 645 0.6256
7305.0000 1032 645 0.6250
7311.0000 1033 645 0.6244
7318.0000 1034 645 0.6238
7327.0000 1035 645 0.6232
7334.0000 1036 645 0.6226
7334.0000 1036 646 0.6236
7341.0000 1037 646 0.6230
7350.0000 1038 646 0.6224
7355.0000 1038 647 0.6233
7359.0000 1039 647 0.6227
7360.0000 1039 648 0.6237
7365.0000 1040 648 0.6231
7371.0000 1040 649 0.6240
7373.0000 1041 649 0.6234
7378.0000 1042 649 0.6228
7383.0000 1043 649 0.6222
7386.0000 1043 650 0.6232
7392.0000 1044 650 0.6226
7397.0000 1045 650 0.6220
7399.0000 1045 651 0.6230
7404.0000 1046 651 0.6224
7408.0000 1046 652 0.6233
7411.0000 1047 652 0.6227
7416.0000 1047 653 0.6237
7418.0000 1048 653 0.6231
7424.0000 1049 653 0.6225
7428.0000 1049 654 0.6235
7430.0000 1050 654 0.6229
7436.0000 1051 654 0.6223
7441.0000 1052 654 0.6217
7447.0000 1052 655 0.6226
7448.0000 1053 655 0.6220
7457.0000 1054 655 0.6214
7465.0000 1055 655 0.6209
7474.0000 1056 655 0.6203
7480.0000 1056 656 0.6212
7482.0000 1057 656 0.6206
7487.0000 1058 656 0.6200
7489.0000 1058 657 0.6210
7493.0000 1059 657 0.6204
7496.0000 1059 658 0.6213
7500.0000 1059 659 0.6223
7502.0000 1060 659 0.6217
7507.0000 1061 659 0.6211
7513.0000 1062 659 0.6205
7519.0000 1063 659 0.6199
7523.0000 1063 660 0.6209
7525.0000 1064 660 0.6203
7525.0000 1064 661 0.6212
7534.0000 1065 661 0.6207
7542.0000 1066 661 0.6201
7550.0000 1067 661 0.6195
7556.0000 1068 661 0.6189
7562.0000 1069 661 0.6183
7570.0000 1070 661 0.6178
7576.0000 1071 661 0.6172
7585.0000 1072 661 0.6166
7594.0000 1073 661 0.6160
7602.0000 1074 661 0.6155
7604.0000 1074 662 0.6164
7609.0000 1075 662 0.6158
7613.0000 1075 663 0.6167
7617.0000 1076 663 0.6162
7625.0000 1077 663 0.6156
7630.0000 1078 663 0.6150
7632.0000 1078 664 0.6160
7635.0000 1079 664 0.6154
7644.0000 1080 664 0.6148
7652.0000 1081 664 0.6142
7657.0000 1082 664 0.6137
7662.0000 1083 664 0.6131
7667.0000 1084 664 0.6125
7672.0000 1085 664 0.6120
7680.0000 1086 664 0.6114
7686.0000 1086 665 0.6123
7688.0000 1087 665 0.6118
7697.0000 1088 665 0.6112
7705.0000 1088 666 0.6121
7706.0000 1089 666 0.6116
7713.0000 1090 666 0.6110
7721.0000 1091 666 0.6104
7723.0000 1091 667 0.6114
7726.0000 1091 668 0.6123
7729.0000 1092 668 0.6117
7738.0000 1093 668 0.6112
7743.0000 1094 668 0.6106
7748.0000 1095 668 0.6100
7751.0000 1095 669 0.6110
7753.0000 1096 669 0.6104
7753.0000 1096 670 0.6113
7755.0000 1096 671 0.6122
7758.0000 1096 672 0.6131
7762.0000 1097 672 0.6126
7770.0000 1098 672 0.6120
7776.0000 1099 672 0.6115
7785.0000 1100 672 0.6109
7791.0000 1101 672 0.6104
7796.0000 1102 672 0.6098
7800.0000 1102 673 0.6107
7804.0000 1103 673 0.6102
7811.0000 1104 673 0.6096
7816.0000 1104 674 0.6105
7820.0000 1105 674 0.6100
7826.0000 1106 674 0.6094
7827.0000 1106 675 0.6103
7832.0000 1107 675 0.6098
7833.0000 1107 676 0.6107
7838.0000 1107 677 0.6116
7839.0000 1108 677 0.6110
7845.0000 1109 677 0.6105
7854.0000 1110 677 0.6099
7863.0000 1111 677 0.6094
7870.0000 1112 677 0.6088
7877.0000 1113 677 0.6083
7884.0000 1114 677 0.6077
7891.0000 1115 677 0.6072
7892.0000 1115 678 0.6081
7897.0000 1116 678 0.6075
7899.0000 1116 679 0.6084
7899.0000 1116 680 0.6093
7902.0000 1117 680 0.6088
7902.0000 1117 681 0.6097
7907.0000 1117 682 0.6106
7910.0000 1118 682 0.6100
7918.0000 1119 682 0.6095
7918.0000 1119 683 0.6104
7923.0000 1120 683 0.6098
7926.0000 1120 684 0.6107
7928.0000 1121 684 0.6102
7934.0000 1122 684 0.6096
7939.0000 1123 684 0.6091
7940.0000 1123 685 0.6100
7944.0000 1124 685 0.6094
7949.0000 1124 686 0.6103
7950.0000 1125 686 0.6098
7955.0000 1125 687 0.6107
7958.0000 1126 687 0.6101
7966.0000 1127 687 0.6096
7970.0000 1127 688 0.6105
7970.0000 1127 689 0.6114
7971.0000 1127 690 0.6122
7973.0000 1128 690 0.6117
7978.0000 1128 691 0.6126
7980.0000 1129 691 0.6120
7987.0000 1130 691 0.6115
7987.0000 1130 692 0.6124
7996.0000 1131 692 0.6118
7997.0000 1131 693 0.6127
8005.0000 1132 693 0.6122
8011.0000 1133 693 0.6117
8018.0000 1134 693 0.6111
8026.0000 1135 693 0.6106
8035.0000 1136 693 0.6100
8040.0000 1137 693 0.6095
8045.0000 1138 693 0.6090
8047.0000 1138 694 0.6098
8049.0000 1138 695 0.6107
8052.0000 1139 695 0.6102
8057.0000 1140 695 0.6096
8058.0000 1140 696 0.6105
8063.0000 1141 696 0.6100
8063.0000 1141 697 0.6109
8066.0000 1141 698 0.6117
8069.0000 1142 698 0.6112
8074.0000 1143 698 0.6107
8079.0000 1144 698 0.6101
8080.0000 1144 699 0.6110
8084.0000 1145 699 0.6105
8092.0000 1146 699 0.6099
8092.0000 1146 700 0.6108
8101.0000 1147 700 0.6103
8102.0000 1147 701 0.6112
8110.0000 1148 701 0.6106
8117.0000 1149 701 0.6101
8118.0000 1149 702 0.6110
8124.0000 1150 702 0.6104
8128.0000 1150 703 0.6113
8133.0000 1151 703 0.6108
8138.0000 1152 703 0.6102
8142.0000 1152 704 0.6111
8144.0000 1153 704 0.6106
8153.0000 1154 704 0.6101
8162.0000 1155 704 0.6095
8169.0000 1156 704 0.6090
8178.0000 1157 704 0.6085
8184.0000 1158 704 0.6079
8188.0000 1158 705 0.6088
8191.0000 1159 705 0.6083
8198.0000 1159 706 0.6091
8199.0000 1160 706 0.6086
8202.0000 1160 707 0.6095
8204.0000 1161 707 0.6090
8212.0000 1162 707 0.6084
8212.0000 1162 708 0.6093
8218.0000 1163 708 0.6088
8222.0000 1163 709 0.6096
8223.0000 1164 709 0.6091
8231.0000 1165 709 0.6086
8239.0000 1166 709 0.6081
8247.0000 1167 709 0.6075
8256.0000 1168 709 0.6070
8256.0000 1168 710 0.6079
8264.0000 1169 710 0.6074
8268.0000 1169 711 0.6082
8271.0000 1169 712 0.6091
8272.0000 1170 712 0.6085
8273.0000 1170 713 0.6094
8279.0000 1171 713 0.6089
8287.0000 1172 713 0.6084
8289.0000 1172 714 0.6092
8290.0000 1172 715 0.6101
8293.0000 1173 715 0.6095
8300.0000 1173 716 0.6104
8302.0000 1174 716 0.6099
8308.0000 1175 716 0.6094
8312.0000 1175 717 0.6102
8317.0000 1176 717 0.6097
8322.0000 1176 718 0.6105
8323.0000 1176 719 0.6114
8325.0000 1177 719 0.6109
8332.0000 1178 719 0.6104
8336.0000 1178 720 0.6112
8340.0000 1179 720 0.6107
8345.0000 1180 720 0.6102
8345.0000 1180 721 0.6110
8349.0000 1180 722 0.6119
8354.0000 1181 722 0.6113
8359.0000 1182 722 0.6108
8362.0000 1182 723 0.6117
8366.0000 1183 723 0.6112
8374.0000 1184 723 0.6106
8379.0000 1184 724 0.6115
8380.0000 1184 725 0.6123
8380.0000 1184 726 0.6132
8382.0000 1185 726 0.6127
8382.0000 1185 727 0.6135
8382.0000 1185 728 0.6143
8384.0000 1185 729 0.6152
8390.0000 1186 729 0.6147
8390.0000 1186 730 0.6155
8396.0000 1186 731 0.6164
8397.0000 1187 731 0.6158
8400.0000 1187 732 0.6167
8401.0000 1187 733 0.6175
8403.0000 1188 733 0.6170
8403.0000 1188 734 0.6178
8404.0000 1188 735 0.6187
8410.0000 1189 735 0.6182
8416.0000 1190 735 0.6176
8418.0000 1190 736 0.6185
8421.0000 1191 736 0.6180
8425.0000 1191 737 0.6188
8426.0000 1192 737 0.6183
8435.0000 1193 737 0.6178
8441.0000 1194 737 0.6173
8446.0000 1194 738 0.6181
8447.0000 1195 738 0.6176
8455.0000 1196 738 0.6171
8464.0000 1197 738 0.6165
8472.0000 1198 738 0.6160
8473.0000 1198 739 0.6169
8477.0000 1198 740 0.6177
8478.0000 1198 741 0.6185
8481.0000 1199 741 0.6180
8486.0000 1199 742 0.6188
8488.0000 1200 742 0.6183
8489.0000 1200 743 0.6192
8494.0000 1200 744 0.6200
8496.0000 1200 745 0.6208
8497.0000 1201 745 0.6203
8500.0000 1201 746 0.6211
8506.0000 1202 746 0.6206
8508.0000 1202 747 0.6215
8511.0000 1203 747 0.6209
8516.0000 1204 747 0.6204
8524.0000 1205 747 0.6199
8528.0000 1205 748 0.6207
8530.0000 1206 748 0.6202
8530.0000 1206 749 0.6211
8535.0000 1207 749 0.6205
8544.0000 1208 749 0.6200
8549.0000 1209 749 0.6195
8556.0000 1210 749 0.6190
8561.0000 1211 749 0.6185
8569.0000 1212 749 0.6180
8570.0000 1212 750 0.6188
8572.0000 1212 751 0.6196
8578.0000 1213 751 0.6191
8585.0000 1214 751 0.6186
8593.0000 1215 751 0.6181
8599.0000 1216 751 0.6176
8599.0000 1216 752 0.6184
8608.0000 1217 752 0.6179
8617.0000 1218 752 0.6174
8622.0000 1219 752 0.6169
8631.0000 1220 752 0.6164
8631.0000 1220 753 0.6172
8636.0000 1220 754 0.6180
8640.0000 1221 754 0.6175
8645.0000 1221 755 0.6183
8647.0000 1222 755 0.6178
8654.0000 1223 755 0.6173
8659.0000 1224 755 0.6168
8665.0000 1225 755 0.6163
8672.0000 1226 755 0.6158
8679.0000 1227 755 0.6153
8683.0000 1227 756 0.6161
8686.0000 1228 756 0.6156
8693.0000 1229 756 0.6151
8701.0000 1230 756 0.6146
8706.0000 1231 756 0.6141
8712.0000 1232 756 0.6136
8719.0000 1233 756 0.6131
8722.0000 1233 757 0.6139
8724.0000 1234 757 0.6135
8729.0000 1235 757 0.6130
8734.0000 1235 758 0.6138
8735.0000 1236 758 0.6133
8737.0000 1236 759 0.6141
8743.0000 1237 759 0.6136
8749.0000 1238 759 0.6131
8750.0000 1238 760 0.6139
8756.0000 1238 761 0.6147
8757.0000 1239 761 0.6142
8763.0000 1240 761 0.6137
8772.0000 1241 761 0.6132
8773.0000 1241 762 0.6140
8778.0000 1242 762 0.6135
8784.0000 1243 762 0.6130
8790.0000 1244 762 0.6125
8798.0000 1245 762 0.6120
8804.0000 1246 762 0.6116
8804.0000 1246 763 0.6124
8804.0000 1246 764 0.6132
8812.0000 1247 764 0.6127
8820.0000 1248 764 0.6122
8823.0000 1248 765 0.6130
8825.0000 1249 765 0.6125
8832.0000 1250 765 0.6120
8832.0000 1250 766 0.6128
8836.0000 1250 767 0.6136
8836.0000 1250 768 0.6144
8837.0000 1251 768 0.6139
8846.0000 1252 768 0.6134
8851.0000 1253 768 0.6129
8860.0000 1254 768 0.6124
8865.0000 1255 768 0.6120
8868.0000 1255 769 0.6127
8870.0000 1256 769 0.6123
8878.0000 1257 769 0.6118
8882.0000 1257 770 0.6126
8885.0000 1258 770 0.6121
8890.0000 1258 771 0.6129
8891.0000 1258 772 0.6137
8892.0000 1259 772 0.6132
8895.0000 1259 773 0.6140
8900.0000 1260 773 0.6135
8909.0000 1261 773 0.6130
8913.0000 1261 774 0.6138
8913.0000 1261 775 0.6146
8918.0000 1262 775 0.6141
8919.0000 1262 776 0.6149
8923.0000 1262 777 0.6157
8923.0000 1262 778 0.6165
8925.0000 1263 778 0.6160
8931.0000 1264 778 0.6155
8938.0000 1264 779 0.6163
8939.0000 1265 779 0.6158
8944.0000 1266 779 0.6153
8953.0000 1267 779 0.6148
8959.0000 1268 779 0.6144
8967.0000 1269 779 0.6139
8975.0000 1270 779 0.6134
8981.0000 1271 779 0.6129
8990.0000 1272 779 0.6124
8995.0000 1272 780 0.6132
8999.0000 1273 780 0.6127
9006.0000 1274 780 0.6122
9015.0000 1275 780 0.6118
9021.0000 1276 780 0.6113
9028.0000 1277 780 0.6108
9036.0000 1278 780 0.6103
9043.0000 1279 780 0.6099
9052.0000 1280 780 0.6094
9060.0000 1281 780 0.6089
9066.0000 1282 780 0.6084
9074.0000 1283 780 0.6080
9077.0000 1283 781 0.6087
9081.0000 1284 781 0.6083
9086.0000 1285 781 0.6078
9093.0000 1286 781 0.6073
9100.0000 1287 781 0.6068
9107.0000 1288 781 0.6064
9114.0000 1289 781 0.6059
9119.0000 1290 781 0.6054
9124.0000 1290 782 0.6062
9127.0000 1291 782 0.6057
9130.0000 1291 783 0.6065
9134.0000 1292 783 0.6060
9140.0000 1293 783 0.6056
9147.0000 1294 783 0.6051
9153.0000 1295 783 0.6046
9158.0000 1296 783 0.6042
9167.0000 1297 783 0.6037
9167.0000 1297 784 0.6045
9176.0000 1298 784 0.6040
9185.0000 1299 784 0.6035
9185.0000 1299 785 0.6043
9191.0000 1300 785 0.6038
9200.0000 1301 785 0.6034
9206.0000 1301 786 0.6042
9207.0000 1301 787 0.6049
9208.0000 1302 787 0.6045
9211.0000 1302 788 0.6052
9214.0000 1302 789 0.6060
9215.0000 1302 790 0.6068
9216.0000 1303 790 0.6063
9223.0000 1304 790 0.6058
9226.0000 1304 791 0.6066
9227.0000 1304 792 0.6074
9229.0000 1305 792 0.6069
9236.0000 1305 793 0.6077
9238.0000 1306 793 0.6072
9245.0000 1307 793 0.6067
9253.0000 1308 793 0.6063
9260.0000 1309 793 0.6058
9268.0000 1310 793 0.6053
9275.0000 1311 793 0.6049
9283.0000 1312 793 0.6044
9289.0000 1313 793 0.6040
9289.0000 1313 794 0.6047
9295.0000 1314 794 0.6043
9298.0000 1314 795 0.6050
9300.0000 1315 795 0.6046
9307.0000 1316 795 0.6041
9307.0000 1316 796 0.6049
9316.0000 1317 796 0.6044
9321.0000 1317 797 0.6052
9324.0000 1318 797 0.6047
9330.0000 1319 797 0.6042
9338.0000 1320 797 0.6038
9347.0000 1321 797 0.6033
9355.0000 1322 797 0.6029
9362.0000 1323 797 0.6024
9368.0000 1323 798 0.6032
9369.0000 1324 798 0.6027
9378.0000 1325 798 0.6023
9384.0000 1326 798 0.6018
9384.0000 1326 799 0.6026
9384.0000 1326 800 0.6033
9390.0000 1327 800 0.6029
9391.0000 1327 801 0.6036
9397.0000 1328 801 0.6032
9405.0000 1329 801 0.6027
9405.0000 1329 802 0.6035
9412.0000 1330 802 0.6030
9414.0000 1330 803 0.6038
9418.0000 1331 803 0.6033
9422.0000 1331 804 0.6041
9423.0000 1331 805 0.6048
9424.0000 1332 805 0.6044
9430.0000 1333 805 0.6039
9438.0000 1334 805 0.6034
9443.0000 1335 805 0.6030
9445.0000 1335 806 0.6037
9446.0000 1335 807 0.6045
9449.0000 1336 807 0.6040
9457.0000 1336 808 0.6048
9458.0000 1337 808 0.6043
9464.0000 1337 809 0.6051
9465.0000 1338 809 0.6046
9471.0000 1338 810 0.6054
9473.0000 1339 810 0.6049
9473.0000 1339 811 0.6057
9478.0000 1340 811 0.6052
9487.0000 1341 811 0.6048
9490.0000 1341 812 0.6055
9493.0000 1342 812 0.6051
9493.0000 1342 813 0.6058
9502.0000 1343 813 0.6054
9504.0000 1343 814 0.6061
9507.0000 1344 814 0.6057
9514.0000 1345 814 0.6052
9515.0000 1345 815 0.6059
9519.0000 1346 815 0.6055
9521.0000 1346 816 0.6062
9528.0000 1347 816 0.6058
9534.0000 1348 816 0.6053
9539.0000 1349 816 0.6049
9547.0000 1350 816 0.6044
9554.0000 1351 816 0.6040
9558.0000 1351 817 0.6047
9563.0000 1352 817 0.6043
9572.0000 1353 817 0.6038
9572.0000 1353 818 0.6046
9577.0000 1354 818 0.6041
9585.0000 1355 818 0.6037
9593.0000 1356 818 0.6032
9602.0000 1357 818 0.6028
9607.0000 1358 818 0.6024
9616.0000 1359 818 0.6019
9623.0000 1359 819 0.6026
9625.0000 1360 819 0.6022
9626.0000 1360 820 0.6029
9631.0000 1360 821 0.6037
9632.0000 1361 821 0.6032
9641.0000 1362 821 0.6028
9646.0000 1362 822 0.6035
9648.0000 1363 822 0.6031
9657.0000 1364 822 0.6026
9659.0000 1364 823 0.6034
9666.0000 1365 823 0.6029
9668.0000 1365 824 0.6037
9671.0000 1366 824 0.6032
9677.0000 1367 824 0.6028
9682.0000 1367 825 0.6035
9686.0000 1368 825 0.6031
9694.0000 1369 825 0.6026
9702.0000 1370 825 0.6022
9706.0000 1370 826 0.6029
9709.0000 1371 826 0.6025
9715.0000 1371 827 0.6032
9717.0000 1372 827 0.6028
9726.0000 1373 827 0.6023
9728.0000 1373 828 0.6031
9732.0000 1374 828 0.6026
9736.0000 1374 829 0.6033
9740.0000 1375 829 0.6029
9746.0000 1375 830 0.6036
9749.0000 1376 830 0.6032
9756.0000 1377 830 0.6028
9758.0000 1377 831 0.6035
9762.0000 1378 831 0.6030
9768.0000 1379 831 0.6026
9770.0000 1379 832 0.6033
9775.0000 1380 832 0.6029
9781.0000 1381 832 0.6025
9785.0000 1381 833 0.6032
9787.0000 1382 833 0.6027
9787.0000 1382 834 0.6035
9788.0000 1382 835 0.6042
9796.0000 1383 835 0.6038
9803.0000 1383 836 0.6045
9804.0000 1384 836 0.6040
9812.0000 1385 836 0.6036
9821.0000 1386 836 0.6032
9830.0000 1387 836 0.6027
9838.0000 1388 836 0.6023
9843.0000 1389 836 0.6019
9849.0000 1390 836 0.6014
9857.0000 1391 836 0.6010
9860.0000 1391 837 0.6017
9864.0000 1392 837 0.6013
9871.0000 1393 837 0.6009
9876.0000 1393 838 0.6016
9877.0000 1394 838 0.6011
9878.0000 1394 839 0.6019
9882.0000 1395 839 0.6014
9885.0000 1395 840 0.6022
9887.0000 1395 841 0.6029
9889.0000 1395 842 0.6036
9890.0000 1396 842 0.6032
9894.0000 1396 843 0.6039
9895.0000 1396 844 0.6046
9899.0000 1397 844 0.6042
9908.0000 1398 844 0.6037
9913.0000 1399 844 0.6033
9916.0000 1399 845 0.6040
9921.0000 1400 845 0.6036
9928.0000 1401 845 0.6031
9935.0000 1402 845 0.6027
9938.0000 1402 846 0.6034
9942.0000 1403 846 0.6030
9949.0000 1404 846 0.6026
9950.0000 1404 847 0.6033
9950.0000 1404 848 0.6040
9957.0000 1405 848 0.6036
9964.0000 1406 848 0.6031
9965.0000 1406 849 0.6038
9969.0000 1406 850 0.6046
9970.0000 1407 850 0.6041
9970.0000 1407 851 0.6048
9978.0000 1408 851 0.6044
9983.0000 1408 852 0.6051
9984.0000 1409 852 0.6047
9991.0000 1410 852 0.6043
9997.0000 1410 853 0.6050
9998.0000 1411 853 0.6045
