# Scenario da_prophet2
# distance at msg send, delivery time, hop count, MSG_ID
67.6363 5.0000 2 M1
195.4771 37.0000 6 M3
22.2825 2.0000 1 M11
167.6064 52.0000 3 M4
131.3930 33.0000 2 M16
211.7436 31.0000 8 M19
90.7869 12.0000 2 M22
29.7302 2.0000 1 M26
473.5999 148.0000 1 M15
463.4051 223.0000 1 M10
51.2570 4.0000 1 M41
87.5639 4.0000 2 M44
80.5863 96.0000 3 M32
227.6074 186.0000 3 M23
204.1584 96.0000 3 M38
70.9652 17.0000 2 M55
205.7747 76.0000 1 M47
157.7779 89.0000 2 M46
132.3784 46.0000 1 M56
208.6809 73.0000 4 M54
54.7688 17.0000 2 M62
68.3009 17.0000 2 M70
81.9485 214.0000 5 M43
462.2130 169.0000 4 M51
409.4504 163.0000 2 M52
546.1570 353.0000 1 M25
60.2007 261.0000 2 M39
119.0636 29.0000 2 M73
594.5887 191.0000 4 M50
502.3631 339.0000 5 M33
225.0310 510.0000 6 M9
467.7694 398.0000 3 M30
205.8326 88.0000 4 M74
280.8881 159.0000 5 M64
48.1304 2.0000 1 M87
664.1410 188.0000 2 M63
226.7532 438.0000 3 M28
282.1734 512.0000 4 M17
634.0859 181.0000 3 M65
372.4283 623.0000 3 M2
343.2828 583.0000 4 M8
631.1191 434.0000 1 M31
170.8915 203.0000 3 M66
80.1946 27.0000 2 M90
170.7963 137.0000 3 M77
154.3668 272.0000 1 M58
144.3946 107.0000 2 M81
207.7322 35.0000 5 M92
228.7212 302.0000 3 M57
18.2856 5.0000 1 M101
235.6053 83.0000 1 M91
287.9187 500.0000 4 M34
651.8156 278.0000 1 M67
72.5627 46.0000 3 M99
217.0380 190.0000 4 M80
571.2946 669.0000 2 M14
374.4639 529.0000 2 M35
479.2410 576.0000 7 M29
217.5617 173.0000 2 M86
394.7168 240.0000 3 M78
263.0506 661.0000 5 M20
151.4502 90.0000 2 M100
302.5878 390.0000 2 M59
339.3434 203.0000 2 M85
293.4360 385.0000 3 M61
406.9548 313.0000 3 M72
273.8644 636.0000 5 M27
692.5779 776.0000 5 M7
383.0614 278.0000 2 M79
243.9575 82.0000 3 M107
153.1438 89.0000 5 M108
15.8595 4.0000 1 M122
641.6545 528.0000 4 M49
207.4341 177.0000 3 M98
440.7510 219.0000 3 M95
321.4696 604.0000 2 M45
264.3874 583.0000 1 M48
407.1774 850.0000 3 M12
79.5552 65.0000 2 M123
29.8107 3.0000 1 M133
181.4692 683.0000 3 M37
78.0639 13.0000 2 M132
92.9045 29.0000 1 M130
385.6920 480.0000 2 M68
35.9209 20.0000 2 M137
101.5368 27.0000 2 M136
80.6077 22.0000 2 M145
581.8225 892.0000 1 M21
177.2796 66.0000 1 M140
137.2125 384.0000 3 M96
373.0740 323.0000 4 M106
376.3994 301.0000 2 M111
470.8764 639.0000 2 M69
71.8467 551.0000 3 M82
90.3668 307.0000 3 M117
269.6662 286.0000 2 M120
181.0772 409.0000 4 M103
524.2495 384.0000 3 M109
24.6165 7.0000 1 M164
40.9168 31.0000 2 M161
359.9112 887.0000 5 M40
444.2304 364.0000 1 M114
214.4619 659.0000 6 M75
99.5864 158.0000 2 M147
470.7553 596.0000 2 M84
417.7309 527.0000 1 M93
433.8231 332.0000 1 M124
373.0753 1172.0000 2 M5
523.1626 394.0000 2 M116
187.0071 56.0000 2 M167
280.3305 241.0000 1 M142
533.3003 454.0000 3 M110
142.7950 271.0000 4 M139
237.7013 146.0000 1 M157
113.9549 26.0000 1 M174
669.2846 555.0000 2 M97
170.1887 531.0000 6 M102
298.7276 1220.0000 4 M6
9.0795 20.0000 1 M178
195.1731 434.0000 4 M119
203.5424 138.0000 1 M162
40.8596 10.0000 1 M182
240.1832 388.0000 2 M127
168.9704 1044.0000 1 M36
432.3075 332.0000 2 M138
129.5462 71.0000 1 M176
143.9156 714.0000 2 M83
323.2694 771.0000 3 M76
24.5157 3.0000 1 M187
84.0923 52.0000 2 M180
386.7226 576.0000 1 M104
180.2790 242.0000 5 M154
617.0454 1166.0000 2 M24
348.1236 704.0000 2 M89
410.7172 368.0000 2 M143
251.6476 140.0000 2 M177
503.3394 474.0000 4 M131
297.1698 226.0000 3 M166
686.0041 1096.0000 2 M42
392.8279 327.0000 2 M153
355.9889 466.0000 2 M134
340.2661 285.0000 1 M160
270.7426 194.0000 2 M173
372.5788 157.0000 2 M179
137.5202 217.0000 1 M171
712.6321 513.0000 2 M129
182.7838 425.0000 3 M144
593.3830 576.0000 3 M121
15.7971 6.0000 2 M204
395.3830 611.0000 2 M118
696.3762 770.0000 2 M94
32.3503 12.0000 2 M205
497.8420 340.0000 1 M159
611.2453 1088.0000 2 M53
212.6091 184.0000 1 M183
159.4193 117.0000 1 M193
320.7646 286.0000 2 M168
73.4703 90.0000 2 M199
14.4201 3.0000 1 M211
107.1745 113.0000 2 M197
135.9813 165.0000 2 M190
170.0404 277.0000 1 M175
686.4223 880.0000 8 M88
216.6345 216.0000 2 M186
146.4552 97.0000 3 M203
62.0025 30.0000 1 M217
64.8283 158.0000 2 M201
225.5875 1179.0000 2 M60
102.1513 111.0000 2 M212
327.4008 139.0000 2 M208
184.5313 184.0000 3 M207
218.8677 533.0000 3 M158
11.0200 107.0000 2 M227
376.8638 913.0000 4 M113
339.8615 501.0000 3 M181
67.1006 52.0000 1 M249
299.3615 448.0000 3 M195
42.7314 5.0000 1 M258
297.7037 265.0000 2 M230
413.4052 798.0000 2 M155
200.7483 374.0000 1 M222
21.5851 11.0000 1 M274
140.8989 312.0000 1 M235
122.9767 682.0000 4 M184
94.5640 337.0000 1 M233
124.2294 643.0000 3 M191
282.1275 482.0000 2 M213
80.5823 51.0000 2 M273
169.0529 678.0000 3 M188
64.4631 106.0000 4 M272
404.5677 297.0000 1 M248
158.1863 44.0000 1 M284
389.2423 404.0000 2 M234
136.3912 71.0000 1 M281
189.4866 199.0000 3 M263
217.6614 498.0000 4 M221
209.0348 640.0000 1 M206
98.0257 27.0000 1 M295
99.5327 62.0000 2 M292
66.1565 9.0000 1 M299
260.8116 181.0000 1 M277
359.6667 278.0000 2 M267
247.9681 405.0000 1 M251
510.8733 299.0000 1 M266
252.7386 571.0000 2 M229
336.2738 196.0000 1 M286
320.0344 140.0000 1 M294
21.9036 12.0000 2 M315
129.6290 66.0000 2 M310
121.4928 228.0000 2 M288
231.3131 798.0000 3 M210
120.0296 157.0000 1 M300
459.1385 608.0000 2 M239
233.0511 315.0000 1 M280
260.4586 112.0000 2 M309
113.1214 44.0000 1 M321
160.5446 85.0000 1 M317
384.5009 417.0000 2 M271
17.2291 33.0000 1 M333
154.2956 221.0000 1 M306
402.0236 489.0000 3 M268
259.9704 399.0000 1 M282
181.0954 77.0000 2 M329
359.1601 186.0000 2 M316
49.6464 24.0000 1 M339
229.2764 177.0000 2 M318
322.7413 156.0000 1 M323
7.5893 13.0000 1 M343
223.2262 413.0000 2 M293
189.3788 366.0000 1 M304
136.1214 59.0000 1 M349
32.1830 2.0000 1 M365
221.7155 377.0000 2 M313
194.0813 187.0000 3 M341
183.7640 122.0000 2 M351
374.2161 1539.0000 5 M152
242.4622 117.0000 2 M353
206.5325 1027.0000 3 M226
200.4994 940.0000 4 M241
31.2930 43.0000 1 M370
106.0494 25.0000 1 M373
598.2961 544.0000 1 M298
124.0264 410.0000 1 M319
351.1098 641.0000 3 M287
142.7692 64.0000 2 M369
46.7778 17.0000 1 M380
352.2266 126.0000 1 M363
126.8474 1553.0000 5 M163
58.0191 9.0000 1 M382
500.6118 580.0000 2 M301
246.4820 393.0000 2 M328
418.9165 272.0000 2 M345
34.2765 29.0000 1 M383
178.2826 1217.0000 4 M219
15.1252 4.0000 1 M395
48.1012 38.0000 2 M391
288.3369 588.0000 1 M314
27.1615 115.0000 2 M387
134.2797 51.0000 1 M397
95.0787 18.0000 1 M402
234.1197 177.0000 2 M384
82.4419 28.0000 2 M406
91.3918 173.0000 2 M385
186.4676 753.0000 3 M302
20.1598 78.0000 1 M399
66.4100 42.0000 1 M405
153.3501 1865.0000 6 M148
249.1147 235.0000 1 M381
121.2369 76.0000 1 M403
324.0998 541.0000 2 M337
341.9352 729.0000 2 M312
356.7915 391.0000 1 M360
430.0540 410.0000 3 M358
285.7846 433.0000 1 M356
331.0876 375.0000 4 M367
248.6826 649.0000 4 M332
276.9386 419.0000 2 M364
166.4506 87.0000 2 M415
237.1286 873.0000 4 M303
10.1429 2.0000 1 M428
92.5683 50.0000 1 M422
100.4571 52.0000 2 M423
102.5829 111.0000 1 M417
25.5004 14.0000 1 M431
256.5601 179.0000 2 M409
124.3175 38.0000 2 M430
161.3649 438.0000 2 M376
340.7152 486.0000 2 M368
96.1496 52.0000 1 M432
65.9104 33.0000 1 M436
217.7632 182.0000 1 M416
144.3797 159.0000 3 M420
281.5522 565.0000 3 M361
55.5070 73.0000 1 M434
117.5058 258.0000 1 M410
331.5217 541.0000 3 M371
68.6455 17.0000 1 M445
24.8952 3.0000 1 M448
568.5607 813.0000 1 M334
214.0014 325.0000 1 M404
586.3834 263.0000 2 M413
294.7556 1113.0000 2 M296
197.5904 153.0000 1 M433
63.6382 119.0000 1 M441
322.3454 129.0000 1 M443
188.1101 702.0000 3 M362
2.3980 8.0000 1 M462
233.9746 87.0000 2 M455
208.4371 248.0000 4 M435
214.9028 944.0000 3 M336
78.0186 320.0000 2 M427
27.8557 22.0000 1 M468
80.0029 312.0000 1 M429
228.0936 121.0000 1 M457
29.4556 23.0000 2 M471
262.4149 171.0000 1 M452
279.6724 191.0000 2 M450
341.7234 227.0000 1 M447
101.8762 483.0000 4 M411
80.2104 31.0000 2 M476
13.4826 92.0000 2 M469
205.2517 233.0000 2 M451
288.1619 129.0000 2 M465
138.4924 87.0000 1 M472
186.0170 366.0000 2 M437
345.0419 266.0000 2 M459
28.4445 139.0000 3 M478
256.0262 130.0000 2 M484
178.1432 69.0000 1 M496
110.3752 93.0000 1 M493
151.0217 69.0000 2 M499
174.9011 249.0000 2 M474
212.8294 469.0000 2 M444
175.7018 148.0000 2 M488
331.2632 488.0000 2 M442
72.9043 43.0000 1 M505
122.5337 41.0000 1 M513
28.8360 5.0000 1 M519
126.9101 204.0000 1 M490
5.1943 80.0000 2 M508
312.9265 115.0000 1 M504
117.1088 51.0000 1 M516
224.5137 447.0000 5 M464
338.8243 649.0000 4 M438
40.4898 21.0000 1 M528
154.1666 82.0000 1 M521
140.8624 50.0000 2 M530
67.2417 139.0000 1 M517
238.9035 584.0000 3 M456
13.1136 17.0000 1 M539
83.2408 93.0000 2 M532
67.7078 26.0000 1 M542
439.9960 445.0000 2 M485
80.8224 280.0000 4 M510
37.3786 3.0000 1 M550
0.5837 43.0000 1 M545
119.1957 317.0000 2 M509
407.7037 282.0000 3 M518
121.3041 33.0000 2 M553
310.0018 472.0000 2 M491
472.7632 318.0000 3 M514
335.9715 134.0000 1 M541
300.0260 106.0000 2 M546
220.8008 531.0000 3 M492
134.1434 104.0000 3 M555
59.8419 50.0000 1 M563
294.8762 248.0000 2 M536
350.1832 347.0000 1 M529
33.9486 24.0000 1 M575
82.4950 97.0000 2 M565
231.7183 226.0000 2 M547
58.6471 41.0000 2 M574
199.4397 424.0000 1 M520
131.4740 175.0000 2 M557
390.1892 875.0000 3 M458
94.7055 741.0000 3 M477
135.5952 46.0000 1 M580
238.9939 998.0000 3 M449
142.5966 47.0000 2 M583
2.0535 34.0000 1 M586
85.5983 25.0000 1 M587
361.1254 105.0000 1 M577
222.6319 379.0000 1 M538
358.2249 254.0000 1 M560
136.3194 528.0000 1 M522
39.7404 11.0000 1 M594
202.5925 252.0000 3 M562
538.7481 524.0000 3 M525
36.6863 7.0000 1 M597
121.5903 1252.0000 6 M425
4.0707 5.0000 1 M601
269.2476 250.0000 2 M568
241.4697 102.0000 1 M591
100.6479 87.0000 1 M596
170.6598 303.0000 2 M569
407.2072 164.0000 1 M590
288.9791 281.0000 2 M579
199.0963 241.0000 1 M585
134.2902 861.0000 4 M498
10.0407 2.0000 1 M622
176.2199 74.0000 1 M612
170.9963 134.0000 1 M606
206.6108 128.0000 2 M608
680.6139 524.0000 2 M556
263.2705 117.0000 2 M614
167.3015 164.0000 2 M609
107.5275 33.0000 1 M633
268.2656 169.0000 1 M613
525.9217 275.0000 2 M599
335.6283 260.0000 2 M602
313.1190 261.0000 3 M603
40.3766 4.0000 1 M642
264.3618 190.0000 2 M615
72.0657 667.0000 3 M548
51.5922 130.0000 2 M625
173.7567 50.0000 1 M641
322.6369 136.0000 1 M631
62.1875 39.0000 1 M647
81.4535 87.0000 1 M643
46.9610 6.0000 1 M656
125.5530 118.0000 1 M648
199.5074 184.0000 1 M639
483.5732 486.0000 2 M595
115.5198 291.0000 4 M624
163.9466 99.0000 1 M653
254.5424 225.0000 2 M635
493.6300 228.0000 1 M636
359.4801 1255.0000 3 M495
134.6410 1069.0000 3 M524
179.2113 499.0000 2 M604
242.6207 105.0000 2 M666
93.2938 40.0000 2 M675
111.4127 61.0000 1 M672
71.1615 12.0000 1 M679
391.7453 267.0000 1 M644
132.6741 76.0000 2 M671
254.9735 1473.0000 2 M475
56.5520 45.0000 1 M681
114.9829 168.0000 1 M664
216.6189 84.0000 1 M677
149.8113 38.0000 1 M686
62.0870 1125.0000 5 M531
204.0874 121.0000 1 M680
1.6940 2.0000 1 M700
94.0132 80.0000 2 M689
189.9020 833.0000 4 M582
250.9919 241.0000 1 M669
196.8604 300.0000 2 M661
117.3786 121.0000 1 M688
328.5124 220.0000 1 M676
9.9181 13.0000 1 M708
186.7225 191.0000 1 M683
44.1465 3.0000 1 M718
51.1232 351.0000 3 M670
551.3336 600.0000 1 M634
451.4062 723.0000 4 M617
46.5254 32.0000 1 M717
212.9719 668.0000 3 M626
36.7066 16.0000 1 M721
227.6382 107.0000 2 M711
255.4888 312.0000 2 M684
228.9174 201.0000 1 M703
11.2127 29.0000 1 M729
464.1941 681.0000 2 M638
236.7978 433.0000 2 M673
21.8950 18.0000 1 M732
54.8803 375.0000 3 M682
49.6573 157.0000 2 M714
399.7772 220.0000 1 M706
380.0402 496.0000 1 M668
470.3842 634.0000 1 M650
55.4002 20.0000 1 M740
32.4135 53.0000 2 M736
51.1463 42.0000 2 M738
176.9174 115.0000 1 M728
216.3320 189.0000 1 M720
19.2368 3.0000 1 M748
117.6740 104.0000 2 M735
134.1081 802.0000 2 M637
51.8866 129.0000 1 M733
187.1753 699.0000 1 M655
128.8875 659.0000 2 M662
138.4669 59.0000 1 M752
40.1454 3.0000 1 M763
54.9715 108.0000 1 M749
272.8013 414.0000 1 M710
243.5607 167.0000 1 M745
196.8677 178.0000 1 M747
155.4757 818.0000 4 M657
226.5319 95.0000 1 M758
56.7104 18.0000 1 M770
227.4047 63.0000 1 M769
137.6064 81.0000 1 M768
141.0534 174.0000 2 M755
156.1920 1479.0000 4 M572
68.4668 13.0000 1 M783
289.1483 1143.0000 2 M628
459.1681 334.0000 1 M744
470.8288 346.0000 2 M743
134.8109 182.0000 1 M767
232.5172 631.0000 4 M709
162.4165 157.0000 1 M775
242.9629 500.0000 1 M727
4.0304 555.0000 3 M724
416.0646 772.0000 2 M695
176.4379 224.0000 2 M777
39.1172 419.0000 3 M750
14.4891 4.0000 1 M807
236.8330 178.0000 1 M785
133.8379 26.0000 1 M805
69.3506 1026.0000 2 M667
13.4058 2.0000 1 M810
145.7295 124.0000 3 M794
92.7747 26.0000 1 M809
41.1486 113.0000 1 M804
20.3963 45.0000 2 M814
236.5477 188.0000 1 M800
123.5306 102.0000 2 M812
395.3810 960.0000 2 M694
83.8494 168.0000 1 M806
159.6482 383.0000 3 M778
117.9145 126.0000 1 M813
121.5970 432.0000 3 M772
14.8151 3.0000 1 M833
246.6620 130.0000 1 M817
226.9876 236.0000 1 M802
317.4912 718.0000 3 M737
131.2847 108.0000 2 M822
361.6816 430.0000 1 M779
80.6840 256.0000 2 M803
182.3311 68.0000 1 M831
200.4428 614.0000 1 M761
248.0185 516.0000 3 M776
174.5254 484.0000 2 M781
354.1854 180.0000 1 M823
179.9659 129.0000 1 M830
392.7125 352.0000 1 M799
120.0239 60.0000 2 M841
216.7826 698.0000 3 M754
181.0723 413.0000 2 M797
180.9272 486.0000 1 M788
144.4391 43.0000 1 M850
58.7341 27.0000 2 M854
195.4162 195.0000 1 M832
569.6618 322.0000 1 M815
93.3043 64.0000 2 M853
443.7465 291.0000 2 M824
259.6077 661.0000 1 M774
249.2950 480.0000 2 M798
114.8101 146.0000 2 M846
80.7000 183.0000 3 M843
26.9723 32.0000 2 M867
214.6957 1077.0000 4 M725
91.7930 18.0000 1 M875
285.8206 297.0000 1 M837
172.6812 895.0000 2 M756
132.6881 62.0000 1 M871
677.1583 432.0000 3 M826
59.9215 40.0000 2 M881
16.7914 194.0000 2 M860
248.0406 121.0000 2 M873
228.9528 195.0000 2 M863
512.9771 359.0000 2 M840
436.2325 803.0000 1 M782
48.5799 16.0000 2 M891
292.9947 222.0000 2 M868
409.3777 134.0000 1 M884
101.6495 148.0000 1 M886
289.0933 410.0000 1 M849
201.9062 848.0000 3 M791
96.2183 49.0000 1 M903
225.5334 119.0000 1 M901
71.0809 18.0000 1 M916
62.8390 41.0000 2 M915
144.0143 105.0000 2 M907
211.1145 271.0000 2 M889
109.4250 56.0000 1 M919
497.4236 547.0000 2 M851
26.4080 17.0000 1 M926
31.3589 8.0000 1 M928
441.8114 642.0000 2 M839
186.7400 116.0000 1 M914
39.3222 393.0000 2 M877
22.3657 6.0000 1 M933
402.1584 201.0000 1 M908
274.8503 366.0000 2 M892
62.3645 778.0000 3 M835
259.5459 169.0000 1 M922
221.6873 489.0000 2 M878
21.8090 34.0000 2 M945
256.0902 181.0000 1 M925
46.1791 27.0000 1 M947
277.8181 94.0000 1 M937
418.3142 449.0000 2 M888
178.0123 127.0000 2 M940
66.5488 135.0000 1 M941
29.1354 118.0000 1 M944
92.1431 139.0000 1 M942
338.1091 747.0000 2 M856
25.8820 3.0000 1 M964
236.4937 123.0000 1 M949
297.6984 479.0000 2 M898
460.1280 938.0000 2 M834
242.6099 97.0000 2 M954
190.8545 624.0000 2 M879
87.9250 524.0000 2 M893
110.5073 489.0000 3 M900
366.3174 372.0000 1 M918
340.5518 294.0000 2 M929
75.3333 338.0000 3 M924
384.9174 354.0000 1 M927
26.1694 8.0000 1 M977
227.5340 72.0000 1 M969
341.6846 697.0000 2 M882
172.2893 53.0000 1 M978
139.7860 208.0000 3 M957
250.4696 84.0000 1 M975
203.7811 143.0000 2 M967
222.2223 548.0000 2 M910
41.7717 362.0000 2 M939
231.1618 65.0000 2 M982
158.5692 292.0000 2 M951
653.7037 569.0000 1 M912
430.0792 836.0000 4 M874
159.4652 703.0000 3 M894
243.0524 1115.0000 3 M836
268.0449 171.0000 2 M970
210.0151 129.0000 1 M979
376.5565 445.0000 1 M934
419.4453 297.0000 3 M956
181.9046 660.0000 2 M905
34.6153 9.0000 1 M999
348.8092 186.0000 1 M986
75.9010 116.0000 1 M997
332.6759 129.0000 1 M998
313.7959 856.0000 3 M896
247.4429 582.0000 2 M935
530.5395 467.0000 1 M953
45.7313 3.0000 1 M1018
269.1978 495.0000 1 M950
60.5425 42.0000 1 M1016
161.4505 169.0000 2 M1006
69.8279 122.0000 1 M1013
217.5710 1018.0000 2 M887
309.9581 166.0000 2 M1008
245.3214 292.0000 3 M995
332.7598 560.0000 3 M960
167.6828 482.0000 2 M972
487.6409 195.0000 1 M1014
129.8797 52.0000 1 M1036
38.4951 2.0000 1 M1045
110.4774 248.0000 3 M1012
172.8506 156.0000 2 M1026
191.4571 191.0000 2 M1023
0.3416 29.0000 1 M1048
208.3530 76.0000 2 M1046
31.1494 7.0000 1 M1057
37.7332 3.0000 1 M1059
8.2262 59.0000 1 M1052
250.3207 99.0000 1 M1049
416.1534 423.0000 3 M1004
37.6861 10.0000 1 M1073
77.7746 321.0000 3 M1030
220.6205 82.0000 1 M1067
201.7599 212.0000 2 M1056
242.0662 437.0000 2 M1027
400.9942 405.0000 1 M1034
70.9195 164.0000 2 M1069
80.9691 45.0000 1 M1089
218.0438 101.0000 2 M1081
103.7729 120.0000 2 M1079
126.6323 101.0000 1 M1082
278.6941 516.0000 2 M1029
47.4457 25.0000 1 M1101
424.4720 340.0000 1 M1058
206.1062 153.0000 1 M1086
224.0962 194.0000 2 M1080
133.0186 149.0000 3 M1094
155.0510 151.0000 2 M1095
61.4512 15.0000 2 M1114
156.3033 945.0000 2 M983
93.6328 53.0000 1 M1110
153.1611 79.0000 2 M1108
162.3874 205.0000 2 M1091
241.6996 864.0000 1 M1000
106.4947 39.0000 2 M1118
92.6963 744.0000 2 M1019
63.9015 12.0000 1 M1126
183.2436 298.0000 2 M1085
270.2189 429.0000 2 M1066
370.3449 240.0000 2 M1093
239.2720 161.0000 1 M1106
257.9962 1025.0000 2 M985
32.1719 2.0000 1 M1138
258.3300 336.0000 1 M1090
234.5430 601.0000 4 M1054
268.5968 200.0000 1 M1111
26.7501 122.0000 2 M1124
232.3021 573.0000 3 M1061
435.6729 742.0000 2 M1038
45.0050 10.0000 1 M1146
212.6380 190.0000 1 M1121
159.7634 511.0000 3 M1076
36.0610 586.0000 4 M1068
66.8926 861.0000 3 M1035
50.4601 20.0000 2 M1157
185.5349 191.0000 2 M1133
343.7288 262.0000 2 M1125
75.4411 159.0000 2 M1141
137.5665 283.0000 2 M1128
559.0512 820.0000 2 M1053
218.1188 542.0000 3 M1092
56.0034 42.0000 1 M1165
317.0873 984.0000 3 M1032
31.2025 91.0000 3 M1160
201.7675 781.0000 2 M1063
150.2474 742.0000 4 M1070
232.5753 189.0000 2 M1151
99.7130 426.0000 1 M1116
40.9444 43.0000 1 M1173
394.2542 365.0000 2 M1129
397.1825 517.0000 4 M1107
176.0503 1145.0000 2 M1020
54.9238 34.0000 1 M1180
317.3647 157.0000 1 M1164
384.0096 211.0000 2 M1156
70.3846 1017.0000 3 M1040
259.0155 135.0000 2 M1167
143.3820 172.0000 1 M1162
11.2208 16.0000 1 M1184
82.3164 37.0000 1 M1182
120.3826 121.0000 1 M1171
185.8295 631.0000 4 M1098
13.7368 6.0000 1 M1187
65.9396 50.0000 3 M1181
191.4145 788.0000 3 M1078
61.6906 15.0000 2 M1189
58.4136 20.0000 1 M1192
432.6473 447.0000 2 M1135
149.5870 87.0000 1 M1186
394.7012 377.0000 2 M1147
407.2459 468.0000 1 M1134
145.3924 48.0000 2 M1194
252.4292 112.0000 2 M1185
293.1355 871.0000 2 M1077
54.6260 36.0000 1 M1197
17.3499 2.0000 1 M1202
37.8293 4.0000 1 M1205
213.8617 1332.0000 2 M1017
245.1509 268.0000 2 M1174
104.7319 84.0000 1 M1200
262.8824 88.0000 1 M1203
151.6384 265.0000 1 M1183
187.3106 432.0000 2 M1161
176.2823 101.0000 2 M1208
302.7245 545.0000 2 M1152
158.7948 105.0000 2 M1218
207.4211 331.0000 2 M1188
10.5164 18.0000 1 M1233
81.2097 7.0000 2 M1237
233.3907 1180.0000 2 M1071
301.7881 357.0000 2 M1190
107.1602 145.0000 1 M1224
94.1342 14.0000 2 M1244
28.4245 3.0000 1 M1248
250.6586 763.0000 1 M1142
148.6180 87.0000 2 M1238
43.3721 24.0000 1 M1247
13.7153 3.0000 1 M1255
16.4770 4.0000 1 M1257
400.9740 393.0000 4 M1201
27.0399 113.0000 2 M1242
127.3737 360.0000 2 M1207
33.2698 4.0000 1 M1261
119.4752 234.0000 2 M1227
227.3056 363.0000 2 M1210
279.2749 258.0000 2 M1225
113.8419 957.0000 2 M1127
228.1374 78.0000 1 M1254
22.5763 20.0000 1 M1270
229.7714 423.0000 1 M1223
300.9502 326.0000 3 M1245
78.0867 649.0000 3 M1199
20.8862 9.0000 1 M1296
321.0906 293.0000 2 M1259
181.9578 53.0000 1 M1295
217.6290 585.0000 5 M1219
176.8845 84.0000 1 M1291
182.6743 100.0000 2 M1289
183.1280 129.0000 2 M1285
190.8922 502.0000 2 M1234
8.6811 596.0000 3 M1220
114.8750 687.0000 3 M1209
437.0199 419.0000 2 M1256
189.8191 131.0000 2 M1297
500.2739 523.0000 2 M1243
56.0187 98.0000 1 M1304
49.1807 21.0000 1 M1321
276.3970 806.0000 2 M1213
99.1047 22.0000 2 M1323
406.7752 1638.0000 2 M1096
441.9939 369.0000 1 M1278
540.1368 898.0000 2 M1204
299.4906 127.0000 1 M1314
70.8211 598.0000 4 M1249
74.5426 48.0000 2 M1328
446.1590 734.0000 3 M1232
340.4387 241.0000 2 M1303
350.5992 330.0000 2 M1292
479.8160 770.0000 1 M1230
139.7494 228.0000 3 M1307
37.4469 25.0000 2 M1338
353.0371 218.0000 3 M1311
151.2957 357.0000 2 M1294
564.4781 232.0000 1 M1312
30.5637 2.0000 1 M1346
80.2134 51.0000 1 M1344
257.1849 837.0000 2 M1236
125.8661 447.0000 1 M1298
98.7771 441.0000 2 M1299
400.0586 371.0000 2 M1309
313.7898 308.0000 2 M1320
197.4605 973.0000 3 M1228
611.0620 379.0000 2 M1313
394.6453 989.0000 3 M1229
201.7259 855.0000 4 M1253
408.0303 1116.0000 1 M1216
3.9111 34.0000 2 M1369
259.4452 298.0000 4 M1334
480.8265 259.0000 2 M1341
58.4072 1303.0000 2 M1196
21.4707 2.0000 1 M1379
505.6264 380.0000 1 M1329
532.2858 687.0000 2 M1287
401.4952 559.0000 2 M1305
514.8791 226.0000 2 M1354
361.7325 553.0000 2 M1316
110.5167 33.0000 1 M1389
313.4777 201.0000 2 M1367
211.4624 104.0000 2 M1381
220.1413 679.0000 2 M1302
41.7443 59.0000 1 M1387
188.9980 56.0000 1 M1388
205.7497 755.0000 1 M1293
150.7443 592.0000 1 M1318
41.6075 3.0000 1 M1402
338.6400 194.0000 1 M1377
301.5120 146.0000 1 M1384
213.3817 108.0000 2 M1391
22.9618 20.0000 1 M1404
194.5002 195.0000 1 M1380
232.3788 234.0000 1 M1376
275.4048 931.0000 5 M1282
736.0497 -1.0000 -1 M913
130.3656 -1.0000 -1 M911
180.5276 -1.0000 -1 M917
357.2597 -1.0000 -1 M902
225.0154 -1.0000 -1 M906
464.6293 -1.0000 -1 M904
285.2138 -1.0000 -1 M909
263.5547 -1.0000 -1 M811
583.5346 -1.0000 -1 M932
159.4175 -1.0000 -1 M931
209.6830 -1.0000 -1 M930
141.1119 -1.0000 -1 M936
97.1477 -1.0000 -1 M819
387.0687 -1.0000 -1 M818
163.9516 -1.0000 -1 M938
122.0850 -1.0000 -1 M816
250.6059 -1.0000 -1 M921
441.0857 -1.0000 -1 M920
224.1337 -1.0000 -1 M923
319.9034 -1.0000 -1 M801
556.7353 -1.0000 -1 M808
67.0150 -1.0000 -1 M1411
389.8587 -1.0000 -1 M712
231.4522 -1.0000 -1 M952
247.4737 -1.0000 -1 M716
188.2942 -1.0000 -1 M958
183.5664 -1.0000 -1 M715
227.8545 -1.0000 -1 M713
230.6597 -1.0000 -1 M955
60.0633 -1.0000 -1 M719
610.2719 -1.0000 -1 M838
202.3216 -1.0000 -1 M959
113.0620 -1.0000 -1 M1410
324.7614 -1.0000 -1 M1306
453.7343 -1.0000 -1 M1308
175.7885 -1.0000 -1 M1301
441.0152 -1.0000 -1 M701
134.1149 -1.0000 -1 M943
215.2964 -1.0000 -1 M821
526.8488 -1.0000 -1 M820
65.4977 -1.0000 -1 M705
327.7364 -1.0000 -1 M704
529.6532 -1.0000 -1 M825
224.9204 -1.0000 -1 M946
160.5900 -1.0000 -1 M702
503.8715 -1.0000 -1 M829
242.2784 -1.0000 -1 M707
510.9124 -1.0000 -1 M828
72.8283 -1.0000 -1 M827
311.7171 -1.0000 -1 M948
217.8838 -1.0000 -1 M1300
262.6717 -1.0000 -1 M730
248.3977 -1.0000 -1 M971
267.6034 -1.0000 -1 M734
117.1680 -1.0000 -1 M855
430.7773 -1.0000 -1 M976
299.0935 -1.0000 -1 M611
385.1595 -1.0000 -1 M974
234.9389 -1.0000 -1 M610
346.5473 -1.0000 -1 M731
143.5402 -1.0000 -1 M852
217.0822 -1.0000 -1 M973
255.9522 -1.0000 -1 M859
449.1443 -1.0000 -1 M616
54.0179 -1.0000 -1 M858
201.2114 -1.0000 -1 M857
226.5322 -1.0000 -1 M619
315.4431 -1.0000 -1 M618
186.4232 -1.0000 -1 M739
327.5553 -1.0000 -1 M1405
41.3550 -1.0000 -1 M1406
410.8177 -1.0000 -1 M1407
262.4675 -1.0000 -1 M961
315.1845 -1.0000 -1 M1400
528.9049 -1.0000 -1 M1401
426.3971 -1.0000 -1 M1403
456.2295 -1.0000 -1 M723
54.0597 -1.0000 -1 M844
360.5831 -1.0000 -1 M965
382.4532 -1.0000 -1 M722
427.3293 -1.0000 -1 M600
375.7503 -1.0000 -1 M842
183.7985 -1.0000 -1 M963
104.3364 -1.0000 -1 M962
412.7090 -1.0000 -1 M848
413.2543 -1.0000 -1 M1408
243.2836 -1.0000 -1 M605
231.8965 -1.0000 -1 M726
43.6489 -1.0000 -1 M847
248.7551 -1.0000 -1 M968
308.2981 -1.0000 -1 M1409
110.1830 -1.0000 -1 M845
56.0950 -1.0000 -1 M966
109.3898 -1.0000 -1 M607
271.0586 -1.0000 -1 M990
252.7298 -1.0000 -1 M1217
54.8644 -1.0000 -1 M1339
170.4691 -1.0000 -1 M994
447.5576 -1.0000 -1 M630
242.9753 -1.0000 -1 M751
488.0537 -1.0000 -1 M872
321.9407 -1.0000 -1 M993
178.7900 -1.0000 -1 M1214
111.9147 -1.0000 -1 M1335
155.4519 -1.0000 -1 M992
200.2077 -1.0000 -1 M1215
547.1677 -1.0000 -1 M1336
161.1472 -1.0000 -1 M870
290.9983 -1.0000 -1 M991
71.7701 -1.0000 -1 M1337
319.5158 -1.0000 -1 M876
260.7530 -1.0000 -1 M512
77.4362 -1.0000 -1 M996
486.3420 -1.0000 -1 M511
491.3966 -1.0000 -1 M632
72.9541 -1.0000 -1 M753
226.5138 -1.0000 -1 M759
443.7120 -1.0000 -1 M515
176.7606 -1.0000 -1 M757
478.4232 -1.0000 -1 M1330
569.4022 -1.0000 -1 M1331
152.6760 -1.0000 -1 M1211
207.4315 -1.0000 -1 M1332
528.9081 -1.0000 -1 M1212
566.1801 -1.0000 -1 M1333
113.1201 -1.0000 -1 M1349
393.8276 -1.0000 -1 M1109
189.1604 -1.0000 -1 M620
484.8121 -1.0000 -1 M741
273.1105 -1.0000 -1 M862
484.2128 -1.0000 -1 M1103
322.6648 -1.0000 -1 M1345
214.3463 -1.0000 -1 M861
440.1941 -1.0000 -1 M1104
614.7275 -1.0000 -1 M981
286.4063 -1.0000 -1 M1105
289.5308 -1.0000 -1 M1226
560.0446 -1.0000 -1 M1347
223.4188 -1.0000 -1 M980
596.2807 -1.0000 -1 M1348
446.9181 -1.0000 -1 M503
139.4812 -1.0000 -1 M866
69.3275 -1.0000 -1 M987
331.3603 -1.0000 -1 M502
25.2589 -1.0000 -1 M623
353.2746 -1.0000 -1 M865
47.7983 -1.0000 -1 M501
334.4255 -1.0000 -1 M864
89.1793 -1.0000 -1 M500
520.2858 -1.0000 -1 M621
171.5501 -1.0000 -1 M742
470.5077 -1.0000 -1 M984
316.0927 -1.0000 -1 M507
94.7301 -1.0000 -1 M506
130.5295 -1.0000 -1 M627
210.6141 -1.0000 -1 M869
624.4379 -1.0000 -1 M989
400.6931 -1.0000 -1 M746
469.6301 -1.0000 -1 M988
112.7892 -1.0000 -1 M629
187.5764 -1.0000 -1 M1100
139.4809 -1.0000 -1 M1221
158.6713 -1.0000 -1 M1342
207.4589 -1.0000 -1 M1222
421.8083 -1.0000 -1 M1343
505.3736 -1.0000 -1 M1102
144.1356 -1.0000 -1 M1340
434.1187 -1.0000 -1 M890
174.2262 -1.0000 -1 M1317
120.8711 -1.0000 -1 M1319
109.1660 -1.0000 -1 M895
441.6515 -1.0000 -1 M652
153.5340 -1.0000 -1 M773
697.9118 -1.0000 -1 M651
513.4002 -1.0000 -1 M771
80.3859 -1.0000 -1 M1315
311.5989 -1.0000 -1 M899
145.1720 -1.0000 -1 M414
404.1939 -1.0000 -1 M535
170.4751 -1.0000 -1 M534
545.2944 -1.0000 -1 M897
75.1329 -1.0000 -1 M412
658.1015 -1.0000 -1 M533
625.1550 -1.0000 -1 M654
161.6816 -1.0000 -1 M419
340.9053 -1.0000 -1 M418
282.5687 -1.0000 -1 M659
391.8062 -1.0000 -1 M537
247.8794 -1.0000 -1 M658
171.2801 -1.0000 -1 M1310
375.8331 -1.0000 -1 M880
61.0813 -1.0000 -1 M1206
328.2170 -1.0000 -1 M1327
630.3535 -1.0000 -1 M400
133.1440 -1.0000 -1 M762
214.3742 -1.0000 -1 M883
262.1850 -1.0000 -1 M1324
497.3586 -1.0000 -1 M640
629.9333 -1.0000 -1 M1325
80.6521 -1.0000 -1 M760
173.0496 -1.0000 -1 M1326
166.7791 -1.0000 -1 M646
364.4017 -1.0000 -1 M645
47.5840 -1.0000 -1 M766
369.3231 -1.0000 -1 M523
127.8374 -1.0000 -1 M765
194.9764 -1.0000 -1 M401
103.0194 -1.0000 -1 M764
427.0859 -1.0000 -1 M885
535.9372 -1.0000 -1 M408
197.6302 -1.0000 -1 M407
50.2992 -1.0000 -1 M649
187.6687 -1.0000 -1 M527
47.6059 -1.0000 -1 M526
210.6727 -1.0000 -1 M1322
48.0919 -1.0000 -1 M792
143.4895 -1.0000 -1 M790
212.2757 -1.0000 -1 M554
130.1833 -1.0000 -1 M796
340.1703 -1.0000 -1 M1015
139.6777 -1.0000 -1 M1136
185.4736 -1.0000 -1 M1378
347.9017 -1.0000 -1 M311
516.5704 -1.0000 -1 M674
101.1080 -1.0000 -1 M795
477.3937 -1.0000 -1 M1137
665.6817 -1.0000 -1 M1258
293.9488 -1.0000 -1 M552
278.0424 -1.0000 -1 M551
94.8033 -1.0000 -1 M793
600.2081 -1.0000 -1 M1139
149.4017 -1.0000 -1 M558
283.4913 -1.0000 -1 M678
63.8843 -1.0000 -1 M439
366.9228 -1.0000 -1 M559
130.3272 -1.0000 -1 M1011
142.9951 -1.0000 -1 M1132
346.6963 -1.0000 -1 M1374
512.1057 -1.0000 -1 M1375
242.2005 -1.0000 -1 M1370
86.6360 -1.0000 -1 M1250
274.6182 -1.0000 -1 M1371
367.7710 -1.0000 -1 M1130
143.4906 -1.0000 -1 M1251
430.9104 -1.0000 -1 M1372
425.8392 -1.0000 -1 M1010
374.0870 -1.0000 -1 M1131
79.4816 -1.0000 -1 M1252
97.9087 -1.0000 -1 M1373
347.6921 -1.0000 -1 M660
75.4933 -1.0000 -1 M780
105.3585 -1.0000 -1 M543
361.3709 -1.0000 -1 M1268
10.4742 -1.0000 -1 M421
204.1257 -1.0000 -1 M663
295.5717 -1.0000 -1 M784
204.3016 -1.0000 -1 M1148
191.2704 -1.0000 -1 M1269
67.3926 -1.0000 -1 M1028
1.4893 -1.0000 -1 M1149
275.5156 -1.0000 -1 M540
271.7702 -1.0000 -1 M305
77.9292 -1.0000 -1 M426
62.8409 -1.0000 -1 M789
342.9237 -1.0000 -1 M424
291.2049 -1.0000 -1 M787
493.1340 -1.0000 -1 M544
316.4712 -1.0000 -1 M665
190.7598 -1.0000 -1 M786
120.1163 -1.0000 -1 M308
113.4002 -1.0000 -1 M307
270.4426 -1.0000 -1 M549
159.2833 -1.0000 -1 M1022
240.3962 -1.0000 -1 M1143
262.6920 -1.0000 -1 M1264
189.7601 -1.0000 -1 M1385
152.1496 -1.0000 -1 M1144
143.7902 -1.0000 -1 M1265
67.8128 -1.0000 -1 M1386
54.4143 -1.0000 -1 M1024
205.6664 -1.0000 -1 M1145
590.8081 -1.0000 -1 M1266
576.1298 -1.0000 -1 M1025
624.8797 -1.0000 -1 M1267
84.8642 -1.0000 -1 M1260
364.5896 -1.0000 -1 M1140
1.3036 -1.0000 -1 M1382
130.4876 -1.0000 -1 M1262
333.6815 -1.0000 -1 M1383
314.5831 -1.0000 -1 M1021
670.8525 -1.0000 -1 M1263
238.6981 -1.0000 -1 M330
146.6778 -1.0000 -1 M693
208.2665 -1.0000 -1 M1239
508.0941 -1.0000 -1 M571
324.6122 -1.0000 -1 M692
414.4046 -1.0000 -1 M1119
102.3918 -1.0000 -1 M570
153.6424 -1.0000 -1 M691
467.3875 -1.0000 -1 M690
437.0866 -1.0000 -1 M576
628.3231 -1.0000 -1 M697
150.8591 -1.0000 -1 M1235
634.3603 -1.0000 -1 M1356
291.7265 -1.0000 -1 M454
310.2413 -1.0000 -1 M696
515.1003 -1.0000 -1 M1115
335.7295 -1.0000 -1 M1357
325.9966 -1.0000 -1 M453
218.0166 -1.0000 -1 M1358
108.3234 -1.0000 -1 M331
42.2947 -1.0000 -1 M573
142.1831 -1.0000 -1 M1117
330.4082 -1.0000 -1 M1359
342.6560 -1.0000 -1 M338
288.8137 -1.0000 -1 M216
420.1215 -1.0000 -1 M215
99.4280 -1.0000 -1 M578
59.7336 -1.0000 -1 M699
47.5756 -1.0000 -1 M214
278.4794 -1.0000 -1 M335
347.7554 -1.0000 -1 M698
225.9909 -1.0000 -1 M218
63.4434 -1.0000 -1 M1231
293.7364 -1.0000 -1 M1352
167.7215 -1.0000 -1 M1353
62.0440 -1.0000 -1 M1112
173.3212 -1.0000 -1 M1113
209.8145 -1.0000 -1 M1355
86.0158 -1.0000 -1 M1350
121.7722 -1.0000 -1 M1351
333.7566 -1.0000 -1 M440
438.4381 -1.0000 -1 M561
387.6555 -1.0000 -1 M1009
126.9874 -1.0000 -1 M202
251.2581 -1.0000 -1 M1246
29.2334 -1.0000 -1 M322
140.2467 -1.0000 -1 M564
21.7556 -1.0000 -1 M685
285.7333 -1.0000 -1 M1005
293.4905 -1.0000 -1 M1368
158.2555 -1.0000 -1 M200
313.6691 -1.0000 -1 M320
162.9253 -1.0000 -1 M1007
311.2797 -1.0000 -1 M327
369.8069 -1.0000 -1 M326
175.4690 -1.0000 -1 M325
192.3585 -1.0000 -1 M446
195.6707 -1.0000 -1 M567
143.8028 -1.0000 -1 M324
161.2096 -1.0000 -1 M566
218.0823 -1.0000 -1 M687
139.8599 -1.0000 -1 M209
298.7960 -1.0000 -1 M1363
173.9439 -1.0000 -1 M1001
127.5465 -1.0000 -1 M1122
528.5455 -1.0000 -1 M1364
279.0812 -1.0000 -1 M1002
435.4694 -1.0000 -1 M1123
344.8933 -1.0000 -1 M1365
197.2861 -1.0000 -1 M1003
288.2074 -1.0000 -1 M1366
71.4774 -1.0000 -1 M1360
278.8187 -1.0000 -1 M1240
181.6937 -1.0000 -1 M1361
456.7808 -1.0000 -1 M1120
231.0446 -1.0000 -1 M1241
344.7606 -1.0000 -1 M1362
477.1479 -1.0000 -1 M231
335.2746 -1.0000 -1 M352
493.1439 -1.0000 -1 M473
215.1919 -1.0000 -1 M593
151.7379 -1.0000 -1 M350
151.6541 -1.0000 -1 M592
162.9129 -1.0000 -1 M470
234.8228 -1.0000 -1 M598
239.9423 -1.0000 -1 M355
208.1048 -1.0000 -1 M112
355.2758 -1.0000 -1 M354
309.6048 -1.0000 -1 M232
352.4748 -1.0000 -1 M238
175.2489 -1.0000 -1 M359
198.3005 -1.0000 -1 M237
456.9328 -1.0000 -1 M479
179.7721 -1.0000 -1 M115
351.7048 -1.0000 -1 M236
479.6061 -1.0000 -1 M357
107.2414 -1.0000 -1 M1290
223.2897 -1.0000 -1 M1170
156.2914 -1.0000 -1 M1050
234.5722 -1.0000 -1 M1055
199.6156 -1.0000 -1 M1176
469.3553 -1.0000 -1 M1177
187.7978 -1.0000 -1 M1178
223.2181 -1.0000 -1 M1179
404.6556 -1.0000 -1 M480
255.9027 -1.0000 -1 M1051
253.8185 -1.0000 -1 M1172
533.0144 -1.0000 -1 M1175
464.8581 -1.0000 -1 M220
31.1830 -1.0000 -1 M340
216.6365 -1.0000 -1 M461
141.3379 -1.0000 -1 M460
281.7282 -1.0000 -1 M581
246.8627 -1.0000 -1 M224
367.5212 -1.0000 -1 M466
244.7246 -1.0000 -1 M223
229.7180 -1.0000 -1 M344
299.9173 -1.0000 -1 M342
393.8758 -1.0000 -1 M463
244.1262 -1.0000 -1 M584
390.0459 -1.0000 -1 M228
372.6767 -1.0000 -1 M348
389.8797 -1.0000 -1 M105
85.2528 -1.0000 -1 M347
69.6713 -1.0000 -1 M589
195.6239 -1.0000 -1 M225
233.2002 -1.0000 -1 M346
221.3379 -1.0000 -1 M467
230.2090 -1.0000 -1 M588
179.0970 -1.0000 -1 M1060
205.2688 -1.0000 -1 M1062
265.5718 -1.0000 -1 M1064
493.7348 -1.0000 -1 M1065
260.8206 -1.0000 -1 M253
303.2738 -1.0000 -1 M374
150.5318 -1.0000 -1 M252
269.5020 -1.0000 -1 M494
227.5789 -1.0000 -1 M372
302.9492 -1.0000 -1 M250
213.0243 -1.0000 -1 M257
117.5341 -1.0000 -1 M378
292.3778 -1.0000 -1 M1037
300.5111 -1.0000 -1 M1158
348.2045 -1.0000 -1 M1279
287.1954 -1.0000 -1 M135
227.9399 -1.0000 -1 M256
455.1539 -1.0000 -1 M377
661.4861 -1.0000 -1 M1159
241.6424 -1.0000 -1 M255
166.8759 -1.0000 -1 M497
181.2487 -1.0000 -1 M1039
407.8699 -1.0000 -1 M254
153.9830 -1.0000 -1 M375
273.6198 -1.0000 -1 M259
165.1567 -1.0000 -1 M379
267.4231 -1.0000 -1 M1390
80.3740 -1.0000 -1 M1033
105.4059 -1.0000 -1 M1154
190.4794 -1.0000 -1 M1275
349.7894 -1.0000 -1 M1396
390.6459 -1.0000 -1 M1155
132.7888 -1.0000 -1 M1276
336.9962 -1.0000 -1 M1397
26.4063 -1.0000 -1 M1277
69.0707 -1.0000 -1 M1398
298.0886 -1.0000 -1 M1399
466.4937 -1.0000 -1 M260
287.2026 -1.0000 -1 M1150
217.9598 -1.0000 -1 M1271
302.0530 -1.0000 -1 M1392
422.6108 -1.0000 -1 M1272
296.1385 -1.0000 -1 M1393
349.6154 -1.0000 -1 M1031
277.1769 -1.0000 -1 M1273
192.8068 -1.0000 -1 M1394
229.1626 -1.0000 -1 M1153
262.5754 -1.0000 -1 M1274
177.3016 -1.0000 -1 M1395
404.7124 -1.0000 -1 M242
431.6770 -1.0000 -1 M483
95.9841 -1.0000 -1 M240
259.8875 -1.0000 -1 M482
583.4116 -1.0000 -1 M481
251.0105 -1.0000 -1 M125
537.6739 -1.0000 -1 M246
313.7152 -1.0000 -1 M1169
389.3725 -1.0000 -1 M245
258.9729 -1.0000 -1 M366
155.5310 -1.0000 -1 M487
134.3294 -1.0000 -1 M244
179.6445 -1.0000 -1 M486
243.7974 -1.0000 -1 M243
139.6418 -1.0000 -1 M128
400.9394 -1.0000 -1 M126
311.1740 -1.0000 -1 M247
183.5870 -1.0000 -1 M489
205.2258 -1.0000 -1 M1280
92.8875 -1.0000 -1 M1281
267.3731 -1.0000 -1 M1044
143.1218 -1.0000 -1 M1286
173.8257 -1.0000 -1 M1166
153.8162 -1.0000 -1 M1288
290.9139 -1.0000 -1 M1047
236.7530 -1.0000 -1 M1168
507.2329 -1.0000 -1 M1041
309.7914 -1.0000 -1 M1283
311.1778 -1.0000 -1 M1042
443.0795 -1.0000 -1 M1163
279.9695 -1.0000 -1 M1284
78.5504 -1.0000 -1 M1043
555.0476 -1.0000 -1 M275
142.1162 -1.0000 -1 M396
160.1529 -1.0000 -1 M394
543.4156 -1.0000 -1 M151
289.1095 -1.0000 -1 M393
93.1916 -1.0000 -1 M279
246.4252 -1.0000 -1 M278
57.3164 -1.0000 -1 M156
377.8349 -1.0000 -1 M398
49.0778 -1.0000 -1 M276
658.4888 -1.0000 -1 M1099
279.1238 -1.0000 -1 M1097
289.7823 -1.0000 -1 M264
231.5258 -1.0000 -1 M141
141.4493 -1.0000 -1 M262
215.6858 -1.0000 -1 M261
239.9347 -1.0000 -1 M389
96.7302 -1.0000 -1 M146
195.7043 -1.0000 -1 M388
425.3777 -1.0000 -1 M265
528.9073 -1.0000 -1 M386
437.6084 -1.0000 -1 M149
21.6649 -1.0000 -1 M269
616.4829 -1.0000 -1 M13
652.1382 -1.0000 -1 M18
313.3549 -1.0000 -1 M150
119.0235 -1.0000 -1 M392
300.3117 -1.0000 -1 M270
40.2330 -1.0000 -1 M390
410.7526 -1.0000 -1 M297
195.3554 -1.0000 -1 M1191
248.7783 -1.0000 -1 M1072
375.9502 -1.0000 -1 M1193
163.6934 -1.0000 -1 M1198
256.8148 -1.0000 -1 M1074
180.2727 -1.0000 -1 M1195
410.0608 -1.0000 -1 M1075
48.6658 -1.0000 -1 M165
368.4355 -1.0000 -1 M285
235.4187 -1.0000 -1 M283
361.8948 -1.0000 -1 M169
247.8271 -1.0000 -1 M289
260.9659 -1.0000 -1 M1083
276.5455 -1.0000 -1 M1088
312.1400 -1.0000 -1 M172
94.7616 -1.0000 -1 M1084
511.9728 -1.0000 -1 M170
147.0867 -1.0000 -1 M291
195.6759 -1.0000 -1 M290
72.1701 -1.0000 -1 M1087
158.8334 -1.0000 -1 M198
488.9563 -1.0000 -1 M196
338.7666 -1.0000 -1 M185
144.6811 -1.0000 -1 M189
459.8698 -1.0000 -1 M194
218.9845 -1.0000 -1 M192
654.2976 -1.0000 -1 M71
