# Scenario da_prophet
# distance at msg send, delivery time, hop count, MSG_ID
67.6363 3.0000 2 M1
195.4771 14.0000 6 M3
167.6064 48.0000 3 M4
22.2825 1.0000 1 M11
131.3930 28.0000 2 M16
211.7436 11.0000 6 M19
90.7869 9.0000 2 M22
29.7302 1.0000 1 M26
473.5999 147.0000 1 M15
463.4051 220.0000 2 M10
51.2570 2.0000 1 M41
87.5639 2.0000 2 M44
80.5863 95.0000 3 M32
227.6074 154.0000 4 M23
204.1584 82.0000 2 M38
70.9652 2.0000 2 M55
205.7747 73.0000 2 M47
157.7779 87.0000 2 M46
132.3784 45.0000 1 M56
208.6809 68.0000 5 M54
546.1570 300.0000 5 M25
81.9485 174.0000 5 M43
68.3009 9.0000 3 M70
462.2130 168.0000 4 M51
409.4504 161.0000 2 M52
54.7688 91.0000 7 M62
119.0636 17.0000 3 M73
170.8915 68.0000 3 M66
60.2007 260.0000 2 M39
594.5887 190.0000 4 M50
502.3631 315.0000 7 M33
280.8881 116.0000 5 M64
225.0310 499.0000 6 M9
467.7694 368.0000 4 M30
228.7212 183.0000 5 M57
205.8326 88.0000 4 M74
48.1304 1.0000 1 M87
664.1410 187.0000 2 M63
282.1734 508.0000 5 M17
226.7532 437.0000 9 M28
634.0859 177.0000 3 M65
144.3946 64.0000 3 M81
372.4283 622.0000 3 M2
343.2828 581.0000 4 M8
631.1191 433.0000 1 M31
80.1946 23.0000 2 M90
217.0380 106.0000 3 M80
170.7963 136.0000 3 M77
154.3668 270.0000 1 M58
207.7322 19.0000 5 M92
302.5878 290.0000 7 M59
72.5627 19.0000 4 M99
18.2856 4.0000 1 M101
235.6053 81.0000 1 M91
287.9187 497.0000 6 M34
394.7168 185.0000 6 M78
479.2410 535.0000 4 M29
651.8156 277.0000 1 M67
571.2946 662.0000 2 M14
385.6920 288.0000 6 M68
374.4639 529.0000 3 M35
217.5617 172.0000 2 M86
151.4502 79.0000 1 M100
170.1887 67.0000 4 M102
339.3434 193.0000 3 M85
207.4341 99.0000 5 M98
263.0506 665.0000 5 M20
383.0614 254.0000 3 M79
293.4360 385.0000 3 M61
406.9548 311.0000 4 M72
407.1774 741.0000 4 M12
692.5779 779.0000 4 M7
90.3668 16.0000 2 M117
243.9575 89.0000 2 M107
153.1438 96.0000 3 M108
15.8595 3.0000 1 M122
641.6545 527.0000 4 M49
440.7510 216.0000 3 M95
321.4696 603.0000 2 M45
273.8644 731.0000 7 M27
79.5552 52.0000 2 M123
92.9045 20.0000 2 M130
181.0772 202.0000 3 M103
181.4692 682.0000 3 M37
376.8638 148.0000 2 M113
35.9209 1.0000 1 M137
373.0740 217.0000 6 M106
101.5368 19.0000 1 M136
78.0639 48.0000 1 M132
581.8225 889.0000 1 M21
29.8107 108.0000 2 M133
80.6077 32.0000 2 M145
177.2796 65.0000 1 M140
269.6662 200.0000 3 M120
376.3994 286.0000 1 M111
470.8764 591.0000 1 M69
137.2125 391.0000 2 M96
99.5864 73.0000 2 M147
195.1731 260.0000 2 M119
214.4619 588.0000 4 M75
71.8467 550.0000 3 M82
40.9168 2.0000 1 M161
24.6165 4.0000 2 M164
523.1626 343.0000 2 M116
444.2304 359.0000 1 M114
533.3003 407.0000 3 M110
373.0753 1152.0000 3 M5
417.7309 522.0000 2 M93
180.2790 111.0000 1 M154
433.8231 332.0000 2 M124
669.2846 516.0000 2 M97
237.7013 111.0000 2 M157
187.0071 38.0000 2 M167
470.7553 630.0000 2 M84
287.1954 301.0000 3 M135
9.0795 6.0000 1 M178
298.7276 1219.0000 4 M6
240.1832 369.0000 3 M127
113.9549 43.0000 2 M174
179.7721 466.0000 2 M115
129.5462 52.0000 2 M176
203.5424 154.0000 4 M162
153.3501 260.0000 3 M148
323.2694 770.0000 5 M76
143.9156 717.0000 2 M83
84.0923 50.0000 2 M180
413.4052 223.0000 3 M155
593.3830 462.0000 4 M121
386.7226 578.0000 3 M104
617.0454 1152.0000 2 M24
24.5157 13.0000 1 M187
432.3075 352.0000 3 M138
142.7950 352.0000 2 M139
348.1236 702.0000 2 M89
686.0041 1079.0000 2 M42
297.1698 209.0000 2 M166
251.6476 140.0000 2 M177
686.4223 758.0000 2 M88
270.7426 176.0000 2 M173
355.9889 450.0000 2 M134
395.3830 567.0000 3 M118
503.3394 481.0000 3 M131
340.2661 283.0000 1 M160
712.6321 501.0000 2 M129
137.5202 211.0000 1 M171
372.5788 165.0000 2 M179
64.8283 25.0000 2 M201
107.1745 59.0000 1 M197
182.7838 434.0000 3 M144
15.7971 10.0000 1 M204
32.3503 2.0000 1 M205
497.8420 336.0000 1 M159
320.7646 273.0000 3 M168
170.0404 228.0000 3 M175
73.4703 71.0000 2 M199
218.8677 355.0000 2 M158
212.6091 192.0000 1 M183
146.4552 58.0000 2 M203
410.7172 482.0000 3 M143
14.4201 1.0000 1 M211
159.4193 138.0000 3 M193
359.9112 1213.0000 4 M40
611.2453 1127.0000 3 M53
47.5756 6.0000 1 M214
62.0025 16.0000 1 M217
184.5313 108.0000 1 M207
216.6345 265.0000 4 M186
218.9845 235.0000 2 M192
102.1513 91.0000 2 M212
11.0200 13.0000 1 M227
696.3762 957.0000 4 M94
327.4008 194.0000 3 M208
524.2495 903.0000 4 M109
48.6658 533.0000 4 M165
67.1006 41.0000 2 M249
299.3615 447.0000 3 M195
42.7314 3.0000 1 M258
141.4493 44.0000 1 M262
297.7037 289.0000 5 M230
140.8989 268.0000 2 M235
178.2826 381.0000 2 M219
124.2294 593.0000 3 M191
282.1275 431.0000 2 M213
217.6614 385.0000 3 M221
80.5823 17.0000 1 M273
94.5640 323.0000 6 M233
189.4866 108.0000 2 M263
21.5851 29.0000 2 M274
351.7048 304.0000 5 M236
169.0529 670.0000 5 M188
136.3912 31.0000 2 M281
459.1385 351.0000 2 M239
158.1863 44.0000 2 M284
135.9813 729.0000 5 M190
209.0348 637.0000 5 M206
40.8596 811.0000 3 M182
99.5327 40.0000 3 M292
98.0257 16.0000 2 M295
225.5875 1683.0000 3 M60
389.3725 399.0000 2 M245
66.1565 24.0000 1 M299
247.9681 404.0000 1 M251
510.8733 298.0000 1 M266
320.0344 120.0000 2 M294
351.1098 171.0000 2 M287
252.7386 587.0000 1 M229
389.2423 597.0000 2 M234
200.4994 561.0000 2 M241
231.3131 802.0000 2 M210
260.4586 121.0000 1 M309
21.9036 82.0000 2 M315
113.1214 49.0000 1 M321
160.5446 85.0000 1 M317
374.2161 1275.0000 8 M152
17.2291 2.0000 1 M333
259.9704 400.0000 1 M282
181.0954 71.0000 2 M329
49.6464 31.0000 2 M339
7.5893 3.0000 1 M343
229.2764 195.0000 3 M318
194.0813 85.0000 1 M341
136.1214 60.0000 3 M349
223.2262 479.0000 3 M293
221.7155 358.0000 1 M313
242.4622 77.0000 2 M353
183.7640 121.0000 2 M351
31.2930 1.0000 1 M370
206.5325 1028.0000 5 M226
32.1830 45.0000 1 M365
124.0264 407.0000 2 M319
106.0494 35.0000 1 M373
142.7692 72.0000 1 M369
46.7778 16.0000 1 M380
34.2765 4.0000 1 M383
246.4820 387.0000 1 M328
418.9165 265.0000 1 M345
58.0191 16.0000 2 M382
91.3918 18.0000 2 M385
49.0778 797.0000 7 M276
288.3369 538.0000 1 M314
285.7846 242.0000 1 M356
48.1012 8.0000 2 M391
555.0476 823.0000 3 M275
303.2738 181.0000 1 M374
27.1615 90.0000 4 M387
20.1598 11.0000 1 M399
15.1252 54.0000 1 M395
40.2330 92.0000 4 M390
134.2797 45.0000 1 M397
95.0787 29.0000 1 M402
234.1197 170.0000 2 M384
66.4100 42.0000 1 M405
121.2369 56.0000 1 M403
75.1329 9.0000 2 M412
331.5217 305.0000 2 M371
161.3649 282.0000 3 M376
249.1147 245.0000 2 M381
356.7915 388.0000 2 M360
213.0243 1126.0000 5 M257
82.4419 84.0000 4 M406
430.0540 408.0000 2 M358
10.4742 10.0000 1 M421
151.7379 506.0000 4 M350
276.9386 431.0000 2 M364
92.5683 35.0000 2 M422
100.4571 32.0000 1 M423
10.1429 1.0000 1 M428
77.9292 24.0000 2 M426
166.4506 106.0000 2 M415
102.5829 105.0000 2 M417
25.5004 3.0000 1 M431
96.1496 23.0000 1 M432
124.3175 36.0000 2 M430
65.9104 16.0000 2 M436
144.3797 186.0000 4 M420
55.5070 86.0000 2 M434
68.6455 24.0000 1 M445
586.3834 257.0000 2 M413
117.5058 285.0000 3 M410
24.8952 14.0000 1 M448
205.2517 54.0000 1 M451
78.0186 235.0000 2 M427
322.3454 126.0000 3 M443
568.5607 904.0000 2 M334
340.7152 673.0000 3 M368
214.9028 901.0000 4 M336
2.3980 9.0000 1 M462
27.8557 2.0000 1 M468
233.9746 111.0000 2 M455
80.0029 311.0000 1 M429
224.5137 62.0000 1 M464
279.6724 175.0000 4 M450
262.4149 173.0000 1 M452
29.4556 35.0000 1 M471
80.2104 34.0000 2 M476
28.4445 33.0000 1 M478
186.0170 365.0000 2 M437
288.1619 160.0000 2 M465
390.1892 221.0000 3 M458
324.0998 1116.0000 5 M337
345.0419 261.0000 2 M459
175.7018 74.0000 1 M488
256.0262 115.0000 2 M484
183.5870 82.0000 1 M489
179.6445 105.0000 3 M486
178.1432 56.0000 1 M496
110.3752 92.0000 1 M493
151.0217 58.0000 2 M499
5.1943 1.0000 1 M508
331.2632 484.0000 2 M442
212.8294 468.0000 3 M444
72.9043 32.0000 1 M505
122.5337 26.0000 3 M513
67.2417 16.0000 1 M517
312.9265 110.0000 1 M504
28.8360 18.0000 1 M519
117.1088 50.0000 2 M516
47.6059 1.0000 1 M526
40.4898 12.0000 1 M528
154.1666 98.0000 2 M521
140.8624 44.0000 3 M530
393.8758 530.0000 2 M463
13.1136 6.0000 2 M539
67.7078 20.0000 1 M542
0.5837 30.0000 1 M545
105.3585 48.0000 3 M543
80.8224 282.0000 4 M510
439.9960 473.0000 1 M485
407.7037 246.0000 2 M518
472.7632 282.0000 2 M514
37.3786 27.0000 1 M550
121.3041 21.0000 3 M553
199.4397 281.0000 3 M520
310.0018 497.0000 2 M491
300.0260 112.0000 2 M546
486.3420 382.0000 2 M511
134.1434 94.0000 2 M555
59.8419 47.0000 1 M563
294.8762 251.0000 2 M536
102.3918 27.0000 2 M570
220.8008 575.0000 4 M492
58.6471 10.0000 2 M574
82.4950 83.0000 2 M565
33.9486 30.0000 1 M575
331.3603 549.0000 3 M502
131.4740 171.0000 2 M557
94.7055 735.0000 5 M477
333.7566 1037.0000 3 M440
135.5952 44.0000 1 M580
367.5212 843.0000 3 M466
2.0535 29.0000 1 M586
361.1254 104.0000 1 M577
142.5966 60.0000 1 M583
136.3194 518.0000 2 M522
222.6319 401.0000 2 M538
358.2249 257.0000 2 M560
39.7404 11.0000 1 M594
36.6863 5.0000 1 M597
100.6479 34.0000 2 M596
278.0424 361.0000 6 M551
4.0707 20.0000 1 M601
241.4697 142.0000 3 M591
407.2072 163.0000 1 M590
176.2199 68.0000 2 M612
10.0407 5.0000 1 M622
115.5198 33.0000 1 M624
170.9963 151.0000 2 M606
263.2705 112.0000 3 M614
167.3015 166.0000 1 M609
335.6283 226.0000 3 M602
264.3618 141.0000 1 M615
107.5275 30.0000 1 M633
404.1939 728.0000 4 M535
40.3766 7.0000 1 M642
130.5295 124.0000 2 M627
215.1919 374.0000 1 M593
173.7567 50.0000 1 M641
62.1875 18.0000 1 M647
322.6369 132.0000 1 M631
81.4535 55.0000 2 M643
50.2992 30.0000 2 M649
46.9610 1.0000 1 M656
166.7791 84.0000 1 M646
134.1081 175.0000 1 M637
254.5424 207.0000 3 M635
199.5074 192.0000 1 M639
163.9466 106.0000 1 M653
125.5530 145.0000 1 M648
134.6410 1043.0000 2 M524
359.4801 1241.0000 2 M495
111.4127 27.0000 2 M672
93.2938 31.0000 1 M675
179.2113 522.0000 1 M604
132.6741 69.0000 2 M671
71.1615 19.0000 1 M679
242.6207 116.0000 2 M666
56.5520 31.0000 1 M681
216.6189 86.0000 1 M677
62.0870 1131.0000 5 M531
226.5322 512.0000 4 M619
189.9020 774.0000 4 M582
51.1232 171.0000 2 M670
117.3786 60.0000 1 M688
94.0132 52.0000 1 M689
204.0874 121.0000 2 M680
1.6940 3.0000 1 M700
196.8604 300.0000 4 M661
9.9181 8.0000 1 M708
44.1465 1.0000 1 M718
146.6778 181.0000 2 M693
60.0633 2.0000 2 M719
46.5254 26.0000 2 M717
4.0304 1.0000 1 M724
464.1941 624.0000 3 M638
255.4888 314.0000 2 M684
36.7066 56.0000 2 M721
551.3336 670.0000 3 M634
228.9174 197.0000 1 M703
11.2127 15.0000 1 M729
21.8950 1.0000 1 M732
49.6573 134.0000 3 M714
380.0402 463.0000 3 M668
470.3842 606.0000 4 M650
155.4757 578.0000 3 M657
117.6740 25.0000 1 M735
51.8866 49.0000 3 M733
176.9174 91.0000 2 M728
51.1463 23.0000 2 M738
55.4002 12.0000 2 M740
32.4135 75.0000 1 M736
19.2368 9.0000 1 M748
51.5922 951.0000 6 M625
216.3320 299.0000 3 M720
138.4669 69.0000 2 M752
40.1454 3.0000 1 M763
525.9217 1173.0000 6 M599
226.5319 65.0000 1 M758
189.1604 1046.0000 3 M620
172.6812 93.0000 4 M756
56.7104 4.0000 1 M770
467.3875 616.0000 2 M690
227.4047 62.0000 1 M769
141.0534 161.0000 2 M755
137.6064 92.0000 3 M768
68.4668 30.0000 2 M783
459.1681 317.0000 1 M744
470.8288 330.0000 3 M743
62.8409 10.0000 1 M789
484.8121 360.0000 2 M741
232.5172 655.0000 4 M709
174.5254 152.0000 1 M781
145.7295 84.0000 3 M794
236.8330 159.0000 2 M785
242.9629 578.0000 2 M727
176.4379 226.0000 1 M777
14.4891 1.0000 1 M807
416.0646 814.0000 3 M695
133.8379 24.0000 1 M805
41.1486 55.0000 1 M804
20.3963 4.0000 1 M814
92.7747 39.0000 1 M809
159.6482 306.0000 4 M778
130.1833 179.0000 4 M796
13.4058 82.0000 2 M810
117.9145 75.0000 1 M813
289.1483 1393.0000 8 M628
123.5306 95.0000 2 M812
382.4532 766.0000 5 M722
226.9876 188.0000 2 M802
14.8151 4.0000 1 M833
316.0927 2340.0000 11 M507
140.2467 1942.0000 10 M564
181.0723 297.0000 4 M797
182.3311 55.0000 2 M831
200.4428 609.0000 3 M761
354.1854 175.0000 3 M823
62.3645 82.0000 2 M835
120.0239 43.0000 2 M841
180.9272 475.0000 1 M788
144.4391 41.0000 1 M850
569.6618 317.0000 2 M815
259.6077 637.0000 2 M774
249.2950 467.0000 3 M798
443.7465 286.0000 2 M824
58.7341 72.0000 4 M854
26.9723 6.0000 2 M867
677.1583 315.0000 1 M826
91.7930 45.0000 1 M875
59.9215 21.0000 2 M881
436.2325 782.0000 2 M782
248.0406 123.0000 1 M873
48.5799 43.0000 2 M891
289.0933 367.0000 2 M849
409.3777 133.0000 1 M884
96.2183 13.0000 2 M903
292.9947 272.0000 2 M868
430.0792 228.0000 2 M874
101.6495 150.0000 1 M886
62.8390 12.0000 2 M915
71.0809 17.0000 1 M916
109.4250 25.0000 1 M919
497.4236 522.0000 1 M851
211.1145 258.0000 1 M889
441.8114 618.0000 2 M839
26.4080 18.0000 1 M926
31.3589 8.0000 1 M928
186.7400 115.0000 2 M914
22.3657 4.0000 1 M933
402.1584 195.0000 1 M908
41.7717 1.0000 1 M939
21.8090 1.0000 1 M945
259.5459 165.0000 1 M922
340.5518 137.0000 2 M929
256.0902 176.0000 1 M925
46.1791 25.0000 1 M947
221.6873 514.0000 2 M878
347.7554 1820.0000 6 M698
178.0123 122.0000 2 M940
334.4255 657.0000 4 M864
66.5488 124.0000 3 M941
29.1354 106.0000 3 M944
460.1280 888.0000 4 M834
139.7860 49.0000 1 M957
236.4937 120.0000 3 M949
25.8820 12.0000 1 M964
190.8545 622.0000 2 M879
242.6099 102.0000 2 M954
366.3174 359.0000 3 M918
75.3333 336.0000 3 M924
510.9124 1058.0000 3 M828
26.1694 3.0000 1 M977
384.9174 352.0000 1 M927
227.5340 71.0000 1 M969
110.5073 572.0000 3 M900
250.4696 73.0000 1 M975
172.2893 52.0000 1 M978
222.2223 567.0000 2 M910
231.1618 62.0000 2 M982
653.7037 560.0000 1 M912
376.5565 419.0000 2 M934
243.0524 1118.0000 4 M836
210.0151 110.0000 1 M979
159.4652 710.0000 4 M894
419.4453 287.0000 2 M956
34.6153 5.0000 1 M999
75.9010 34.0000 2 M997
268.0449 303.0000 3 M970
269.1978 458.0000 2 M950
332.6759 112.0000 2 M998
130.3272 37.0000 2 M1011
69.8279 23.0000 1 M1013
60.5425 2.0000 2 M1016
67.3926 6.0000 2 M1028
309.9581 166.0000 2 M1008
247.4429 711.0000 3 M935
614.7275 403.0000 2 M981
170.4691 317.0000 3 M994
245.3214 324.0000 4 M995
487.6409 194.0000 1 M1014
110.4774 213.0000 5 M1012
129.8797 41.0000 1 M1036
172.8506 119.0000 2 M1026
38.4951 1.0000 1 M1045
78.5504 23.0000 1 M1043
0.3416 1.0000 1 M1048
191.4571 184.0000 3 M1023
167.6828 593.0000 3 M972
430.7773 575.0000 2 M976
31.1494 6.0000 1 M1057
8.2262 48.0000 1 M1052
37.7332 1.0000 1 M1059
250.3207 77.0000 1 M1049
416.1534 435.0000 4 M1004
36.0610 5.0000 1 M1068
297.6984 1216.0000 3 M898
37.6861 1.0000 1 M1073
314.5831 383.0000 3 M1021
435.6729 266.0000 1 M1038
242.0662 361.0000 2 M1027
220.6205 82.0000 1 M1067
201.7599 211.0000 2 M1056
400.9942 404.0000 1 M1034
94.7616 57.0000 2 M1084
80.9691 20.0000 2 M1089
348.8092 763.0000 4 M986
103.7729 111.0000 2 M1079
218.0438 102.0000 2 M1081
126.6323 100.0000 1 M1082
278.6941 515.0000 2 M1029
133.0186 65.0000 2 M1094
206.1062 131.0000 2 M1086
47.4457 21.0000 1 M1101
150.2474 295.0000 2 M1070
70.3846 503.0000 3 M1040
93.6328 33.0000 1 M1110
155.0510 146.0000 2 M1095
61.4512 14.0000 2 M1114
162.3874 191.0000 2 M1091
153.1611 74.0000 2 M1108
290.9139 541.0000 5 M1047
106.4947 47.0000 2 M1118
26.7501 17.0000 2 M1124
286.4063 151.0000 2 M1105
370.3449 239.0000 2 M1093
62.0440 134.0000 2 M1112
201.7675 494.0000 2 M1063
258.3300 302.0000 2 M1090
268.5968 180.0000 2 M1111
212.6380 118.0000 3 M1121
32.1719 6.0000 1 M1138
257.9962 1114.0000 4 M985
142.1831 221.0000 2 M1117
45.0050 36.0000 2 M1146
343.7288 234.0000 3 M1125
50.4601 12.0000 2 M1157
31.2025 10.0000 1 M1160
75.4411 158.0000 2 M1141
113.8419 264.0000 3 M1127
56.0034 38.0000 1 M1165
232.5753 196.0000 1 M1151
99.7130 436.0000 1 M1116
394.2542 359.0000 2 M1129
40.9444 47.0000 1 M1173
199.6156 33.0000 3 M1176
234.5430 906.0000 5 M1054
127.5465 429.0000 3 M1122
65.9396 9.0000 2 M1181
143.3820 156.0000 3 M1162
82.3164 11.0000 2 M1182
54.9238 32.0000 1 M1180
317.3647 160.0000 2 M1164
250.6586 318.0000 2 M1142
259.0155 152.0000 2 M1167
120.3826 120.0000 1 M1171
13.7368 8.0000 1 M1187
236.7530 154.0000 1 M1168
11.2208 45.0000 2 M1184
61.6906 10.0000 2 M1189
293.1355 796.0000 4 M1077
432.6473 409.0000 4 M1135
58.4136 19.0000 1 M1192
394.7012 355.0000 2 M1147
149.5870 72.0000 1 M1186
252.4292 96.0000 1 M1185
145.3924 46.0000 1 M1194
54.6260 38.0000 1 M1197
185.8295 735.0000 4 M1098
78.0867 43.0000 1 M1199
37.8293 23.0000 2 M1205
61.0813 23.0000 1 M1206
104.7319 77.0000 1 M1200
17.3499 77.0000 1 M1202
317.0873 1285.0000 3 M1032
151.6384 227.0000 3 M1183
253.8185 320.0000 3 M1172
8.6811 1.0000 1 M1220
300.5111 449.0000 5 M1158
114.8750 101.0000 2 M1209
176.2823 111.0000 2 M1208
443.0795 483.0000 1 M1163
301.7881 288.0000 1 M1190
10.5164 7.0000 1 M1233
158.7948 112.0000 2 M1218
233.3907 1169.0000 4 M1071
285.7333 1636.0000 7 M1005
81.2097 4.0000 2 M1237
107.1602 93.0000 2 M1224
559.0512 1328.0000 5 M1053
27.0399 6.0000 2 M1242
63.4434 86.0000 2 M1231
43.3721 4.0000 2 M1247
94.1342 40.0000 1 M1244
28.4245 10.0000 2 M1248
13.7153 1.0000 1 M1255
528.9081 303.0000 3 M1212
217.6290 256.0000 2 M1219
276.3970 334.0000 3 M1213
16.4770 34.0000 2 M1257
227.3056 357.0000 2 M1210
507.2329 1548.0000 6 M1041
201.7259 73.0000 2 M1253
228.1374 95.0000 1 M1254
58.4072 515.0000 3 M1196
245.1509 694.0000 5 M1174
70.8211 178.0000 2 M1249
22.5763 53.0000 1 M1270
26.4063 1.0000 1 M1277
229.7714 377.0000 2 M1223
127.3737 541.0000 3 M1207
143.7902 167.0000 3 M1265
540.1368 647.0000 2 M1204
20.8862 12.0000 1 M1296
182.6743 70.0000 2 M1289
406.7752 1436.0000 5 M1096
176.8845 62.0000 1 M1291
181.9578 52.0000 1 M1295
98.7771 28.0000 2 M1299
190.8922 539.0000 5 M1234
374.0870 1290.0000 7 M1131
56.0187 91.0000 1 M1304
49.1807 7.0000 1 M1321
350.5992 234.0000 1 M1292
99.1047 12.0000 2 M1323
74.5426 18.0000 2 M1328
139.7494 219.0000 3 M1307
479.8160 769.0000 1 M1230
353.0371 222.0000 3 M1311
37.4469 45.0000 2 M1338
564.4781 229.0000 1 M1312
30.5637 7.0000 1 M1346
158.6713 77.0000 2 M1342
143.4906 739.0000 4 M1251
80.2134 80.0000 2 M1344
151.2957 452.0000 3 M1294
400.0586 352.0000 2 M1309
408.0303 1074.0000 2 M1216
3.9111 1.0000 1 M1369
480.8265 258.0000 2 M1341
624.8797 808.0000 3 M1267
21.4707 1.0000 1 M1379
401.4952 540.0000 1 M1305
144.1356 309.0000 5 M1340
514.8791 225.0000 2 M1354
505.6264 448.0000 2 M1329
41.7443 24.0000 2 M1387
120.8711 529.0000 2 M1319
361.7325 553.0000 2 M1316
110.5167 31.0000 2 M1389
211.4624 98.0000 1 M1381
188.9980 57.0000 1 M1388
313.4777 219.0000 2 M1367
41.6075 1.0000 1 M1402
22.9618 1.0000 1 M1404
232.3788 204.0000 2 M1376
213.3817 96.0000 1 M1391
275.4048 918.0000 4 M1282
267.4231 144.0000 2 M1390
736.0497 -1.0000 -1 M913
130.3656 -1.0000 -1 M911
180.5276 -1.0000 -1 M917
357.2597 -1.0000 -1 M902
225.5334 -1.0000 -1 M901
144.0143 -1.0000 -1 M907
225.0154 -1.0000 -1 M906
181.9046 -1.0000 -1 M905
464.6293 -1.0000 -1 M904
285.2138 -1.0000 -1 M909
263.5547 -1.0000 -1 M811
583.5346 -1.0000 -1 M932
159.4175 -1.0000 -1 M931
209.6830 -1.0000 -1 M930
141.1119 -1.0000 -1 M936
97.1477 -1.0000 -1 M819
387.0687 -1.0000 -1 M818
246.6620 -1.0000 -1 M817
163.9516 -1.0000 -1 M938
122.0850 -1.0000 -1 M816
277.8181 -1.0000 -1 M937
236.5477 -1.0000 -1 M800
250.6059 -1.0000 -1 M921
441.0857 -1.0000 -1 M920
80.6840 -1.0000 -1 M803
224.1337 -1.0000 -1 M923
319.9034 -1.0000 -1 M801
556.7353 -1.0000 -1 M808
83.8494 -1.0000 -1 M806
67.0150 -1.0000 -1 M1411
389.8587 -1.0000 -1 M712
227.6382 -1.0000 -1 M711
195.4162 -1.0000 -1 M832
530.5395 -1.0000 -1 M953
272.8013 -1.0000 -1 M710
231.4522 -1.0000 -1 M952
179.9659 -1.0000 -1 M830
158.5692 -1.0000 -1 M951
247.4737 -1.0000 -1 M716
285.8206 -1.0000 -1 M837
188.2942 -1.0000 -1 M958
183.5664 -1.0000 -1 M715
227.8545 -1.0000 -1 M713
230.6597 -1.0000 -1 M955
610.2719 -1.0000 -1 M838
202.3216 -1.0000 -1 M959
113.0620 -1.0000 -1 M1410
324.7614 -1.0000 -1 M1306
453.7343 -1.0000 -1 M1308
175.7885 -1.0000 -1 M1301
220.1413 -1.0000 -1 M1302
340.4387 -1.0000 -1 M1303
441.0152 -1.0000 -1 M701
131.2847 -1.0000 -1 M822
134.1149 -1.0000 -1 M943
215.2964 -1.0000 -1 M821
92.1431 -1.0000 -1 M942
526.8488 -1.0000 -1 M820
65.4977 -1.0000 -1 M705
327.7364 -1.0000 -1 M704
529.6532 -1.0000 -1 M825
224.9204 -1.0000 -1 M946
160.5900 -1.0000 -1 M702
503.8715 -1.0000 -1 M829
242.2784 -1.0000 -1 M707
399.7772 -1.0000 -1 M706
72.8283 -1.0000 -1 M827
311.7171 -1.0000 -1 M948
217.8838 -1.0000 -1 M1300
262.6717 -1.0000 -1 M730
248.3977 -1.0000 -1 M971
268.2656 -1.0000 -1 M613
267.6034 -1.0000 -1 M734
117.1680 -1.0000 -1 M855
299.0935 -1.0000 -1 M611
93.3043 -1.0000 -1 M853
385.1595 -1.0000 -1 M974
234.9389 -1.0000 -1 M610
346.5473 -1.0000 -1 M731
143.5402 -1.0000 -1 M852
217.0822 -1.0000 -1 M973
451.4062 -1.0000 -1 M617
255.9522 -1.0000 -1 M859
449.1443 -1.0000 -1 M616
317.4912 -1.0000 -1 M737
54.0179 -1.0000 -1 M858
201.2114 -1.0000 -1 M857
338.1091 -1.0000 -1 M856
315.4431 -1.0000 -1 M618
186.4232 -1.0000 -1 M739
327.5553 -1.0000 -1 M1405
41.3550 -1.0000 -1 M1406
410.8177 -1.0000 -1 M1407
512.9771 -1.0000 -1 M840
262.4675 -1.0000 -1 M961
315.1845 -1.0000 -1 M1400
332.7598 -1.0000 -1 M960
528.9049 -1.0000 -1 M1401
426.3971 -1.0000 -1 M1403
456.2295 -1.0000 -1 M723
54.0597 -1.0000 -1 M844
360.5831 -1.0000 -1 M965
80.7000 -1.0000 -1 M843
427.3293 -1.0000 -1 M600
375.7503 -1.0000 -1 M842
183.7985 -1.0000 -1 M963
104.3364 -1.0000 -1 M962
412.7090 -1.0000 -1 M848
413.2543 -1.0000 -1 M1408
243.2836 -1.0000 -1 M605
231.8965 -1.0000 -1 M726
43.6489 -1.0000 -1 M847
248.7551 -1.0000 -1 M968
308.2981 -1.0000 -1 M1409
214.6957 -1.0000 -1 M725
114.8101 -1.0000 -1 M846
203.7811 -1.0000 -1 M967
313.1190 -1.0000 -1 M603
110.1830 -1.0000 -1 M845
56.0950 -1.0000 -1 M966
206.6108 -1.0000 -1 M608
109.3898 -1.0000 -1 M607
271.0586 -1.0000 -1 M990
252.7298 -1.0000 -1 M1217
54.8644 -1.0000 -1 M1339
259.4452 -1.0000 -1 M1334
447.5576 -1.0000 -1 M630
242.9753 -1.0000 -1 M751
488.0537 -1.0000 -1 M872
321.9407 -1.0000 -1 M993
178.7900 -1.0000 -1 M1214
111.9147 -1.0000 -1 M1335
39.1172 -1.0000 -1 M750
132.6881 -1.0000 -1 M871
155.4519 -1.0000 -1 M992
200.2077 -1.0000 -1 M1215
547.1677 -1.0000 -1 M1336
161.1472 -1.0000 -1 M870
290.9983 -1.0000 -1 M991
71.7701 -1.0000 -1 M1337
39.3222 -1.0000 -1 M877
319.5158 -1.0000 -1 M876
260.7530 -1.0000 -1 M512
216.7826 -1.0000 -1 M754
77.4362 -1.0000 -1 M996
491.3966 -1.0000 -1 M632
72.9541 -1.0000 -1 M753
226.5138 -1.0000 -1 M759
443.7120 -1.0000 -1 M515
493.6300 -1.0000 -1 M636
176.7606 -1.0000 -1 M757
478.4232 -1.0000 -1 M1330
569.4022 -1.0000 -1 M1331
152.6760 -1.0000 -1 M1211
207.4315 -1.0000 -1 M1332
566.1801 -1.0000 -1 M1333
397.1825 -1.0000 -1 M1107
197.4605 -1.0000 -1 M1228
113.1201 -1.0000 -1 M1349
394.6453 -1.0000 -1 M1229
393.8276 -1.0000 -1 M1109
273.1105 -1.0000 -1 M862
156.3033 -1.0000 -1 M983
484.2128 -1.0000 -1 M1103
322.6648 -1.0000 -1 M1345
214.3463 -1.0000 -1 M861
440.1941 -1.0000 -1 M1104
279.2749 -1.0000 -1 M1225
16.7914 -1.0000 -1 M860
289.5308 -1.0000 -1 M1226
560.0446 -1.0000 -1 M1347
223.4188 -1.0000 -1 M980
239.2720 -1.0000 -1 M1106
119.4752 -1.0000 -1 M1227
596.2807 -1.0000 -1 M1348
446.9181 -1.0000 -1 M503
243.5607 -1.0000 -1 M745
139.4812 -1.0000 -1 M866
69.3275 -1.0000 -1 M987
25.2589 -1.0000 -1 M623
353.2746 -1.0000 -1 M865
47.7983 -1.0000 -1 M501
89.1793 -1.0000 -1 M500
520.2858 -1.0000 -1 M621
171.5501 -1.0000 -1 M742
228.9528 -1.0000 -1 M863
470.5077 -1.0000 -1 M984
54.9715 -1.0000 -1 M749
94.7301 -1.0000 -1 M506
210.6141 -1.0000 -1 M869
212.9719 -1.0000 -1 M626
196.8677 -1.0000 -1 M747
624.4379 -1.0000 -1 M989
400.6931 -1.0000 -1 M746
469.6301 -1.0000 -1 M988
119.1957 -1.0000 -1 M509
112.7892 -1.0000 -1 M629
187.5764 -1.0000 -1 M1100
139.4809 -1.0000 -1 M1221
207.4589 -1.0000 -1 M1222
421.8083 -1.0000 -1 M1343
505.3736 -1.0000 -1 M1102
434.1187 -1.0000 -1 M890
174.2262 -1.0000 -1 M1317
150.7443 -1.0000 -1 M1318
101.8762 -1.0000 -1 M411
83.2408 -1.0000 -1 M532
109.1660 -1.0000 -1 M895
441.6515 -1.0000 -1 M652
153.5340 -1.0000 -1 M773
611.0620 -1.0000 -1 M1313
697.9118 -1.0000 -1 M651
121.5970 -1.0000 -1 M772
87.9250 -1.0000 -1 M893
299.4906 -1.0000 -1 M1314
513.4002 -1.0000 -1 M771
274.8503 -1.0000 -1 M892
80.3859 -1.0000 -1 M1315
311.5989 -1.0000 -1 M899
145.1720 -1.0000 -1 M414
170.4751 -1.0000 -1 M534
187.1753 -1.0000 -1 M655
248.0185 -1.0000 -1 M776
545.2944 -1.0000 -1 M897
658.1015 -1.0000 -1 M533
625.1550 -1.0000 -1 M654
162.4165 -1.0000 -1 M775
313.7959 -1.0000 -1 M896
161.6816 -1.0000 -1 M419
340.9053 -1.0000 -1 M418
282.5687 -1.0000 -1 M659
217.7632 -1.0000 -1 M416
391.8062 -1.0000 -1 M537
247.8794 -1.0000 -1 M658
361.6816 -1.0000 -1 M779
171.2801 -1.0000 -1 M1310
375.8331 -1.0000 -1 M880
328.2170 -1.0000 -1 M1327
630.3535 -1.0000 -1 M400
133.1440 -1.0000 -1 M762
214.3742 -1.0000 -1 M883
262.8824 -1.0000 -1 M1203
262.1850 -1.0000 -1 M1324
497.3586 -1.0000 -1 M640
341.6846 -1.0000 -1 M882
629.9333 -1.0000 -1 M1325
80.6521 -1.0000 -1 M760
173.0496 -1.0000 -1 M1326
214.0014 -1.0000 -1 M404
538.7481 -1.0000 -1 M525
134.8109 -1.0000 -1 M767
418.3142 -1.0000 -1 M888
364.4017 -1.0000 -1 M645
47.5840 -1.0000 -1 M766
217.5710 -1.0000 -1 M887
369.3231 -1.0000 -1 M523
391.7453 -1.0000 -1 M644
127.8374 -1.0000 -1 M765
194.9764 -1.0000 -1 M401
103.0194 -1.0000 -1 M764
427.0859 -1.0000 -1 M885
535.9372 -1.0000 -1 M408
350.1832 -1.0000 -1 M529
197.6302 -1.0000 -1 M407
187.6687 -1.0000 -1 M527
256.5601 -1.0000 -1 M409
313.7898 -1.0000 -1 M1320
400.9740 -1.0000 -1 M1201
210.6727 -1.0000 -1 M1322
48.0919 -1.0000 -1 M792
92.6963 -1.0000 -1 M1019
201.9062 -1.0000 -1 M791
143.4895 -1.0000 -1 M790
341.9352 -1.0000 -1 M312
197.5904 -1.0000 -1 M433
212.2757 -1.0000 -1 M554
340.1703 -1.0000 -1 M1015
139.6777 -1.0000 -1 M1136
185.4736 -1.0000 -1 M1378
347.9017 -1.0000 -1 M311
516.5704 -1.0000 -1 M674
101.1080 -1.0000 -1 M795
477.3937 -1.0000 -1 M1137
665.6817 -1.0000 -1 M1258
129.6290 -1.0000 -1 M310
293.9488 -1.0000 -1 M552
236.7978 -1.0000 -1 M673
213.8617 -1.0000 -1 M1017
321.0906 -1.0000 -1 M1259
94.8033 -1.0000 -1 M793
45.7313 -1.0000 -1 M1018
600.2081 -1.0000 -1 M1139
359.1601 -1.0000 -1 M316
149.4017 -1.0000 -1 M558
283.4913 -1.0000 -1 M678
392.7125 -1.0000 -1 M799
208.4371 -1.0000 -1 M435
680.6139 -1.0000 -1 M556
328.5124 -1.0000 -1 M676
63.8843 -1.0000 -1 M439
338.8243 -1.0000 -1 M438
366.9228 -1.0000 -1 M559
142.9951 -1.0000 -1 M1132
346.6963 -1.0000 -1 M1374
185.5349 -1.0000 -1 M1133
512.1057 -1.0000 -1 M1375
407.2459 -1.0000 -1 M1134
437.0199 -1.0000 -1 M1256
338.6400 -1.0000 -1 M1377
242.2005 -1.0000 -1 M1370
86.6360 -1.0000 -1 M1250
274.6182 -1.0000 -1 M1371
367.7710 -1.0000 -1 M1130
430.9104 -1.0000 -1 M1372
425.8392 -1.0000 -1 M1010
79.4816 -1.0000 -1 M1252
97.9087 -1.0000 -1 M1373
347.6921 -1.0000 -1 M660
75.4933 -1.0000 -1 M780
500.6118 -1.0000 -1 M301
114.9829 -1.0000 -1 M664
361.3709 -1.0000 -1 M1268
120.0296 -1.0000 -1 M300
204.1257 -1.0000 -1 M663
295.5717 -1.0000 -1 M784
204.3016 -1.0000 -1 M1148
191.2704 -1.0000 -1 M1269
335.9715 -1.0000 -1 M541
128.8875 -1.0000 -1 M662
1.4893 -1.0000 -1 M1149
275.5156 -1.0000 -1 M540
271.7702 -1.0000 -1 M305
231.7183 -1.0000 -1 M547
189.3788 -1.0000 -1 M304
121.5903 -1.0000 -1 M425
69.3506 -1.0000 -1 M667
237.1286 -1.0000 -1 M303
342.9237 -1.0000 -1 M424
291.2049 -1.0000 -1 M787
186.4676 -1.0000 -1 M302
493.1340 -1.0000 -1 M544
316.4712 -1.0000 -1 M665
190.7598 -1.0000 -1 M786
120.1163 -1.0000 -1 M308
113.4002 -1.0000 -1 M307
270.4426 -1.0000 -1 M549
154.2956 -1.0000 -1 M306
72.0657 -1.0000 -1 M548
250.9919 -1.0000 -1 M669
194.5002 -1.0000 -1 M1380
159.2833 -1.0000 -1 M1022
240.3962 -1.0000 -1 M1143
262.6920 -1.0000 -1 M1264
189.7601 -1.0000 -1 M1385
152.1496 -1.0000 -1 M1144
67.8128 -1.0000 -1 M1386
54.4143 -1.0000 -1 M1024
205.6664 -1.0000 -1 M1145
590.8081 -1.0000 -1 M1266
576.1298 -1.0000 -1 M1025
84.8642 -1.0000 -1 M1260
364.5896 -1.0000 -1 M1140
33.2698 -1.0000 -1 M1261
1.3036 -1.0000 -1 M1382
176.0503 -1.0000 -1 M1020
130.4876 -1.0000 -1 M1262
333.6815 -1.0000 -1 M1383
670.8525 -1.0000 -1 M1263
301.5120 -1.0000 -1 M1384
238.6981 -1.0000 -1 M330
156.1920 -1.0000 -1 M572
208.2665 -1.0000 -1 M1239
508.0941 -1.0000 -1 M571
324.6122 -1.0000 -1 M692
414.4046 -1.0000 -1 M1119
153.6424 -1.0000 -1 M691
437.0866 -1.0000 -1 M576
628.3231 -1.0000 -1 M697
150.8591 -1.0000 -1 M1235
634.3603 -1.0000 -1 M1356
291.7265 -1.0000 -1 M454
310.2413 -1.0000 -1 M696
515.1003 -1.0000 -1 M1115
257.1849 -1.0000 -1 M1236
335.7295 -1.0000 -1 M1357
248.6826 -1.0000 -1 M332
325.9966 -1.0000 -1 M453
218.0166 -1.0000 -1 M1358
108.3234 -1.0000 -1 M331
42.2947 -1.0000 -1 M573
395.3810 -1.0000 -1 M694
148.6180 -1.0000 -1 M1238
330.4082 -1.0000 -1 M1359
342.6560 -1.0000 -1 M338
288.8137 -1.0000 -1 M216
288.9791 -1.0000 -1 M579
420.1215 -1.0000 -1 M215
228.0936 -1.0000 -1 M457
99.4280 -1.0000 -1 M578
59.7336 -1.0000 -1 M699
278.4794 -1.0000 -1 M335
238.9035 -1.0000 -1 M456
225.9909 -1.0000 -1 M218
293.7364 -1.0000 -1 M1352
446.1590 -1.0000 -1 M1232
167.7215 -1.0000 -1 M1353
173.3212 -1.0000 -1 M1113
209.8145 -1.0000 -1 M1355
86.0158 -1.0000 -1 M1350
121.7722 -1.0000 -1 M1351
438.4381 -1.0000 -1 M561
54.8803 -1.0000 -1 M682
387.6555 -1.0000 -1 M1009
126.9874 -1.0000 -1 M202
322.7413 -1.0000 -1 M323
149.8113 -1.0000 -1 M686
251.2581 -1.0000 -1 M1246
29.2334 -1.0000 -1 M322
21.7556 -1.0000 -1 M685
63.9015 -1.0000 -1 M1126
293.4905 -1.0000 -1 M1368
158.2555 -1.0000 -1 M200
161.4505 -1.0000 -1 M1006
313.6691 -1.0000 -1 M320
63.6382 -1.0000 -1 M441
202.5925 -1.0000 -1 M562
186.7225 -1.0000 -1 M683
162.9253 -1.0000 -1 M1007
137.5665 -1.0000 -1 M1128
311.2797 -1.0000 -1 M327
170.6598 -1.0000 -1 M569
369.8069 -1.0000 -1 M326
341.7234 -1.0000 -1 M447
269.2476 -1.0000 -1 M568
175.4690 -1.0000 -1 M325
192.3585 -1.0000 -1 M446
195.6707 -1.0000 -1 M567
143.8028 -1.0000 -1 M324
161.2096 -1.0000 -1 M566
218.0823 -1.0000 -1 M687
139.8599 -1.0000 -1 M209
238.9939 -1.0000 -1 M449
241.6996 -1.0000 -1 M1000
298.7960 -1.0000 -1 M1363
173.9439 -1.0000 -1 M1001
500.2739 -1.0000 -1 M1243
528.5455 -1.0000 -1 M1364
279.0812 -1.0000 -1 M1002
435.4694 -1.0000 -1 M1123
344.8933 -1.0000 -1 M1365
197.2861 -1.0000 -1 M1003
300.9502 -1.0000 -1 M1245
288.2074 -1.0000 -1 M1366
71.4774 -1.0000 -1 M1360
278.8187 -1.0000 -1 M1240
181.6937 -1.0000 -1 M1361
456.7808 -1.0000 -1 M1120
231.0446 -1.0000 -1 M1241
344.7606 -1.0000 -1 M1362
477.1479 -1.0000 -1 M231
335.2746 -1.0000 -1 M352
493.1439 -1.0000 -1 M473
138.4924 -1.0000 -1 M472
151.6541 -1.0000 -1 M592
162.9129 -1.0000 -1 M470
234.8228 -1.0000 -1 M598
239.9423 -1.0000 -1 M355
208.1048 -1.0000 -1 M112
355.2758 -1.0000 -1 M354
254.9735 -1.0000 -1 M475
309.6048 -1.0000 -1 M232
174.9011 -1.0000 -1 M474
483.5732 -1.0000 -1 M595
352.4748 -1.0000 -1 M238
175.2489 -1.0000 -1 M359
198.3005 -1.0000 -1 M237
456.9328 -1.0000 -1 M479
479.6061 -1.0000 -1 M357
107.2414 -1.0000 -1 M1290
223.2897 -1.0000 -1 M1170
156.2914 -1.0000 -1 M1050
234.5722 -1.0000 -1 M1055
189.8191 -1.0000 -1 M1297
469.3553 -1.0000 -1 M1177
125.8661 -1.0000 -1 M1298
187.7978 -1.0000 -1 M1178
424.4720 -1.0000 -1 M1058
223.2181 -1.0000 -1 M1179
404.6556 -1.0000 -1 M480
255.9027 -1.0000 -1 M1051
205.7497 -1.0000 -1 M1293
533.0144 -1.0000 -1 M1175
464.8581 -1.0000 -1 M220
31.1830 -1.0000 -1 M340
216.6365 -1.0000 -1 M461
141.3379 -1.0000 -1 M460
281.7282 -1.0000 -1 M581
246.8627 -1.0000 -1 M224
85.5983 -1.0000 -1 M587
244.7246 -1.0000 -1 M223
229.7180 -1.0000 -1 M344
200.7483 -1.0000 -1 M222
199.0963 -1.0000 -1 M585
299.9173 -1.0000 -1 M342
244.1262 -1.0000 -1 M584
390.0459 -1.0000 -1 M228
372.6767 -1.0000 -1 M348
13.4826 -1.0000 -1 M469
389.8797 -1.0000 -1 M105
85.2528 -1.0000 -1 M347
69.6713 -1.0000 -1 M589
195.6239 -1.0000 -1 M225
233.2002 -1.0000 -1 M346
221.3379 -1.0000 -1 M467
230.2090 -1.0000 -1 M588
179.0970 -1.0000 -1 M1060
232.3021 -1.0000 -1 M1061
270.2189 -1.0000 -1 M1066
207.4211 -1.0000 -1 M1188
70.9195 -1.0000 -1 M1069
205.2688 -1.0000 -1 M1062
265.5718 -1.0000 -1 M1064
493.7348 -1.0000 -1 M1065
260.8206 -1.0000 -1 M253
150.5318 -1.0000 -1 M252
269.5020 -1.0000 -1 M494
227.5789 -1.0000 -1 M372
302.9492 -1.0000 -1 M250
117.5341 -1.0000 -1 M378
292.3778 -1.0000 -1 M1037
348.2045 -1.0000 -1 M1279
227.9399 -1.0000 -1 M256
455.1539 -1.0000 -1 M377
134.2902 -1.0000 -1 M498
661.4861 -1.0000 -1 M1159
241.6424 -1.0000 -1 M255
166.8759 -1.0000 -1 M497
181.2487 -1.0000 -1 M1039
407.8699 -1.0000 -1 M254
153.9830 -1.0000 -1 M375
273.6198 -1.0000 -1 M259
165.1567 -1.0000 -1 M379
80.3740 -1.0000 -1 M1033
105.4059 -1.0000 -1 M1154
190.4794 -1.0000 -1 M1275
349.7894 -1.0000 -1 M1396
390.6459 -1.0000 -1 M1155
132.7888 -1.0000 -1 M1276
336.9962 -1.0000 -1 M1397
66.8926 -1.0000 -1 M1035
384.0096 -1.0000 -1 M1156
69.0707 -1.0000 -1 M1398
441.9939 -1.0000 -1 M1278
298.0886 -1.0000 -1 M1399
466.4937 -1.0000 -1 M260
287.2026 -1.0000 -1 M1150
217.9598 -1.0000 -1 M1271
302.0530 -1.0000 -1 M1392
77.7746 -1.0000 -1 M1030
422.6108 -1.0000 -1 M1272
296.1385 -1.0000 -1 M1393
349.6154 -1.0000 -1 M1031
302.7245 -1.0000 -1 M1152
277.1769 -1.0000 -1 M1273
192.8068 -1.0000 -1 M1394
229.1626 -1.0000 -1 M1153
262.5754 -1.0000 -1 M1274
177.3016 -1.0000 -1 M1395
404.7124 -1.0000 -1 M242
352.2266 -1.0000 -1 M363
188.1101 -1.0000 -1 M362
431.6770 -1.0000 -1 M483
95.9841 -1.0000 -1 M240
281.5522 -1.0000 -1 M361
259.8875 -1.0000 -1 M482
583.4116 -1.0000 -1 M481
251.0105 -1.0000 -1 M125
537.6739 -1.0000 -1 M246
331.0876 -1.0000 -1 M367
313.7152 -1.0000 -1 M1169
258.9729 -1.0000 -1 M366
155.5310 -1.0000 -1 M487
134.3294 -1.0000 -1 M244
243.7974 -1.0000 -1 M243
139.6418 -1.0000 -1 M128
404.5677 -1.0000 -1 M248
400.9394 -1.0000 -1 M126
311.1740 -1.0000 -1 M247
205.2258 -1.0000 -1 M1280
92.8875 -1.0000 -1 M1281
267.3731 -1.0000 -1 M1044
143.1218 -1.0000 -1 M1286
173.8257 -1.0000 -1 M1166
532.2858 -1.0000 -1 M1287
208.3530 -1.0000 -1 M1046
153.8162 -1.0000 -1 M1288
187.3106 -1.0000 -1 M1161
126.9101 -1.0000 -1 M490
309.7914 -1.0000 -1 M1283
311.1778 -1.0000 -1 M1042
279.9695 -1.0000 -1 M1284
183.1280 -1.0000 -1 M1285
142.1162 -1.0000 -1 M396
392.8279 -1.0000 -1 M153
160.1529 -1.0000 -1 M394
543.4156 -1.0000 -1 M151
64.4631 -1.0000 -1 M272
289.1095 -1.0000 -1 M393
93.1916 -1.0000 -1 M279
246.4252 -1.0000 -1 M278
57.3164 -1.0000 -1 M156
260.8116 -1.0000 -1 M277
377.8349 -1.0000 -1 M398
218.1188 -1.0000 -1 M1092
658.4888 -1.0000 -1 M1099
233.0511 -1.0000 -1 M280
279.1238 -1.0000 -1 M1097
289.7823 -1.0000 -1 M264
280.3305 -1.0000 -1 M142
231.5258 -1.0000 -1 M141
215.6858 -1.0000 -1 M261
402.0236 -1.0000 -1 M268
239.9347 -1.0000 -1 M389
96.7302 -1.0000 -1 M146
359.6667 -1.0000 -1 M267
195.7043 -1.0000 -1 M388
425.3777 -1.0000 -1 M265
528.9073 -1.0000 -1 M386
437.6084 -1.0000 -1 M149
21.6649 -1.0000 -1 M269
616.4829 -1.0000 -1 M13
652.1382 -1.0000 -1 M18
313.3549 -1.0000 -1 M150
384.5009 -1.0000 -1 M271
119.0235 -1.0000 -1 M392
300.3117 -1.0000 -1 M270
410.7526 -1.0000 -1 M297
294.7556 -1.0000 -1 M296
598.2961 -1.0000 -1 M298
195.3554 -1.0000 -1 M1191
248.7783 -1.0000 -1 M1072
375.9502 -1.0000 -1 M1193
163.6934 -1.0000 -1 M1198
191.4145 -1.0000 -1 M1078
256.8148 -1.0000 -1 M1074
180.2727 -1.0000 -1 M1195
339.8615 -1.0000 -1 M181
410.0608 -1.0000 -1 M1075
159.7634 -1.0000 -1 M1076
336.2738 -1.0000 -1 M286
368.4355 -1.0000 -1 M285
126.8474 -1.0000 -1 M163
235.4187 -1.0000 -1 M283
361.8948 -1.0000 -1 M169
247.8271 -1.0000 -1 M289
121.4928 -1.0000 -1 M288
224.0962 -1.0000 -1 M1080
168.9704 -1.0000 -1 M36
260.9659 -1.0000 -1 M1083
276.5455 -1.0000 -1 M1088
312.1400 -1.0000 -1 M172
183.2436 -1.0000 -1 M1085
511.9728 -1.0000 -1 M170
147.0867 -1.0000 -1 M291
195.6759 -1.0000 -1 M290
72.1701 -1.0000 -1 M1087
158.8334 -1.0000 -1 M198
488.9563 -1.0000 -1 M196
264.3874 -1.0000 -1 M48
338.7666 -1.0000 -1 M185
122.9767 -1.0000 -1 M184
144.6811 -1.0000 -1 M189
459.8698 -1.0000 -1 M194
654.2976 -1.0000 -1 M71
