# time  created  delivered  delivered/created
7.0000 1 0 0.0000
10.0000 1 1 1.0000
16.0000 2 1 0.5000
21.0000 3 1 0.3333
29.0000 4 1 0.2500
35.0000 4 2 0.5000
37.0000 5 2 0.4000
44.0000 6 2 0.3333
50.0000 7 2 0.2857
58.0000 8 2 0.2500
66.0000 9 2 0.2222
71.0000 10 2 0.2000
77.0000 10 3 0.3000
79.0000 11 3 0.2727
80.0000 11 4 0.3636
85.0000 12 4 0.3333
91.0000 13 4 0.3077
97.0000 14 4 0.2857
105.0000 15 4 0.2667
112.0000 16 4 0.2500
121.0000 17 4 0.2353
128.0000 18 4 0.2222
134.0000 19 4 0.2105
140.0000 19 5 0.2632
141.0000 20 5 0.2500
145.0000 20 6 0.3000
149.0000 21 6 0.2857
155.0000 22 6 0.2727
163.0000 23 6 0.2609
164.0000 23 7 0.3043
168.0000 24 7 0.2917
177.0000 25 7 0.2800
182.0000 26 7 0.2692
183.0000 26 8 0.3077
188.0000 27 8 0.2963
193.0000 28 8 0.2857
199.0000 29 8 0.2759
204.0000 30 8 0.2667
213.0000 31 8 0.2581
219.0000 32 8 0.2500
228.0000 33 8 0.2424
235.0000 34 8 0.2353
244.0000 35 8 0.2286
251.0000 36 8 0.2222
252.0000 36 9 0.2500
259.0000 37 9 0.2432
268.0000 38 9 0.2368
276.0000 39 9 0.2308
284.0000 40 9 0.2250
291.0000 40 10 0.2500
293.0000 41 10 0.2439
295.0000 41 11 0.2683
300.0000 42 11 0.2619
305.0000 43 11 0.2558
310.0000 44 11 0.2500
312.0000 44 12 0.2727
314.0000 44 13 0.2955
315.0000 45 13 0.2889
317.0000 45 14 0.3111
323.0000 46 14 0.3043
330.0000 47 14 0.2979
336.0000 48 14 0.2917
343.0000 49 14 0.2857
350.0000 49 15 0.3061
352.0000 50 15 0.3000
357.0000 51 15 0.2941
365.0000 52 15 0.2885
371.0000 53 15 0.2830
378.0000 54 15 0.2778
386.0000 55 15 0.2727
388.0000 55 16 0.2909
392.0000 56 16 0.2857
399.0000 57 16 0.2807
403.0000 57 17 0.2982
406.0000 58 17 0.2931
410.0000 58 18 0.3103
415.0000 59 18 0.3051
420.0000 60 18 0.3000
427.0000 61 18 0.2951
435.0000 62 18 0.2903
437.0000 62 19 0.3065
441.0000 63 19 0.3016
446.0000 63 20 0.3175
449.0000 64 20 0.3125
454.0000 65 20 0.3077
462.0000 66 20 0.3030
470.0000 67 20 0.2985
477.0000 67 21 0.3134
478.0000 68 21 0.3088
479.0000 68 22 0.3235
487.0000 69 22 0.3188
493.0000 70 22 0.3143
498.0000 71 22 0.3099
502.0000 71 23 0.3239
507.0000 72 23 0.3194
512.0000 73 23 0.3151
519.0000 74 23 0.3108
524.0000 75 23 0.3067
525.0000 75 24 0.3200
526.0000 75 25 0.3333
526.0000 75 26 0.3467
529.0000 75 27 0.3600
530.0000 75 28 0.3733
533.0000 76 28 0.3684
536.0000 76 29 0.3816
539.0000 77 29 0.3766
542.0000 77 30 0.3896
543.0000 77 31 0.4026
548.0000 78 31 0.3974
555.0000 79 31 0.3924
563.0000 80 31 0.3875
565.0000 80 32 0.4000
565.0000 80 33 0.4125
572.0000 81 33 0.4074
572.0000 81 34 0.4198
581.0000 82 34 0.4146
582.0000 82 35 0.4268
590.0000 83 35 0.4217
599.0000 84 35 0.4167
606.0000 85 35 0.4118
607.0000 85 36 0.4235
615.0000 86 36 0.4186
621.0000 87 36 0.4138
622.0000 87 37 0.4253
627.0000 88 37 0.4205
628.0000 88 38 0.4318
629.0000 88 39 0.4432
630.0000 88 40 0.4545
631.0000 88 41 0.4659
636.0000 89 41 0.4607
636.0000 89 42 0.4719
638.0000 89 43 0.4831
639.0000 89 44 0.4944
643.0000 90 44 0.4889
646.0000 90 45 0.5000
650.0000 91 45 0.4945
659.0000 92 45 0.4891
666.0000 92 46 0.5000
668.0000 93 46 0.4946
669.0000 93 47 0.5054
675.0000 93 48 0.5161
676.0000 94 48 0.5106
676.0000 94 49 0.5213
678.0000 94 50 0.5319
681.0000 95 50 0.5263
689.0000 96 50 0.5208
694.0000 97 50 0.5155
701.0000 98 50 0.5102
705.0000 98 51 0.5204
706.0000 99 51 0.5152
714.0000 100 51 0.5100
721.0000 101 51 0.5050
725.0000 101 52 0.5149
725.0000 101 53 0.5248
729.0000 102 53 0.5196
731.0000 102 54 0.5294
732.0000 102 55 0.5392
733.0000 102 56 0.5490
734.0000 103 56 0.5437
734.0000 103 57 0.5534
741.0000 104 57 0.5481
747.0000 104 58 0.5577
748.0000 105 58 0.5524
753.0000 106 58 0.5472
759.0000 106 59 0.5566
761.0000 107 59 0.5514
766.0000 107 60 0.5607
769.0000 108 60 0.5556
773.0000 108 61 0.5648
774.0000 109 61 0.5596
781.0000 110 61 0.5545
787.0000 110 62 0.5636
789.0000 111 62 0.5586
793.0000 111 63 0.5676
794.0000 112 63 0.5625
796.0000 112 64 0.5714
799.0000 112 65 0.5804
800.0000 113 65 0.5752
800.0000 113 66 0.5841
806.0000 113 67 0.5929
807.0000 114 67 0.5877
809.0000 114 68 0.5965
812.0000 114 69 0.6053
815.0000 115 69 0.6000
818.0000 115 70 0.6087
821.0000 116 70 0.6034
826.0000 117 70 0.5983
826.0000 117 71 0.6068
829.0000 117 72 0.6154
834.0000 118 72 0.6102
839.0000 119 72 0.6050
842.0000 119 73 0.6134
848.0000 120 73 0.6083
850.0000 120 74 0.6167
854.0000 121 74 0.6116
863.0000 122 74 0.6066
865.0000 122 75 0.6148
866.0000 122 76 0.6230
870.0000 122 77 0.6311
871.0000 123 77 0.6260
877.0000 124 77 0.6210
883.0000 125 77 0.6160
890.0000 126 77 0.6111
896.0000 127 77 0.6063
897.0000 127 78 0.6142
903.0000 128 78 0.6094
908.0000 129 78 0.6047
914.0000 130 78 0.6000
918.0000 130 79 0.6077
919.0000 130 80 0.6154
921.0000 131 80 0.6107
923.0000 131 81 0.6183
929.0000 132 81 0.6136
934.0000 133 81 0.6090
934.0000 133 82 0.6165
936.0000 133 83 0.6241
941.0000 134 83 0.6194
941.0000 134 84 0.6269
948.0000 135 84 0.6222
948.0000 135 85 0.6296
955.0000 136 85 0.6250
962.0000 137 85 0.6204
963.0000 137 86 0.6277
968.0000 138 86 0.6232
970.0000 138 87 0.6304
974.0000 139 87 0.6259
974.0000 139 88 0.6331
977.0000 139 89 0.6403
979.0000 140 89 0.6357
988.0000 141 89 0.6312
993.0000 142 89 0.6268
998.0000 143 89 0.6224
1003.0000 144 89 0.6181
1012.0000 145 89 0.6138
1019.0000 146 89 0.6096
1025.0000 147 89 0.6054
1032.0000 148 89 0.6014
1038.0000 148 90 0.6081
1040.0000 149 90 0.6040
1042.0000 149 91 0.6107
1044.0000 149 92 0.6174
1044.0000 149 93 0.6242
1047.0000 150 93 0.6200
1048.0000 150 94 0.6267
1056.0000 151 94 0.6225
1065.0000 152 94 0.6184
1074.0000 153 94 0.6144
1075.0000 153 95 0.6209
1078.0000 153 96 0.6275
1080.0000 153 97 0.6340
1081.0000 154 97 0.6299
1090.0000 155 97 0.6258
1096.0000 156 97 0.6218
1098.0000 156 98 0.6282
1099.0000 156 99 0.6346
1101.0000 157 99 0.6306
1108.0000 158 99 0.6266
1112.0000 158 100 0.6329
1116.0000 159 100 0.6289
1123.0000 160 100 0.6250
1129.0000 161 100 0.6211
1131.0000 161 101 0.6273
1131.0000 161 102 0.6335
1136.0000 162 102 0.6296
1143.0000 163 102 0.6258
1152.0000 164 102 0.6220
1156.0000 164 103 0.6280
1161.0000 165 103 0.6242
1164.0000 165 104 0.6303
1166.0000 165 105 0.6364
1170.0000 166 105 0.6325
1177.0000 167 105 0.6287
1182.0000 168 105 0.6250
1188.0000 168 106 0.6310
1189.0000 169 106 0.6272
1189.0000 169 107 0.6331
1190.0000 169 108 0.6391
1192.0000 169 109 0.6450
1195.0000 170 109 0.6412
1200.0000 171 109 0.6374
1206.0000 172 109 0.6337
1209.0000 172 110 0.6395
1210.0000 172 111 0.6453
1212.0000 172 112 0.6512
1215.0000 173 112 0.6474
1215.0000 173 113 0.6532
1223.0000 174 113 0.6494
1228.0000 175 113 0.6457
1229.0000 175 114 0.6514
1233.0000 176 114 0.6477
1242.0000 177 114 0.6441
1247.0000 178 114 0.6404
1249.0000 178 115 0.6461
1253.0000 179 115 0.6425
1253.0000 179 116 0.6480
1262.0000 180 116 0.6444
1263.0000 180 117 0.6500
1265.0000 180 118 0.6556
1266.0000 180 119 0.6611
1267.0000 181 119 0.6575
1273.0000 182 119 0.6538
1281.0000 183 119 0.6503
1281.0000 183 120 0.6557
1285.0000 183 121 0.6612
1288.0000 184 121 0.6576
1290.0000 184 122 0.6630
1292.0000 184 123 0.6685
1294.0000 185 123 0.6649
1300.0000 186 123 0.6613
1303.0000 186 124 0.6667
1307.0000 187 124 0.6631
1307.0000 187 125 0.6684
1312.0000 187 126 0.6738
1313.0000 188 126 0.6702
1313.0000 188 127 0.6755
1316.0000 188 128 0.6809
1319.0000 189 128 0.6772
1319.0000 189 129 0.6825
1320.0000 189 130 0.6878
1320.0000 189 131 0.6931
1320.0000 189 132 0.6984
1326.0000 189 133 0.7037
1327.0000 190 133 0.7000
1336.0000 191 133 0.6963
1338.0000 191 134 0.7016
1344.0000 192 134 0.6979
1349.0000 193 134 0.6943
1358.0000 194 134 0.6907
1366.0000 195 134 0.6872
1372.0000 196 134 0.6837
1377.0000 197 134 0.6802
1379.0000 197 135 0.6853
1379.0000 197 136 0.6904
1382.0000 197 137 0.6954
1383.0000 198 137 0.6919
1385.0000 198 138 0.6970
1389.0000 199 138 0.6935
1391.0000 199 139 0.6985
1391.0000 199 140 0.7035
1394.0000 200 140 0.7000
1401.0000 200 141 0.7050
1402.0000 200 142 0.7100
1403.0000 201 142 0.7065
1406.0000 201 143 0.7114
1409.0000 201 144 0.7164
1411.0000 202 144 0.7129
1411.0000 202 145 0.7178
1418.0000 202 146 0.7228
1420.0000 203 146 0.7192
1428.0000 204 146 0.7157
1428.0000 204 147 0.7206
1436.0000 204 148 0.7255
1437.0000 205 148 0.7220
1437.0000 205 149 0.7268
1438.0000 205 150 0.7317
1439.0000 205 151 0.7366
1446.0000 206 151 0.7330
1452.0000 206 152 0.7379
1455.0000 207 152 0.7343
1455.0000 207 153 0.7391
1456.0000 207 154 0.7440
1460.0000 207 155 0.7488
1463.0000 207 156 0.7536
1464.0000 208 156 0.7500
1469.0000 209 156 0.7464
1473.0000 209 157 0.7512
1476.0000 210 157 0.7476
1478.0000 210 158 0.7524
1480.0000 210 159 0.7571
1485.0000 211 159 0.7536
1486.0000 211 160 0.7583
1487.0000 211 161 0.7630
1492.0000 212 161 0.7594
1497.0000 212 162 0.7642
1498.0000 212 163 0.7689
1499.0000 213 163 0.7653
1506.0000 214 163 0.7617
1512.0000 214 164 0.7664
1515.0000 215 164 0.7628
1522.0000 216 164 0.7593
1531.0000 217 164 0.7558
1537.0000 218 164 0.7523
1545.0000 219 164 0.7489
1547.0000 219 165 0.7534
1553.0000 220 165 0.7500
1560.0000 221 165 0.7466
1563.0000 221 166 0.7511
1565.0000 221 167 0.7557
1568.0000 222 167 0.7523
1575.0000 223 167 0.7489
1579.0000 223 168 0.7534
1580.0000 224 168 0.7500
1583.0000 224 169 0.7545
1586.0000 225 169 0.7511
1593.0000 226 169 0.7478
1599.0000 227 169 0.7445
1606.0000 228 169 0.7412
1612.0000 228 170 0.7456
1614.0000 229 170 0.7424
1622.0000 230 170 0.7391
1628.0000 231 170 0.7359
1633.0000 231 171 0.7403
1634.0000 232 171 0.7371
1642.0000 233 171 0.7339
1651.0000 234 171 0.7308
1656.0000 235 171 0.7277
1658.0000 235 172 0.7319
1664.0000 236 172 0.7288
1670.0000 237 172 0.7257
1675.0000 238 172 0.7227
1677.0000 238 173 0.7269
1681.0000 239 173 0.7238
1688.0000 240 173 0.7208
1694.0000 240 174 0.7250
1697.0000 241 174 0.7220
1706.0000 242 174 0.7190
1711.0000 243 174 0.7160
1716.0000 244 174 0.7131
1725.0000 245 174 0.7102
1730.0000 246 174 0.7073
1737.0000 247 174 0.7045
1744.0000 248 174 0.7016
1749.0000 249 174 0.6988
1758.0000 250 174 0.6960
1764.0000 251 174 0.6932
1771.0000 252 174 0.6905
1780.0000 253 174 0.6877
1787.0000 254 174 0.6850
1790.0000 254 175 0.6890
1795.0000 255 175 0.6863
1803.0000 256 175 0.6836
1810.0000 257 175 0.6809
1813.0000 257 176 0.6848
1817.0000 258 176 0.6822
1820.0000 258 177 0.6860
1826.0000 259 177 0.6834
1835.0000 260 177 0.6808
1844.0000 261 177 0.6782
1850.0000 262 177 0.6756
1859.0000 263 177 0.6730
1866.0000 264 177 0.6705
1875.0000 265 177 0.6679
1882.0000 266 177 0.6654
1890.0000 267 177 0.6629
1894.0000 267 178 0.6667
1896.0000 268 178 0.6642
1902.0000 269 178 0.6617
1910.0000 270 178 0.6593
1911.0000 270 179 0.6630
1919.0000 271 179 0.6605
1924.0000 271 180 0.6642
1926.0000 272 180 0.6618
1926.0000 272 181 0.6654
1929.0000 272 182 0.6691
1930.0000 272 183 0.6728
1932.0000 273 183 0.6703
1939.0000 274 183 0.6679
1945.0000 274 184 0.6715
1946.0000 275 184 0.6691
1949.0000 275 185 0.6727
1952.0000 276 185 0.6703
1958.0000 277 185 0.6679
1965.0000 277 186 0.6715
1966.0000 278 186 0.6691
1967.0000 278 187 0.6727
1968.0000 278 188 0.6763
1968.0000 278 189 0.6799
1971.0000 279 189 0.6774
1976.0000 280 189 0.6750
1983.0000 280 190 0.6786
1984.0000 281 190 0.6762
1990.0000 282 190 0.6738
1999.0000 283 190 0.6714
2004.0000 284 190 0.6690
2010.0000 285 190 0.6667
2015.0000 285 191 0.6702
2018.0000 286 191 0.6678
2024.0000 287 191 0.6655
2031.0000 288 191 0.6632
2032.0000 288 192 0.6667
2039.0000 289 192 0.6644
2045.0000 290 192 0.6621
2048.0000 290 193 0.6655
2053.0000 291 193 0.6632
2056.0000 291 194 0.6667
2059.0000 292 194 0.6644
2066.0000 293 194 0.6621
2074.0000 294 194 0.6599
2083.0000 295 194 0.6576
2083.0000 295 195 0.6610
2084.0000 295 196 0.6644
2089.0000 296 196 0.6622
2098.0000 297 196 0.6599
2099.0000 297 197 0.6633
2099.0000 297 198 0.6667
2103.0000 297 199 0.6700
2107.0000 298 199 0.6678
2114.0000 299 199 0.6656
2119.0000 300 199 0.6633
2124.0000 300 200 0.6667
2127.0000 301 200 0.6645
2135.0000 302 200 0.6623
2138.0000 302 201 0.6656
2144.0000 303 201 0.6634
2149.0000 304 201 0.6612
2156.0000 305 201 0.6590
2164.0000 306 201 0.6569
2168.0000 306 202 0.6601
2170.0000 307 202 0.6580
2177.0000 308 202 0.6558
2180.0000 308 203 0.6591
2184.0000 309 203 0.6570
2192.0000 310 203 0.6548
2194.0000 310 204 0.6581
2195.0000 310 205 0.6613
2198.0000 311 205 0.6592
2201.0000 311 206 0.6624
2203.0000 312 206 0.6603
2210.0000 313 206 0.6581
2217.0000 314 206 0.6561
2223.0000 315 206 0.6540
2228.0000 316 206 0.6519
2237.0000 317 206 0.6498
2245.0000 318 206 0.6478
2248.0000 318 207 0.6509
2253.0000 319 207 0.6489
2258.0000 319 208 0.6520
2259.0000 320 208 0.6500
2265.0000 321 208 0.6480
2273.0000 322 208 0.6460
2278.0000 323 208 0.6440
2278.0000 323 209 0.6471
2285.0000 324 209 0.6451
2292.0000 325 209 0.6431
2301.0000 326 209 0.6411
2305.0000 326 210 0.6442
2305.0000 326 211 0.6472
2307.0000 327 211 0.6453
2314.0000 327 212 0.6483
2316.0000 328 212 0.6463
2322.0000 328 213 0.6494
2323.0000 329 213 0.6474
2329.0000 330 213 0.6455
2334.0000 331 213 0.6435
2340.0000 331 214 0.6465
2342.0000 332 214 0.6446
2350.0000 333 214 0.6426
2352.0000 333 215 0.6456
2357.0000 334 215 0.6437
2363.0000 335 215 0.6418
2372.0000 336 215 0.6399
2378.0000 337 215 0.6380
2387.0000 338 215 0.6361
2390.0000 338 216 0.6391
2392.0000 339 216 0.6372
2394.0000 339 217 0.6401
2401.0000 340 217 0.6382
2409.0000 341 217 0.6364
2417.0000 342 217 0.6345
2422.0000 343 217 0.6327
2423.0000 343 218 0.6356
2425.0000 343 219 0.6385
2431.0000 344 219 0.6366
2439.0000 345 219 0.6348
2440.0000 345 220 0.6377
2445.0000 346 220 0.6358
2451.0000 347 220 0.6340
2460.0000 348 220 0.6322
2467.0000 349 220 0.6304
2475.0000 350 220 0.6286
2481.0000 351 220 0.6268
2488.0000 352 220 0.6250
2494.0000 352 221 0.6278
2497.0000 353 221 0.6261
2505.0000 354 221 0.6243
2510.0000 355 221 0.6225
2516.0000 356 221 0.6208
2525.0000 357 221 0.6190
2527.0000 357 222 0.6218
2534.0000 358 222 0.6201
2540.0000 359 222 0.6184
2545.0000 359 223 0.6212
2547.0000 360 223 0.6194
2552.0000 361 223 0.6177
2560.0000 362 223 0.6160
2568.0000 363 223 0.6143
2568.0000 363 224 0.6171
2573.0000 364 224 0.6154
2574.0000 364 225 0.6181
2579.0000 365 225 0.6164
2585.0000 366 225 0.6148
2592.0000 367 225 0.6131
2598.0000 368 225 0.6114
2602.0000 368 226 0.6141
2603.0000 369 226 0.6125
2608.0000 370 226 0.6108
2609.0000 370 227 0.6135
2614.0000 371 227 0.6119
2620.0000 372 227 0.6102
2621.0000 372 228 0.6129
2624.0000 372 229 0.6156
2626.0000 373 229 0.6139
2631.0000 374 229 0.6123
2639.0000 375 229 0.6107
2644.0000 376 229 0.6090
2652.0000 377 229 0.6074
2657.0000 378 229 0.6058
2660.0000 378 230 0.6085
2661.0000 378 231 0.6111
2665.0000 379 231 0.6095
2673.0000 380 231 0.6079
2675.0000 380 232 0.6105
2681.0000 381 232 0.6089
2689.0000 381 233 0.6115
2690.0000 382 233 0.6099
2699.0000 383 233 0.6084
2703.0000 383 234 0.6110
2703.0000 383 235 0.6136
2704.0000 383 236 0.6162
2706.0000 383 237 0.6188
2708.0000 384 237 0.6172
2714.0000 385 237 0.6156
2722.0000 386 237 0.6140
2729.0000 387 237 0.6124
2732.0000 387 238 0.6150
2734.0000 388 238 0.6134
2743.0000 389 238 0.6118
2748.0000 390 238 0.6103
2749.0000 390 239 0.6128
2755.0000 390 240 0.6154
2757.0000 391 240 0.6138
2758.0000 391 241 0.6164
2764.0000 392 241 0.6148
2765.0000 392 242 0.6173
2769.0000 392 243 0.6199
2770.0000 393 243 0.6183
2777.0000 394 243 0.6168
2785.0000 395 243 0.6152
2790.0000 396 243 0.6136
2797.0000 397 243 0.6121
2805.0000 398 243 0.6106
2812.0000 398 244 0.6131
2813.0000 399 244 0.6115
2819.0000 399 245 0.6140
2821.0000 400 245 0.6125
2824.0000 400 246 0.6150
2829.0000 401 246 0.6135
2834.0000 402 246 0.6119
2839.0000 402 247 0.6144
2840.0000 402 248 0.6169
2842.0000 403 248 0.6154
2842.0000 403 249 0.6179
2847.0000 404 249 0.6163
2852.0000 405 249 0.6148
2857.0000 406 249 0.6133
2863.0000 407 249 0.6118
2863.0000 407 250 0.6143
2872.0000 408 250 0.6127
2878.0000 408 251 0.6152
2881.0000 409 251 0.6137
2887.0000 410 251 0.6122
2894.0000 410 252 0.6146
2896.0000 411 252 0.6131
2898.0000 411 253 0.6156
2904.0000 412 253 0.6141
2911.0000 413 253 0.6126
2913.0000 413 254 0.6150
2916.0000 414 254 0.6135
2919.0000 414 255 0.6159
2922.0000 415 255 0.6145
2926.0000 415 256 0.6169
2926.0000 415 257 0.6193
2927.0000 416 257 0.6178
2935.0000 416 258 0.6202
2936.0000 417 258 0.6187
2936.0000 417 259 0.6211
2941.0000 417 260 0.6235
2942.0000 418 260 0.6220
2942.0000 418 261 0.6244
2951.0000 419 261 0.6229
2956.0000 420 261 0.6214
2961.0000 421 261 0.6200
2970.0000 422 261 0.6185
2971.0000 422 262 0.6209
2975.0000 423 262 0.6194
2981.0000 423 263 0.6217
2984.0000 424 263 0.6203
2991.0000 425 263 0.6188
3000.0000 426 263 0.6174
3004.0000 426 264 0.6197
3005.0000 426 265 0.6221
3007.0000 426 266 0.6244
3008.0000 427 266 0.6230
3017.0000 428 266 0.6215
3018.0000 428 267 0.6238
3024.0000 428 268 0.6262
3025.0000 429 268 0.6247
3028.0000 429 269 0.6270
3034.0000 430 269 0.6256
3040.0000 431 269 0.6241
3041.0000 431 270 0.6265
3043.0000 431 271 0.6288
3046.0000 432 271 0.6273
3051.0000 433 271 0.6259
3060.0000 434 271 0.6244
3067.0000 435 271 0.6230
3069.0000 435 272 0.6253
3070.0000 435 273 0.6276
3073.0000 436 273 0.6261
3080.0000 437 273 0.6247
3085.0000 438 273 0.6233
3089.0000 438 274 0.6256
3091.0000 439 274 0.6241
3097.0000 440 274 0.6227
3106.0000 441 274 0.6213
3114.0000 442 274 0.6199
3123.0000 443 274 0.6185
3131.0000 444 274 0.6171
3138.0000 445 274 0.6157
3142.0000 445 275 0.6180
3144.0000 446 275 0.6166
3146.0000 446 276 0.6188
3151.0000 447 276 0.6174
3159.0000 448 276 0.6161
3162.0000 448 277 0.6183
3166.0000 449 277 0.6169
3168.0000 449 278 0.6192
3172.0000 449 279 0.6214
3173.0000 449 280 0.6236
3175.0000 450 280 0.6222
3184.0000 451 280 0.6208
3189.0000 452 280 0.6195
3197.0000 453 280 0.6181
3204.0000 454 280 0.6167
3211.0000 455 280 0.6154
3218.0000 456 280 0.6140
3227.0000 457 280 0.6127
3236.0000 458 280 0.6114
3238.0000 458 281 0.6135
3242.0000 459 281 0.6122
3243.0000 459 282 0.6144
3249.0000 459 283 0.6166
3251.0000 460 283 0.6152
3258.0000 461 283 0.6139
3261.0000 461 284 0.6161
3266.0000 462 284 0.6147
3271.0000 462 285 0.6169
3273.0000 462 286 0.6190
3274.0000 463 286 0.6177
3275.0000 463 287 0.6199
3282.0000 464 287 0.6185
3291.0000 465 287 0.6172
3298.0000 466 287 0.6159
3303.0000 467 287 0.6146
3309.0000 468 287 0.6132
3311.0000 468 288 0.6154
3318.0000 469 288 0.6141
3322.0000 469 289 0.6162
3324.0000 470 289 0.6149
3330.0000 471 289 0.6136
3336.0000 471 290 0.6157
3338.0000 472 290 0.6144
3344.0000 473 290 0.6131
3344.0000 473 291 0.6152
3350.0000 473 292 0.6173
3351.0000 474 292 0.6160
3356.0000 475 292 0.6147
3362.0000 476 292 0.6134
3362.0000 476 293 0.6155
3365.0000 476 294 0.6176
3371.0000 477 294 0.6164
3380.0000 478 294 0.6151
3388.0000 479 294 0.6138
3395.0000 480 294 0.6125
3396.0000 480 295 0.6146
3403.0000 481 295 0.6133
3409.0000 482 295 0.6120
3413.0000 482 296 0.6141
3417.0000 483 296 0.6128
3424.0000 484 296 0.6116
3430.0000 485 296 0.6103
3439.0000 486 296 0.6091
3445.0000 486 297 0.6111
3446.0000 487 297 0.6099
3451.0000 487 298 0.6119
3453.0000 488 298 0.6107
3457.0000 488 299 0.6127
3460.0000 489 299 0.6115
3467.0000 490 299 0.6102
3472.0000 491 299 0.6090
3477.0000 492 299 0.6077
3484.0000 493 299 0.6065
3492.0000 494 299 0.6053
3494.0000 494 300 0.6073
3500.0000 495 300 0.6061
3503.0000 495 301 0.6081
3506.0000 496 301 0.6069
3512.0000 497 301 0.6056
3519.0000 498 301 0.6044
3525.0000 499 301 0.6032
3527.0000 499 302 0.6052
3531.0000 500 302 0.6040
3537.0000 501 302 0.6028
3539.0000 501 303 0.6048
3542.0000 501 304 0.6068
3544.0000 501 305 0.6088
3546.0000 502 305 0.6076
3555.0000 503 305 0.6064
3561.0000 504 305 0.6052
3562.0000 504 306 0.6071
3570.0000 505 306 0.6059
3576.0000 505 307 0.6079
3578.0000 506 307 0.6067
3583.0000 506 308 0.6087
3586.0000 507 308 0.6075
3593.0000 508 308 0.6063
3594.0000 508 309 0.6083
3598.0000 508 310 0.6102
3599.0000 509 310 0.6090
3599.0000 509 311 0.6110
3602.0000 509 312 0.6130
3608.0000 510 312 0.6118
3613.0000 511 312 0.6106
3620.0000 512 312 0.6094
3625.0000 513 312 0.6082
3630.0000 514 312 0.6070
3635.0000 515 312 0.6058
3643.0000 516 312 0.6047
3651.0000 516 313 0.6066
3652.0000 517 313 0.6054
3660.0000 518 313 0.6042
3666.0000 519 313 0.6031
3668.0000 519 314 0.6050
3671.0000 520 314 0.6038
3671.0000 520 315 0.6058
3679.0000 521 315 0.6046
3684.0000 522 315 0.6034
3684.0000 522 316 0.6054
3691.0000 523 316 0.6042
3693.0000 523 317 0.6061
3697.0000 524 317 0.6050
3702.0000 525 317 0.6038
3708.0000 526 317 0.6027
3709.0000 526 318 0.6046
3717.0000 527 318 0.6034
3725.0000 528 318 0.6023
3730.0000 529 318 0.6011
3737.0000 529 319 0.6030
3739.0000 530 319 0.6019
3747.0000 531 319 0.6008
3756.0000 532 319 0.5996
3764.0000 533 319 0.5985
3772.0000 534 319 0.5974
3777.0000 534 320 0.5993
3780.0000 535 320 0.5981
3783.0000 535 321 0.6000
3787.0000 536 321 0.5989
3796.0000 537 321 0.5978
3804.0000 537 322 0.5996
3805.0000 538 322 0.5985
3812.0000 539 322 0.5974
3817.0000 540 322 0.5963
3818.0000 540 323 0.5981
3826.0000 541 323 0.5970
3833.0000 542 323 0.5959
3838.0000 543 323 0.5948
3845.0000 544 323 0.5938
3852.0000 545 323 0.5927
3853.0000 545 324 0.5945
3858.0000 546 324 0.5934
3863.0000 547 324 0.5923
3872.0000 548 324 0.5912
3880.0000 549 324 0.5902
3882.0000 549 325 0.5920
3886.0000 549 326 0.5938
3888.0000 550 326 0.5927
3890.0000 550 327 0.5945
3897.0000 551 327 0.5935
3903.0000 552 327 0.5924
3903.0000 552 328 0.5942
3906.0000 552 329 0.5960
3909.0000 553 329 0.5949
3912.0000 553 330 0.5967
3915.0000 554 330 0.5957
3915.0000 554 331 0.5975
3922.0000 555 331 0.5964
3927.0000 556 331 0.5953
3930.0000 556 332 0.5971
3934.0000 557 332 0.5961
3942.0000 558 332 0.5950
3947.0000 559 332 0.5939
3952.0000 559 333 0.5957
3954.0000 560 333 0.5946
3963.0000 561 333 0.5936
3969.0000 561 334 0.5954
3970.0000 562 334 0.5943
3970.0000 562 335 0.5961
3978.0000 563 335 0.5950
3985.0000 564 335 0.5940
3990.0000 565 335 0.5929
3995.0000 565 336 0.5947
3997.0000 566 336 0.5936
4002.0000 567 336 0.5926
4011.0000 568 336 0.5915
4016.0000 568 337 0.5933
4017.0000 569 337 0.5923
4023.0000 570 337 0.5912
4025.0000 570 338 0.5930
4030.0000 571 338 0.5919
4038.0000 572 338 0.5909
4038.0000 572 339 0.5927
4046.0000 573 339 0.5916
4050.0000 573 340 0.5934
4052.0000 574 340 0.5923
4052.0000 574 341 0.5941
4061.0000 575 341 0.5930
4062.0000 575 342 0.5948
4067.0000 576 342 0.5938
4073.0000 576 343 0.5955
4076.0000 577 343 0.5945
4083.0000 578 343 0.5934
4091.0000 579 343 0.5924
4091.0000 579 344 0.5941
4095.0000 579 345 0.5959
4096.0000 580 345 0.5948
4105.0000 581 345 0.5938
4105.0000 581 346 0.5955
4106.0000 581 347 0.5972
4113.0000 582 347 0.5962
4122.0000 583 347 0.5952
4127.0000 584 347 0.5942
4134.0000 584 348 0.5959
4135.0000 585 348 0.5949
4140.0000 585 349 0.5966
4141.0000 585 350 0.5983
4143.0000 586 350 0.5973
4152.0000 587 350 0.5963
4157.0000 588 350 0.5952
4166.0000 589 350 0.5942
4172.0000 589 351 0.5959
4174.0000 590 351 0.5949
4180.0000 590 352 0.5966
4181.0000 591 352 0.5956
4182.0000 591 353 0.5973
4186.0000 592 353 0.5963
4192.0000 593 353 0.5953
4201.0000 594 353 0.5943
4202.0000 594 354 0.5960
4206.0000 594 355 0.5976
4208.0000 595 355 0.5966
4211.0000 595 356 0.5983
4212.0000 595 357 0.6000
4216.0000 596 357 0.5990
4223.0000 597 357 0.5980
4228.0000 597 358 0.5997
4229.0000 598 358 0.5987
4235.0000 599 358 0.5977
4241.0000 600 358 0.5967
4250.0000 601 358 0.5957
4250.0000 601 359 0.5973
4255.0000 602 359 0.5963
4258.0000 602 360 0.5980
4264.0000 603 360 0.5970
4270.0000 603 361 0.5987
4272.0000 604 361 0.5977
4277.0000 605 361 0.5967
4286.0000 606 361 0.5957
4291.0000 607 361 0.5947
4296.0000 608 361 0.5938
4302.0000 609 361 0.5928
4309.0000 610 361 0.5918
4315.0000 611 361 0.5908
4320.0000 612 361 0.5899
4323.0000 612 362 0.5915
4329.0000 613 362 0.5905
4335.0000 614 362 0.5896
4337.0000 614 363 0.5912
4343.0000 615 363 0.5902
4351.0000 616 363 0.5893
4356.0000 617 363 0.5883
4361.0000 618 363 0.5874
4368.0000 619 363 0.5864
4375.0000 620 363 0.5855
4381.0000 621 363 0.5845
4388.0000 621 364 0.5862
4390.0000 622 364 0.5852
4395.0000 622 365 0.5868
4396.0000 623 365 0.5859
4404.0000 624 365 0.5849
4413.0000 625 365 0.5840
4421.0000 626 365 0.5831
4426.0000 627 365 0.5821
4431.0000 628 365 0.5812
4437.0000 629 365 0.5803
4437.0000 629 366 0.5819
4437.0000 629 367 0.5835
4446.0000 630 367 0.5825
4447.0000 630 368 0.5841
4452.0000 631 368 0.5832
4458.0000 632 368 0.5823
4465.0000 633 368 0.5814
4468.0000 633 369 0.5829
4471.0000 634 369 0.5820
4476.0000 635 369 0.5811
4481.0000 635 370 0.5827
4482.0000 636 370 0.5818
4484.0000 636 371 0.5833
4487.0000 637 371 0.5824
4494.0000 638 371 0.5815
4495.0000 638 372 0.5831
4503.0000 639 372 0.5822
4508.0000 639 373 0.5837
4511.0000 640 373 0.5828
4517.0000 641 373 0.5819
4525.0000 642 373 0.5810
4530.0000 643 373 0.5801
4532.0000 643 374 0.5816
4536.0000 644 374 0.5807
4545.0000 645 374 0.5798
4550.0000 645 375 0.5814
4553.0000 646 375 0.5805
4558.0000 647 375 0.5796
4566.0000 647 376 0.5811
4567.0000 648 376 0.5802
4567.0000 648 377 0.5818
4574.0000 649 377 0.5809
4576.0000 649 378 0.5824
4582.0000 650 378 0.5815
4584.0000 650 379 0.5831
4585.0000 650 380 0.5846
4588.0000 651 380 0.5837
4594.0000 652 380 0.5828
4599.0000 653 380 0.5819
4604.0000 653 381 0.5835
4607.0000 654 381 0.5826
4612.0000 655 381 0.5817
4621.0000 656 381 0.5808
4622.0000 656 382 0.5823
4627.0000 657 382 0.5814
4634.0000 658 382 0.5805
4637.0000 658 383 0.5821
4642.0000 659 383 0.5812
4651.0000 660 383 0.5803
4657.0000 661 383 0.5794
4662.0000 661 384 0.5809
4663.0000 662 384 0.5801
4669.0000 663 384 0.5792
4678.0000 664 384 0.5783
4683.0000 664 385 0.5798
4684.0000 665 385 0.5789
4691.0000 666 385 0.5781
4695.0000 666 386 0.5796
4697.0000 667 386 0.5787
4705.0000 667 387 0.5802
4706.0000 668 387 0.5793
4712.0000 669 387 0.5785
4712.0000 669 388 0.5800
4720.0000 670 388 0.5791
4728.0000 671 388 0.5782
4737.0000 672 388 0.5774
4740.0000 672 389 0.5789
4741.0000 672 390 0.5804
4744.0000 673 390 0.5795
4752.0000 674 390 0.5786
4757.0000 675 390 0.5778
4764.0000 675 391 0.5793
4766.0000 676 391 0.5784
4772.0000 677 391 0.5775
4781.0000 678 391 0.5767
4786.0000 679 391 0.5758
4788.0000 679 392 0.5773
4792.0000 680 392 0.5765
4794.0000 680 393 0.5779
4797.0000 680 394 0.5794
4799.0000 681 394 0.5786
4804.0000 682 394 0.5777
4805.0000 682 395 0.5792
4807.0000 682 396 0.5806
4809.0000 683 396 0.5798
4815.0000 684 396 0.5789
4822.0000 685 396 0.5781
4830.0000 685 397 0.5796
4831.0000 686 397 0.5787
4839.0000 687 397 0.5779
4845.0000 688 397 0.5770
4854.0000 689 397 0.5762
4858.0000 689 398 0.5776
4862.0000 690 398 0.5768
4867.0000 691 398 0.5760
4874.0000 692 398 0.5751
4878.0000 692 399 0.5766
4880.0000 692 400 0.5780
4881.0000 693 400 0.5772
4887.0000 693 401 0.5786
4890.0000 694 401 0.5778
4891.0000 694 402 0.5793
4896.0000 695 402 0.5784
4902.0000 696 402 0.5776
4905.0000 696 403 0.5790
4906.0000 696 404 0.5805
4908.0000 697 404 0.5796
4913.0000 697 405 0.5811
4917.0000 698 405 0.5802
4923.0000 699 405 0.5794
4928.0000 700 405 0.5786
4931.0000 700 406 0.5800
4937.0000 701 406 0.5792
4945.0000 702 406 0.5783
4950.0000 703 406 0.5775
4957.0000 703 407 0.5789
4959.0000 704 407 0.5781
4964.0000 705 407 0.5773
4970.0000 706 407 0.5765
4978.0000 707 407 0.5757
4983.0000 708 407 0.5749
4988.0000 709 407 0.5740
4991.0000 709 408 0.5755
4997.0000 710 408 0.5746
5004.0000 711 408 0.5738
5013.0000 712 408 0.5730
5019.0000 713 408 0.5722
5028.0000 714 408 0.5714
5036.0000 715 408 0.5706
5044.0000 716 408 0.5698
5053.0000 717 408 0.5690
5058.0000 718 408 0.5682
5059.0000 718 409 0.5696
5062.0000 718 410 0.5710
5067.0000 719 410 0.5702
5069.0000 719 411 0.5716
5073.0000 720 411 0.5708
5079.0000 720 412 0.5722
5081.0000 721 412 0.5714
5086.0000 722 412 0.5706
5093.0000 723 412 0.5698
5099.0000 724 412 0.5691
5100.0000 724 413 0.5704
5108.0000 725 413 0.5697
5116.0000 726 413 0.5689
5118.0000 726 414 0.5702
5124.0000 727 414 0.5695
5129.0000 727 415 0.5708
5133.0000 728 415 0.5701
5137.0000 728 416 0.5714
5141.0000 728 417 0.5728
5142.0000 729 417 0.5720
5147.0000 730 417 0.5712
5147.0000 730 418 0.5726
5155.0000 731 418 0.5718
5157.0000 731 419 0.5732
5161.0000 732 419 0.5724
5162.0000 732 420 0.5738
5162.0000 732 421 0.5751
5166.0000 733 421 0.5744
5169.0000 733 422 0.5757
5175.0000 734 422 0.5749
5180.0000 735 422 0.5741
5186.0000 736 422 0.5734
5188.0000 736 423 0.5747
5195.0000 737 423 0.5739
5202.0000 738 423 0.5732
5205.0000 738 424 0.5745
5205.0000 738 425 0.5759
5209.0000 739 425 0.5751
5215.0000 739 426 0.5765
5218.0000 740 426 0.5757
5224.0000 741 426 0.5749
5224.0000 741 427 0.5762
5225.0000 741 428 0.5776
5230.0000 741 429 0.5789
5232.0000 742 429 0.5782
5239.0000 743 429 0.5774
5244.0000 744 429 0.5766
5250.0000 745 429 0.5758
5256.0000 746 429 0.5751
5261.0000 746 430 0.5764
5264.0000 747 430 0.5756
5273.0000 748 430 0.5749
5282.0000 749 430 0.5741
5282.0000 749 431 0.5754
5290.0000 750 431 0.5747
5298.0000 751 431 0.5739
5305.0000 752 431 0.5731
5312.0000 753 431 0.5724
5320.0000 754 431 0.5716
5328.0000 755 431 0.5709
5335.0000 756 431 0.5701
5344.0000 757 431 0.5694
5352.0000 758 431 0.5686
5359.0000 759 431 0.5679
5364.0000 759 432 0.5692
5366.0000 760 432 0.5684
5372.0000 761 432 0.5677
5372.0000 761 433 0.5690
5374.0000 761 434 0.5703
5379.0000 762 434 0.5696
5384.0000 763 434 0.5688
5387.0000 763 435 0.5701
5389.0000 764 435 0.5694
5395.0000 765 435 0.5686
5402.0000 766 435 0.5679
5408.0000 766 436 0.5692
5411.0000 767 436 0.5684
5417.0000 768 436 0.5677
5417.0000 768 437 0.5690
5421.0000 768 438 0.5703
5423.0000 769 438 0.5696
5428.0000 769 439 0.5709
5429.0000 770 439 0.5701
5433.0000 770 440 0.5714
5438.0000 771 440 0.5707
5444.0000 772 440 0.5699
5452.0000 773 440 0.5692
5457.0000 774 440 0.5685
5466.0000 775 440 0.5677
5472.0000 776 440 0.5670
5478.0000 776 441 0.5683
5480.0000 777 441 0.5676
5485.0000 777 442 0.5689
5489.0000 778 442 0.5681
5489.0000 778 443 0.5694
5497.0000 779 443 0.5687
5504.0000 780 443 0.5679
5509.0000 780 444 0.5692
5511.0000 781 444 0.5685
5518.0000 782 444 0.5678
5523.0000 783 444 0.5670
5530.0000 784 444 0.5663
5537.0000 785 444 0.5656
5546.0000 786 444 0.5649
5553.0000 786 445 0.5662
5555.0000 787 445 0.5654
5561.0000 787 446 0.5667
5564.0000 788 446 0.5660
5569.0000 788 447 0.5673
5573.0000 789 447 0.5665
5581.0000 790 447 0.5658
5583.0000 790 448 0.5671
5584.0000 790 449 0.5684
5590.0000 791 449 0.5676
5595.0000 792 449 0.5669
5603.0000 793 449 0.5662
5610.0000 794 449 0.5655
5618.0000 795 449 0.5648
5624.0000 796 449 0.5641
5633.0000 797 449 0.5634
5638.0000 798 449 0.5627
5643.0000 798 450 0.5639
5646.0000 799 450 0.5632
5654.0000 800 450 0.5625
5663.0000 801 450 0.5618
5663.0000 801 451 0.5630
5668.0000 802 451 0.5623
5677.0000 803 451 0.5616
5685.0000 804 451 0.5609
5694.0000 805 451 0.5602
5694.0000 805 452 0.5615
5696.0000 805 453 0.5627
5700.0000 806 453 0.5620
5702.0000 806 454 0.5633
5706.0000 807 454 0.5626
5706.0000 807 455 0.5638
5707.0000 807 456 0.5651
5710.0000 807 457 0.5663
5715.0000 808 457 0.5656
5718.0000 808 458 0.5668
5720.0000 809 458 0.5661
5728.0000 810 458 0.5654
5735.0000 811 458 0.5647
5740.0000 811 459 0.5660
5742.0000 812 459 0.5653
5748.0000 813 459 0.5646
5754.0000 814 459 0.5639
5758.0000 814 460 0.5651
5759.0000 815 460 0.5644
5759.0000 815 461 0.5656
5766.0000 816 461 0.5650
5772.0000 817 461 0.5643
5780.0000 818 461 0.5636
5787.0000 819 461 0.5629
5792.0000 820 461 0.5622
5795.0000 820 462 0.5634
5799.0000 821 462 0.5627
5803.0000 821 463 0.5639
5808.0000 822 463 0.5633
5810.0000 822 464 0.5645
5816.0000 823 464 0.5638
5823.0000 823 465 0.5650
5824.0000 823 466 0.5662
5825.0000 824 466 0.5655
5833.0000 825 466 0.5648
5837.0000 825 467 0.5661
5839.0000 826 467 0.5654
5844.0000 827 467 0.5647
5852.0000 828 467 0.5640
5852.0000 828 468 0.5652
5856.0000 828 469 0.5664
5860.0000 829 469 0.5657
5867.0000 830 469 0.5651
5876.0000 831 469 0.5644
5884.0000 832 469 0.5637
5892.0000 833 469 0.5630
5896.0000 833 470 0.5642
5901.0000 834 470 0.5635
5910.0000 835 470 0.5629
5919.0000 836 470 0.5622
5924.0000 837 470 0.5615
5926.0000 837 471 0.5627
5927.0000 837 472 0.5639
5930.0000 837 473 0.5651
5931.0000 837 474 0.5663
5932.0000 838 474 0.5656
5939.0000 839 474 0.5650
5946.0000 840 474 0.5643
5951.0000 841 474 0.5636
5959.0000 842 474 0.5629
5968.0000 843 474 0.5623
5974.0000 844 474 0.5616
5981.0000 844 475 0.5628
5982.0000 845 475 0.5621
5989.0000 846 475 0.5615
5991.0000 846 476 0.5626
5992.0000 846 477 0.5638
5994.0000 846 478 0.5650
5995.0000 847 478 0.5643
6000.0000 848 478 0.5637
6008.0000 849 478 0.5630
6015.0000 850 478 0.5624
6023.0000 851 478 0.5617
6030.0000 852 478 0.5610
6035.0000 853 478 0.5604
6039.0000 853 479 0.5615
6041.0000 854 479 0.5609
6047.0000 855 479 0.5602
6054.0000 856 479 0.5596
6056.0000 856 480 0.5607
6061.0000 857 480 0.5601
6068.0000 858 480 0.5594
6076.0000 858 481 0.5606
6077.0000 859 481 0.5600
6085.0000 860 481 0.5593
6094.0000 861 481 0.5587
6094.0000 861 482 0.5598
6103.0000 862 482 0.5592
6105.0000 862 483 0.5603
6110.0000 863 483 0.5597
6111.0000 863 484 0.5608
6113.0000 863 485 0.5620
6116.0000 864 485 0.5613
6123.0000 865 485 0.5607
6129.0000 866 485 0.5600
6137.0000 867 485 0.5594
6143.0000 867 486 0.5606
6146.0000 868 486 0.5599
6154.0000 868 487 0.5611
6155.0000 869 487 0.5604
6161.0000 870 487 0.5598
6169.0000 871 487 0.5591
6175.0000 872 487 0.5585
6183.0000 873 487 0.5578
6190.0000 874 487 0.5572
6199.0000 875 487 0.5566
6205.0000 876 487 0.5559
6211.0000 877 487 0.5553
6216.0000 878 487 0.5547
6221.0000 879 487 0.5540
6228.0000 880 487 0.5534
6233.0000 881 487 0.5528
6242.0000 882 487 0.5522
6244.0000 882 488 0.5533
6251.0000 883 488 0.5527
6254.0000 883 489 0.5538
6257.0000 884 489 0.5532
6262.0000 885 489 0.5525
6269.0000 886 489 0.5519
6276.0000 887 489 0.5513
6284.0000 888 489 0.5507
6289.0000 889 489 0.5501
6297.0000 890 489 0.5494
6300.0000 890 490 0.5506
6306.0000 891 490 0.5499
6306.0000 891 491 0.5511
6314.0000 892 491 0.5504
6323.0000 893 491 0.5498
6328.0000 894 491 0.5492
6334.0000 895 491 0.5486
6340.0000 896 491 0.5480
6349.0000 897 491 0.5474
6349.0000 897 492 0.5485
6358.0000 898 492 0.5479
6366.0000 899 492 0.5473
6373.0000 900 492 0.5467
6375.0000 900 493 0.5478
6378.0000 901 493 0.5472
6386.0000 902 493 0.5466
6390.0000 902 494 0.5477
6395.0000 903 494 0.5471
6400.0000 904 494 0.5465
6405.0000 905 494 0.5459
6408.0000 905 495 0.5470
6412.0000 906 495 0.5464
6418.0000 907 495 0.5458
6418.0000 907 496 0.5469
6418.0000 907 497 0.5480
6419.0000 907 498 0.5491
6426.0000 908 498 0.5485
6433.0000 909 498 0.5479
6440.0000 910 498 0.5473
6448.0000 911 498 0.5467
6456.0000 912 498 0.5461
6461.0000 913 498 0.5455
6467.0000 914 498 0.5449
6476.0000 915 498 0.5443
6483.0000 916 498 0.5437
6488.0000 916 499 0.5448
6489.0000 917 499 0.5442
6498.0000 918 499 0.5436
6500.0000 918 500 0.5447
6506.0000 919 500 0.5441
6511.0000 920 500 0.5435
6520.0000 921 500 0.5429
6526.0000 922 500 0.5423
6531.0000 922 501 0.5434
6533.0000 923 501 0.5428
6538.0000 924 501 0.5422
6545.0000 925 501 0.5416
6545.0000 925 502 0.5427
6547.0000 925 503 0.5438
6554.0000 926 503 0.5432
6557.0000 926 504 0.5443
6561.0000 927 504 0.5437
6569.0000 928 504 0.5431
6572.0000 928 505 0.5442
6577.0000 929 505 0.5436
6577.0000 929 506 0.5447
6582.0000 929 507 0.5457
6583.0000 930 507 0.5452
6591.0000 931 507 0.5446
6600.0000 932 507 0.5440
6605.0000 933 507 0.5434
6609.0000 933 508 0.5445
6613.0000 934 508 0.5439
6621.0000 935 508 0.5433
6621.0000 935 509 0.5444
6627.0000 936 509 0.5438
6633.0000 937 509 0.5432
6638.0000 938 509 0.5426
6643.0000 939 509 0.5421
6644.0000 939 510 0.5431
6648.0000 940 510 0.5426
6657.0000 941 510 0.5420
6662.0000 942 510 0.5414
6669.0000 943 510 0.5408
6676.0000 944 510 0.5403
6685.0000 945 510 0.5397
6686.0000 945 511 0.5407
6691.0000 945 512 0.5418
6692.0000 946 512 0.5412
6699.0000 947 512 0.5407
6706.0000 948 512 0.5401
6711.0000 949 512 0.5395
6714.0000 949 513 0.5406
6717.0000 950 513 0.5400
6721.0000 950 514 0.5411
6722.0000 951 514 0.5405
6724.0000 951 515 0.5415
6730.0000 952 515 0.5410
6730.0000 952 516 0.5420
6737.0000 952 517 0.5431
6739.0000 953 517 0.5425
6745.0000 954 517 0.5419
6753.0000 955 517 0.5414
6762.0000 956 517 0.5408
6770.0000 956 518 0.5418
6771.0000 957 518 0.5413
6773.0000 957 519 0.5423
6780.0000 958 519 0.5418
6781.0000 958 520 0.5428
6782.0000 958 521 0.5438
6786.0000 959 521 0.5433
6789.0000 959 522 0.5443
6795.0000 960 522 0.5438
6804.0000 961 522 0.5432
6809.0000 962 522 0.5426
6816.0000 963 522 0.5421
6820.0000 963 523 0.5431
6823.0000 964 523 0.5425
6830.0000 965 523 0.5420
6831.0000 965 524 0.5430
6835.0000 965 525 0.5440
6838.0000 966 525 0.5435
6843.0000 966 526 0.5445
6844.0000 967 526 0.5440
6847.0000 967 527 0.5450
6850.0000 968 527 0.5444
6857.0000 968 528 0.5455
6858.0000 969 528 0.5449
6864.0000 970 528 0.5443
6871.0000 971 528 0.5438
6874.0000 971 529 0.5448
6878.0000 972 529 0.5442
6885.0000 973 529 0.5437
6890.0000 974 529 0.5431
6896.0000 975 529 0.5426
6901.0000 976 529 0.5420
6909.0000 977 529 0.5415
6910.0000 977 530 0.5425
6912.0000 977 531 0.5435
6913.0000 977 532 0.5445
6918.0000 978 532 0.5440
6927.0000 979 532 0.5434
6929.0000 979 533 0.5444
6934.0000 980 533 0.5439
6941.0000 981 533 0.5433
6945.0000 981 534 0.5443
6948.0000 982 534 0.5438
6957.0000 983 534 0.5432
6964.0000 984 534 0.5427
6969.0000 984 535 0.5437
6970.0000 984 536 0.5447
6972.0000 985 536 0.5442
6977.0000 986 536 0.5436
6982.0000 987 536 0.5431
6988.0000 988 536 0.5425
6996.0000 989 536 0.5420
7005.0000 990 536 0.5414
7007.0000 990 537 0.5424
7010.0000 990 538 0.5434
7011.0000 991 538 0.5429
7016.0000 991 539 0.5439
7020.0000 992 539 0.5433
7027.0000 993 539 0.5428
7032.0000 993 540 0.5438
7034.0000 994 540 0.5433
7037.0000 994 541 0.5443
7037.0000 994 542 0.5453
7038.0000 994 543 0.5463
7042.0000 995 543 0.5457
7048.0000 996 543 0.5452
7049.0000 996 544 0.5462
7055.0000 997 544 0.5456
7064.0000 998 544 0.5451
7071.0000 999 544 0.5445
7076.0000 1000 544 0.5440
7076.0000 1000 545 0.5450
7082.0000 1001 545 0.5445
7089.0000 1001 546 0.5455
7090.0000 1002 546 0.5449
7097.0000 1003 546 0.5444
7102.0000 1004 546 0.5438
7109.0000 1005 546 0.5433
7118.0000 1006 546 0.5427
7124.0000 1007 546 0.5422
7130.0000 1008 546 0.5417
7139.0000 1009 546 0.5411
7144.0000 1010 546 0.5406
7153.0000 1011 546 0.5401
7160.0000 1012 546 0.5395
7167.0000 1013 546 0.5390
7167.0000 1013 547 0.5400
7175.0000 1013 548 0.5410
7176.0000 1014 548 0.5404
7176.0000 1014 549 0.5414
7183.0000 1015 549 0.5409
7189.0000 1016 549 0.5404
7190.0000 1016 550 0.5413
7190.0000 1016 551 0.5423
7191.0000 1016 552 0.5433
7198.0000 1017 552 0.5428
7205.0000 1018 552 0.5422
7211.0000 1019 552 0.5417
7217.0000 1020 552 0.5412
7222.0000 1021 552 0.5406
7229.0000 1022 552 0.5401
7237.0000 1023 552 0.5396
7244.0000 1024 552 0.5391
7253.0000 1025 552 0.5385
7260.0000 1026 552 0.5380
7268.0000 1027 552 0.5375
7275.0000 1028 552 0.5370
7281.0000 1028 553 0.5379
7284.0000 1029 553 0.5374
7292.0000 1030 553 0.5369
7296.0000 1030 554 0.5379
7297.0000 1031 554 0.5373
7305.0000 1032 554 0.5368
7311.0000 1033 554 0.5363
7318.0000 1034 554 0.5358
7327.0000 1035 554 0.5353
7332.0000 1035 555 0.5362
7334.0000 1036 555 0.5357
7341.0000 1037 555 0.5352
7344.0000 1037 556 0.5362
7350.0000 1038 556 0.5356
7351.0000 1038 557 0.5366
7359.0000 1039 557 0.5361
7365.0000 1040 557 0.5356
7366.0000 1040 558 0.5365
7370.0000 1040 559 0.5375
7373.0000 1041 559 0.5370
7373.0000 1041 560 0.5379
7375.0000 1041 561 0.5389
7378.0000 1042 561 0.5384
7379.0000 1042 562 0.5393
7383.0000 1043 562 0.5388
7392.0000 1044 562 0.5383
7397.0000 1045 562 0.5378
7398.0000 1045 563 0.5388
7404.0000 1046 563 0.5382
7406.0000 1046 564 0.5392
7411.0000 1047 564 0.5387
7418.0000 1048 564 0.5382
7419.0000 1048 565 0.5391
7421.0000 1048 566 0.5401
7424.0000 1049 566 0.5396
7430.0000 1050 566 0.5390
7436.0000 1051 566 0.5385
7441.0000 1052 566 0.5380
7448.0000 1053 566 0.5375
7457.0000 1054 566 0.5370
7465.0000 1055 566 0.5365
7471.0000 1055 567 0.5374
7474.0000 1056 567 0.5369
7476.0000 1056 568 0.5379
7482.0000 1057 568 0.5374
7487.0000 1058 568 0.5369
7488.0000 1058 569 0.5378
7489.0000 1058 570 0.5388
7493.0000 1059 570 0.5382
7494.0000 1059 571 0.5392
7501.0000 1059 572 0.5401
7502.0000 1060 572 0.5396
7507.0000 1061 572 0.5391
7513.0000 1062 572 0.5386
7519.0000 1063 572 0.5381
7525.0000 1064 572 0.5376
7534.0000 1065 572 0.5371
7537.0000 1065 573 0.5380
7542.0000 1066 573 0.5375
7550.0000 1067 573 0.5370
7556.0000 1068 573 0.5365
7561.0000 1068 574 0.5375
7562.0000 1069 574 0.5370
7570.0000 1070 574 0.5364
7574.0000 1070 575 0.5374
7576.0000 1071 575 0.5369
7585.0000 1072 575 0.5364
7594.0000 1073 575 0.5359
7595.0000 1073 576 0.5368
7602.0000 1074 576 0.5363
7605.0000 1074 577 0.5372
7609.0000 1075 577 0.5367
7616.0000 1075 578 0.5377
7617.0000 1076 578 0.5372
7625.0000 1077 578 0.5367
7629.0000 1077 579 0.5376
7630.0000 1078 579 0.5371
7632.0000 1078 580 0.5380
7635.0000 1079 580 0.5375
7644.0000 1080 580 0.5370
7652.0000 1081 580 0.5365
7657.0000 1082 580 0.5360
7662.0000 1083 580 0.5355
7667.0000 1084 580 0.5351
7672.0000 1085 580 0.5346
7680.0000 1086 580 0.5341
7685.0000 1086 581 0.5350
7688.0000 1087 581 0.5345
7697.0000 1088 581 0.5340
7706.0000 1089 581 0.5335
7713.0000 1090 581 0.5330
7721.0000 1091 581 0.5325
7722.0000 1091 582 0.5335
7724.0000 1091 583 0.5344
7726.0000 1091 584 0.5353
7729.0000 1092 584 0.5348
7738.0000 1093 584 0.5343
7740.0000 1093 585 0.5352
7743.0000 1094 585 0.5347
7746.0000 1094 586 0.5356
7748.0000 1095 586 0.5352
7753.0000 1096 586 0.5347
7754.0000 1096 587 0.5356
7757.0000 1096 588 0.5365
7762.0000 1097 588 0.5360
7770.0000 1098 588 0.5355
7776.0000 1099 588 0.5350
7785.0000 1100 588 0.5345
7791.0000 1101 588 0.5341
7796.0000 1102 588 0.5336
7799.0000 1102 589 0.5345
7804.0000 1103 589 0.5340
7808.0000 1103 590 0.5349
7811.0000 1104 590 0.5344
7811.0000 1104 591 0.5353
7812.0000 1104 592 0.5362
7820.0000 1105 592 0.5357
7826.0000 1106 592 0.5353
7832.0000 1107 592 0.5348
7839.0000 1108 592 0.5343
7845.0000 1109 592 0.5338
7854.0000 1110 592 0.5333
7863.0000 1111 592 0.5329
7865.0000 1111 593 0.5338
7868.0000 1111 594 0.5347
7870.0000 1112 594 0.5342
7877.0000 1113 594 0.5337
7884.0000 1114 594 0.5332
7887.0000 1114 595 0.5341
7891.0000 1115 595 0.5336
7894.0000 1115 596 0.5345
7897.0000 1116 596 0.5341
7898.0000 1116 597 0.5349
7902.0000 1117 597 0.5345
7910.0000 1118 597 0.5340
7912.0000 1118 598 0.5349
7913.0000 1118 599 0.5358
7918.0000 1119 599 0.5353
7923.0000 1120 599 0.5348
7928.0000 1121 599 0.5343
7934.0000 1122 599 0.5339
7939.0000 1123 599 0.5334
7944.0000 1124 599 0.5329
7950.0000 1125 599 0.5324
7952.0000 1125 600 0.5333
7957.0000 1125 601 0.5342
7958.0000 1126 601 0.5337
7961.0000 1126 602 0.5346
7966.0000 1127 602 0.5342
7971.0000 1127 603 0.5350
7973.0000 1128 603 0.5346
7977.0000 1128 604 0.5355
7980.0000 1129 604 0.5350
7987.0000 1130 604 0.5345
7996.0000 1131 604 0.5340
8004.0000 1131 605 0.5349
8005.0000 1132 605 0.5345
8011.0000 1133 605 0.5340
8013.0000 1133 606 0.5349
8015.0000 1133 607 0.5357
8018.0000 1134 607 0.5353
8026.0000 1135 607 0.5348
8035.0000 1136 607 0.5343
8040.0000 1137 607 0.5339
8043.0000 1137 608 0.5347
8045.0000 1138 608 0.5343
8046.0000 1138 609 0.5351
8051.0000 1138 610 0.5360
8052.0000 1139 610 0.5356
8057.0000 1140 610 0.5351
8063.0000 1141 610 0.5346
8069.0000 1142 610 0.5342
8074.0000 1143 610 0.5337
8079.0000 1144 610 0.5332
8084.0000 1145 610 0.5328
8086.0000 1145 611 0.5336
8092.0000 1146 611 0.5332
8101.0000 1147 611 0.5327
8110.0000 1148 611 0.5322
8117.0000 1149 611 0.5318
8123.0000 1149 612 0.5326
8124.0000 1150 612 0.5322
8128.0000 1150 613 0.5330
8133.0000 1151 613 0.5326
8138.0000 1152 613 0.5321
8144.0000 1153 613 0.5317
8153.0000 1154 613 0.5312
8162.0000 1155 613 0.5307
8169.0000 1156 613 0.5303
8178.0000 1157 613 0.5298
8184.0000 1158 613 0.5294
8184.0000 1158 614 0.5302
8190.0000 1158 615 0.5311
8191.0000 1159 615 0.5306
8199.0000 1160 615 0.5302
8204.0000 1161 615 0.5297
8209.0000 1161 616 0.5306
8212.0000 1162 616 0.5301
8218.0000 1163 616 0.5297
8221.0000 1163 617 0.5305
8223.0000 1164 617 0.5301
8230.0000 1164 618 0.5309
8231.0000 1165 618 0.5305
8239.0000 1166 618 0.5300
8247.0000 1167 618 0.5296
8256.0000 1168 618 0.5291
8264.0000 1169 618 0.5287
8269.0000 1169 619 0.5295
8272.0000 1170 619 0.5291
8279.0000 1171 619 0.5286
8287.0000 1172 619 0.5282
8293.0000 1173 619 0.5277
8302.0000 1174 619 0.5273
8308.0000 1175 619 0.5268
8317.0000 1176 619 0.5264
8325.0000 1177 619 0.5259
8329.0000 1177 620 0.5268
8332.0000 1178 620 0.5263
8333.0000 1178 621 0.5272
8339.0000 1178 622 0.5280
8340.0000 1179 622 0.5276
8340.0000 1179 623 0.5284
8345.0000 1180 623 0.5280
8350.0000 1180 624 0.5288
8354.0000 1181 624 0.5284
8359.0000 1182 624 0.5279
8363.0000 1182 625 0.5288
8363.0000 1182 626 0.5296
8363.0000 1182 627 0.5305
8366.0000 1183 627 0.5300
8368.0000 1183 628 0.5309
8370.0000 1183 629 0.5317
8374.0000 1184 629 0.5313
8377.0000 1184 630 0.5321
8382.0000 1185 630 0.5316
8383.0000 1185 631 0.5325
8387.0000 1185 632 0.5333
8390.0000 1186 632 0.5329
8397.0000 1187 632 0.5324
8399.0000 1187 633 0.5333
8399.0000 1187 634 0.5341
8403.0000 1188 634 0.5337
8405.0000 1188 635 0.5345
8410.0000 1189 635 0.5341
8410.0000 1189 636 0.5349
8416.0000 1190 636 0.5345
8419.0000 1190 637 0.5353
8420.0000 1190 638 0.5361
8421.0000 1191 638 0.5357
8421.0000 1191 639 0.5365
8426.0000 1192 639 0.5361
8435.0000 1193 639 0.5356
8435.0000 1193 640 0.5365
8441.0000 1194 640 0.5360
8445.0000 1194 641 0.5369
8447.0000 1195 641 0.5364
8455.0000 1196 641 0.5360
8456.0000 1196 642 0.5368
8462.0000 1196 643 0.5376
8464.0000 1197 643 0.5372
8472.0000 1198 643 0.5367
8478.0000 1198 644 0.5376
8481.0000 1199 644 0.5371
8487.0000 1199 645 0.5379
8488.0000 1200 645 0.5375
8497.0000 1201 645 0.5371
8502.0000 1201 646 0.5379
8505.0000 1201 647 0.5387
8506.0000 1202 647 0.5383
8511.0000 1203 647 0.5378
8516.0000 1204 647 0.5374
8524.0000 1205 647 0.5369
8524.0000 1205 648 0.5378
8530.0000 1206 648 0.5373
8535.0000 1207 648 0.5369
8544.0000 1208 648 0.5364
8547.0000 1208 649 0.5373
8549.0000 1209 649 0.5368
8553.0000 1209 650 0.5376
8556.0000 1210 650 0.5372
8561.0000 1211 650 0.5367
8565.0000 1211 651 0.5376
8569.0000 1212 651 0.5371
8578.0000 1213 651 0.5367
8583.0000 1213 652 0.5375
8585.0000 1214 652 0.5371
8590.0000 1214 653 0.5379
8593.0000 1215 653 0.5374
8593.0000 1215 654 0.5383
8599.0000 1216 654 0.5378
8607.0000 1216 655 0.5387
8608.0000 1217 655 0.5382
8617.0000 1218 655 0.5378
8622.0000 1219 655 0.5373
8631.0000 1220 655 0.5369
8632.0000 1220 656 0.5377
8633.0000 1220 657 0.5385
8640.0000 1221 657 0.5381
8647.0000 1222 657 0.5376
8650.0000 1222 658 0.5385
8654.0000 1223 658 0.5380
8655.0000 1223 659 0.5388
8659.0000 1224 659 0.5384
8665.0000 1225 659 0.5380
8672.0000 1226 659 0.5375
8679.0000 1227 659 0.5371
8686.0000 1228 659 0.5366
8693.0000 1229 659 0.5362
8701.0000 1230 659 0.5358
8701.0000 1230 660 0.5366
8704.0000 1230 661 0.5374
8706.0000 1231 661 0.5370
8712.0000 1232 661 0.5365
8719.0000 1233 661 0.5361
8724.0000 1234 661 0.5357
8726.0000 1234 662 0.5365
8729.0000 1235 662 0.5360
8729.0000 1235 663 0.5368
8735.0000 1236 663 0.5364
8743.0000 1237 663 0.5360
8745.0000 1237 664 0.5368
8745.0000 1237 665 0.5376
8747.0000 1237 666 0.5384
8749.0000 1238 666 0.5380
8752.0000 1238 667 0.5388
8757.0000 1239 667 0.5383
8763.0000 1240 667 0.5379
8772.0000 1241 667 0.5375
8776.0000 1241 668 0.5383
8778.0000 1242 668 0.5378
8784.0000 1243 668 0.5374
8784.0000 1243 669 0.5382
8790.0000 1244 669 0.5378
8792.0000 1244 670 0.5386
8798.0000 1245 670 0.5382
8804.0000 1246 670 0.5377
8812.0000 1247 670 0.5373
8816.0000 1247 671 0.5381
8820.0000 1248 671 0.5377
8825.0000 1249 671 0.5372
8830.0000 1249 672 0.5380
8830.0000 1249 673 0.5388
8832.0000 1250 673 0.5384
8837.0000 1251 673 0.5380
8846.0000 1252 673 0.5375
8851.0000 1253 673 0.5371
8860.0000 1254 673 0.5367
8865.0000 1255 673 0.5363
8866.0000 1255 674 0.5371
8870.0000 1256 674 0.5366
8872.0000 1256 675 0.5374
8878.0000 1257 675 0.5370
8878.0000 1257 676 0.5378
8885.0000 1258 676 0.5374
8892.0000 1259 676 0.5369
8900.0000 1260 676 0.5365
8909.0000 1261 676 0.5361
8912.0000 1261 677 0.5369
8912.0000 1261 678 0.5377
8913.0000 1261 679 0.5385
8918.0000 1262 679 0.5380
8921.0000 1262 680 0.5388
8924.0000 1262 681 0.5396
8925.0000 1263 681 0.5392
8931.0000 1264 681 0.5388
8939.0000 1265 681 0.5383
8944.0000 1266 681 0.5379
8953.0000 1267 681 0.5375
8955.0000 1267 682 0.5383
8959.0000 1268 682 0.5379
8967.0000 1269 682 0.5374
8970.0000 1269 683 0.5382
8975.0000 1270 683 0.5378
8981.0000 1271 683 0.5374
8990.0000 1272 683 0.5369
8996.0000 1272 684 0.5377
8999.0000 1273 684 0.5373
9003.0000 1273 685 0.5381
9006.0000 1274 685 0.5377
9015.0000 1275 685 0.5373
9021.0000 1276 685 0.5368
9028.0000 1277 685 0.5364
9028.0000 1277 686 0.5372
9029.0000 1277 687 0.5380
9031.0000 1277 688 0.5388
9036.0000 1278 688 0.5383
9043.0000 1279 688 0.5379
9052.0000 1280 688 0.5375
9060.0000 1281 688 0.5371
9066.0000 1282 688 0.5367
9074.0000 1283 688 0.5362
9076.0000 1283 689 0.5370
9081.0000 1284 689 0.5366
9086.0000 1285 689 0.5362
9093.0000 1286 689 0.5358
9100.0000 1287 689 0.5354
9106.0000 1287 690 0.5361
9107.0000 1288 690 0.5357
9114.0000 1289 690 0.5353
9119.0000 1290 690 0.5349
9127.0000 1291 690 0.5345
9134.0000 1292 690 0.5341
9140.0000 1293 690 0.5336
9147.0000 1294 690 0.5332
9153.0000 1295 690 0.5328
9158.0000 1296 690 0.5324
9163.0000 1296 691 0.5332
9167.0000 1297 691 0.5328
9170.0000 1297 692 0.5335
9176.0000 1298 692 0.5331
9184.0000 1298 693 0.5339
9185.0000 1299 693 0.5335
9189.0000 1299 694 0.5343
9189.0000 1299 695 0.5350
9191.0000 1300 695 0.5346
9200.0000 1301 695 0.5342
9205.0000 1301 696 0.5350
9208.0000 1302 696 0.5346
9213.0000 1302 697 0.5353
9216.0000 1303 697 0.5349
9223.0000 1304 697 0.5345
9229.0000 1305 697 0.5341
9238.0000 1306 697 0.5337
9245.0000 1307 697 0.5333
9253.0000 1308 697 0.5329
9260.0000 1309 697 0.5325
9263.0000 1309 698 0.5332
9268.0000 1310 698 0.5328
9275.0000 1311 698 0.5324
9283.0000 1312 698 0.5320
9286.0000 1312 699 0.5328
9289.0000 1313 699 0.5324
9295.0000 1314 699 0.5320
9300.0000 1315 699 0.5316
9307.0000 1316 699 0.5312
9314.0000 1316 700 0.5319
9316.0000 1317 700 0.5315
9324.0000 1318 700 0.5311
9330.0000 1319 700 0.5307
9338.0000 1320 700 0.5303
9347.0000 1321 700 0.5299
9354.0000 1321 701 0.5307
9355.0000 1322 701 0.5303
9362.0000 1323 701 0.5299
9368.0000 1323 702 0.5306
9369.0000 1324 702 0.5302
9374.0000 1324 703 0.5310
9378.0000 1325 703 0.5306
9384.0000 1326 703 0.5302
9390.0000 1327 703 0.5298
9397.0000 1328 703 0.5294
9405.0000 1329 703 0.5290
9412.0000 1330 703 0.5286
9415.0000 1330 704 0.5293
9418.0000 1331 704 0.5289
9424.0000 1332 704 0.5285
9430.0000 1333 704 0.5281
9438.0000 1334 704 0.5277
9443.0000 1335 704 0.5273
9449.0000 1336 704 0.5269
9458.0000 1337 704 0.5266
9464.0000 1337 705 0.5273
9465.0000 1338 705 0.5269
9470.0000 1338 706 0.5277
9473.0000 1339 706 0.5273
9478.0000 1340 706 0.5269
9487.0000 1341 706 0.5265
9493.0000 1342 706 0.5261
9497.0000 1342 707 0.5268
9502.0000 1343 707 0.5264
9507.0000 1344 707 0.5260
9510.0000 1344 708 0.5268
9512.0000 1344 709 0.5275
9514.0000 1345 709 0.5271
9519.0000 1346 709 0.5267
9526.0000 1346 710 0.5275
9528.0000 1347 710 0.5271
9534.0000 1348 710 0.5267
9539.0000 1349 710 0.5263
9547.0000 1350 710 0.5259
9554.0000 1351 710 0.5255
9563.0000 1352 710 0.5251
9570.0000 1352 711 0.5259
9572.0000 1353 711 0.5255
9576.0000 1353 712 0.5262
9577.0000 1354 712 0.5258
9585.0000 1355 712 0.5255
9587.0000 1355 713 0.5262
9593.0000 1356 713 0.5258
9599.0000 1356 714 0.5265
9602.0000 1357 714 0.5262
9607.0000 1358 714 0.5258
9612.0000 1358 715 0.5265
9616.0000 1359 715 0.5261
9625.0000 1360 715 0.5257
9632.0000 1361 715 0.5253
9641.0000 1362 715 0.5250
9648.0000 1363 715 0.5246
9657.0000 1364 715 0.5242
9666.0000 1365 715 0.5238
9671.0000 1366 715 0.5234
9673.0000 1366 716 0.5242
9677.0000 1367 716 0.5238
9686.0000 1368 716 0.5234
9694.0000 1369 716 0.5230
9695.0000 1369 717 0.5237
9702.0000 1370 717 0.5234
9709.0000 1371 717 0.5230
9717.0000 1372 717 0.5226
9726.0000 1373 717 0.5222
9732.0000 1374 717 0.5218
9740.0000 1375 717 0.5215
9745.0000 1375 718 0.5222
9749.0000 1376 718 0.5218
9756.0000 1377 718 0.5214
9761.0000 1377 719 0.5221
9762.0000 1378 719 0.5218
9768.0000 1379 719 0.5214
9769.0000 1379 720 0.5221
9769.0000 1379 721 0.5228
9775.0000 1380 721 0.5225
9781.0000 1381 721 0.5221
9787.0000 1382 721 0.5217
9787.0000 1382 722 0.5224
9796.0000 1383 722 0.5221
9802.0000 1383 723 0.5228
9804.0000 1384 723 0.5224
9812.0000 1385 723 0.5220
9821.0000 1386 723 0.5216
9830.0000 1387 723 0.5213
9838.0000 1388 723 0.5209
9843.0000 1389 723 0.5205
9849.0000 1390 723 0.5201
9853.0000 1390 724 0.5209
9854.0000 1390 725 0.5216
9857.0000 1391 725 0.5212
9859.0000 1391 726 0.5219
9860.0000 1391 727 0.5226
9864.0000 1392 727 0.5223
9871.0000 1393 727 0.5219
9874.0000 1393 728 0.5226
9877.0000 1394 728 0.5222
9879.0000 1394 729 0.5230
9882.0000 1395 729 0.5226
9890.0000 1396 729 0.5222
9895.0000 1396 730 0.5229
9896.0000 1396 731 0.5236
9899.0000 1397 731 0.5233
9908.0000 1398 731 0.5229
9913.0000 1399 731 0.5225
9921.0000 1400 731 0.5221
9928.0000 1401 731 0.5218
9935.0000 1402 731 0.5214
9936.0000 1402 732 0.5221
9942.0000 1403 732 0.5217
9949.0000 1404 732 0.5214
9950.0000 1404 733 0.5221
9953.0000 1404 734 0.5228
9953.0000 1404 735 0.5235
9957.0000 1405 735 0.5231
9964.0000 1406 735 0.5228
9970.0000 1407 735 0.5224
9978.0000 1408 735 0.5220
9984.0000 1409 735 0.5216
9984.0000 1409 736 0.5224
9991.0000 1410 736 0.5220
9993.0000 1410 737 0.5227
9998.0000 1411 737 0.5223
