# messageDelay  cumulativeProbability
1.0000 0.0007
1.0000 0.0014
1.0000 0.0021
1.0000 0.0028
1.0000 0.0035
1.0000 0.0043
1.0000 0.0050
1.0000 0.0057
1.0000 0.0064
1.0000 0.0071
1.0000 0.0078
1.0000 0.0085
1.0000 0.0092
1.0000 0.0099
1.0000 0.0106
1.0000 0.0113
1.0000 0.0120
1.0000 0.0128
1.0000 0.0135
1.0000 0.0142
1.0000 0.0149
1.0000 0.0156
1.0000 0.0163
1.0000 0.0170
1.0000 0.0177
1.0000 0.0184
1.0000 0.0191
2.0000 0.0198
2.0000 0.0206
2.0000 0.0213
2.0000 0.0220
2.0000 0.0227
2.0000 0.0234
2.0000 0.0241
2.0000 0.0248
2.0000 0.0255
3.0000 0.0262
3.0000 0.0269
3.0000 0.0276
3.0000 0.0283
3.0000 0.0291
3.0000 0.0298
3.0000 0.0305
3.0000 0.0312
4.0000 0.0319
4.0000 0.0326
4.0000 0.0333
4.0000 0.0340
4.0000 0.0347
4.0000 0.0354
4.0000 0.0361
4.0000 0.0369
4.0000 0.0376
5.0000 0.0383
5.0000 0.0390
5.0000 0.0397
5.0000 0.0404
6.0000 0.0411
6.0000 0.0418
6.0000 0.0425
6.0000 0.0432
6.0000 0.0439
6.0000 0.0446
6.0000 0.0454
6.0000 0.0461
7.0000 0.0468
7.0000 0.0475
7.0000 0.0482
7.0000 0.0489
8.0000 0.0496
8.0000 0.0503
8.0000 0.0510
8.0000 0.0517
9.0000 0.0524
9.0000 0.0532
9.0000 0.0539
9.0000 0.0546
9.0000 0.0553
9.0000 0.0560
10.0000 0.0567
10.0000 0.0574
10.0000 0.0581
10.0000 0.0588
10.0000 0.0595
10.0000 0.0602
10.0000 0.0609
11.0000 0.0617
11.0000 0.0624
11.0000 0.0631
11.0000 0.0638
12.0000 0.0645
12.0000 0.0652
12.0000 0.0659
12.0000 0.0666
12.0000 0.0673
12.0000 0.0680
12.0000 0.0687
13.0000 0.0695
13.0000 0.0702
13.0000 0.0709
14.0000 0.0716
14.0000 0.0723
14.0000 0.0730
15.0000 0.0737
16.0000 0.0744
16.0000 0.0751
16.0000 0.0758
16.0000 0.0765
16.0000 0.0773
16.0000 0.0780
16.0000 0.0787
17.0000 0.0794
17.0000 0.0801
17.0000 0.0808
17.0000 0.0815
18.0000 0.0822
18.0000 0.0829
18.0000 0.0836
18.0000 0.0843
18.0000 0.0850
19.0000 0.0858
19.0000 0.0865
19.0000 0.0872
19.0000 0.0879
19.0000 0.0886
20.0000 0.0893
20.0000 0.0900
20.0000 0.0907
20.0000 0.0914
21.0000 0.0921
21.0000 0.0928
21.0000 0.0936
23.0000 0.0943
23.0000 0.0950
23.0000 0.0957
23.0000 0.0964
23.0000 0.0971
23.0000 0.0978
23.0000 0.0985
24.0000 0.0992
24.0000 0.0999
24.0000 0.1006
24.0000 0.1013
24.0000 0.1021
25.0000 0.1028
25.0000 0.1035
25.0000 0.1042
25.0000 0.1049
26.0000 0.1056
26.0000 0.1063
27.0000 0.1070
27.0000 0.1077
27.0000 0.1084
28.0000 0.1091
28.0000 0.1099
29.0000 0.1106
29.0000 0.1113
29.0000 0.1120
30.0000 0.1127
30.0000 0.1134
30.0000 0.1141
30.0000 0.1148
30.0000 0.1155
31.0000 0.1162
31.0000 0.1169
31.0000 0.1176
31.0000 0.1184
31.0000 0.1191
32.0000 0.1198
32.0000 0.1205
32.0000 0.1212
32.0000 0.1219
33.0000 0.1226
33.0000 0.1233
33.0000 0.1240
33.0000 0.1247
34.0000 0.1254
34.0000 0.1262
34.0000 0.1269
34.0000 0.1276
35.0000 0.1283
35.0000 0.1290
35.0000 0.1297
36.0000 0.1304
36.0000 0.1311
37.0000 0.1318
38.0000 0.1325
38.0000 0.1332
38.0000 0.1339
39.0000 0.1347
40.0000 0.1354
40.0000 0.1361
41.0000 0.1368
41.0000 0.1375
41.0000 0.1382
42.0000 0.1389
43.0000 0.1396
43.0000 0.1403
43.0000 0.1410
43.0000 0.1417
44.0000 0.1425
44.0000 0.1432
44.0000 0.1439
44.0000 0.1446
45.0000 0.1453
45.0000 0.1460
45.0000 0.1467
45.0000 0.1474
45.0000 0.1481
45.0000 0.1488
46.0000 0.1495
47.0000 0.1502
47.0000 0.1510
47.0000 0.1517
48.0000 0.1524
48.0000 0.1531
48.0000 0.1538
48.0000 0.1545
49.0000 0.1552
49.0000 0.1559
49.0000 0.1566
50.0000 0.1573
50.0000 0.1580
50.0000 0.1588
52.0000 0.1595
52.0000 0.1602
52.0000 0.1609
52.0000 0.1616
52.0000 0.1623
53.0000 0.1630
54.0000 0.1637
54.0000 0.1644
55.0000 0.1651
55.0000 0.1658
55.0000 0.1665
56.0000 0.1673
56.0000 0.1680
56.0000 0.1687
57.0000 0.1694
57.0000 0.1701
58.0000 0.1708
58.0000 0.1715
59.0000 0.1722
60.0000 0.1729
60.0000 0.1736
60.0000 0.1743
62.0000 0.1751
62.0000 0.1758
62.0000 0.1765
62.0000 0.1772
64.0000 0.1779
65.0000 0.1786
65.0000 0.1793
65.0000 0.1800
67.0000 0.1807
68.0000 0.1814
68.0000 0.1821
68.0000 0.1828
69.0000 0.1836
69.0000 0.1843
70.0000 0.1850
71.0000 0.1857
71.0000 0.1864
71.0000 0.1871
72.0000 0.1878
72.0000 0.1885
72.0000 0.1892
73.0000 0.1899
73.0000 0.1906
73.0000 0.1914
73.0000 0.1921
74.0000 0.1928
74.0000 0.1935
75.0000 0.1942
75.0000 0.1949
77.0000 0.1956
77.0000 0.1963
77.0000 0.1970
77.0000 0.1977
77.0000 0.1984
79.0000 0.1991
80.0000 0.1999
81.0000 0.2006
82.0000 0.2013
82.0000 0.2020
82.0000 0.2027
82.0000 0.2034
82.0000 0.2041
82.0000 0.2048
83.0000 0.2055
84.0000 0.2062
84.0000 0.2069
84.0000 0.2077
85.0000 0.2084
85.0000 0.2091
86.0000 0.2098
86.0000 0.2105
86.0000 0.2112
87.0000 0.2119
88.0000 0.2126
89.0000 0.2133
90.0000 0.2140
91.0000 0.2147
91.0000 0.2155
91.0000 0.2162
91.0000 0.2169
92.0000 0.2176
92.0000 0.2183
92.0000 0.2190
93.0000 0.2197
93.0000 0.2204
94.0000 0.2211
95.0000 0.2218
95.0000 0.2225
95.0000 0.2232
96.0000 0.2240
96.0000 0.2247
96.0000 0.2254
98.0000 0.2261
98.0000 0.2268
99.0000 0.2275
100.0000 0.2282
101.0000 0.2289
102.0000 0.2296
102.0000 0.2303
104.0000 0.2310
105.0000 0.2318
105.0000 0.2325
106.0000 0.2332
106.0000 0.2339
106.0000 0.2346
106.0000 0.2353
108.0000 0.2360
108.0000 0.2367
108.0000 0.2374
110.0000 0.2381
110.0000 0.2388
111.0000 0.2395
111.0000 0.2403
111.0000 0.2410
111.0000 0.2417
111.0000 0.2424
112.0000 0.2431
112.0000 0.2438
112.0000 0.2445
112.0000 0.2452
115.0000 0.2459
115.0000 0.2466
116.0000 0.2473
116.0000 0.2481
118.0000 0.2488
119.0000 0.2495
120.0000 0.2502
120.0000 0.2509
120.0000 0.2516
121.0000 0.2523
121.0000 0.2530
121.0000 0.2537
122.0000 0.2544
123.0000 0.2551
124.0000 0.2558
124.0000 0.2566
126.0000 0.2573
131.0000 0.2580
132.0000 0.2587
133.0000 0.2594
134.0000 0.2601
134.0000 0.2608
136.0000 0.2615
137.0000 0.2622
138.0000 0.2629
140.0000 0.2636
141.0000 0.2644
142.0000 0.2651
144.0000 0.2658
145.0000 0.2665
146.0000 0.2672
147.0000 0.2679
148.0000 0.2686
150.0000 0.2693
151.0000 0.2700
151.0000 0.2707
152.0000 0.2714
152.0000 0.2721
154.0000 0.2729
154.0000 0.2736
154.0000 0.2743
156.0000 0.2750
158.0000 0.2757
159.0000 0.2764
160.0000 0.2771
160.0000 0.2778
161.0000 0.2785
161.0000 0.2792
163.0000 0.2799
165.0000 0.2807
165.0000 0.2814
166.0000 0.2821
166.0000 0.2828
167.0000 0.2835
168.0000 0.2842
170.0000 0.2849
171.0000 0.2856
171.0000 0.2863
171.0000 0.2870
172.0000 0.2877
173.0000 0.2884
174.0000 0.2892
175.0000 0.2899
175.0000 0.2906
175.0000 0.2913
176.0000 0.2920
176.0000 0.2927
177.0000 0.2934
178.0000 0.2941
179.0000 0.2948
180.0000 0.2955
181.0000 0.2962
181.0000 0.2970
183.0000 0.2977
184.0000 0.2984
185.0000 0.2991
186.0000 0.2998
187.0000 0.3005
188.0000 0.3012
190.0000 0.3019
191.0000 0.3026
192.0000 0.3033
192.0000 0.3040
193.0000 0.3047
194.0000 0.3055
194.0000 0.3062
195.0000 0.3069
195.0000 0.3076
196.0000 0.3083
197.0000 0.3090
200.0000 0.3097
202.0000 0.3104
204.0000 0.3111
207.0000 0.3118
209.0000 0.3125
211.0000 0.3133
211.0000 0.3140
213.0000 0.3147
216.0000 0.3154
217.0000 0.3161
219.0000 0.3168
219.0000 0.3175
220.0000 0.3182
221.0000 0.3189
221.0000 0.3196
222.0000 0.3203
223.0000 0.3210
225.0000 0.3218
226.0000 0.3225
226.0000 0.3232
227.0000 0.3239
228.0000 0.3246
228.0000 0.3253
229.0000 0.3260
234.0000 0.3267
234.0000 0.3274
235.0000 0.3281
235.0000 0.3288
239.0000 0.3296
242.0000 0.3303
245.0000 0.3310
246.0000 0.3317
251.0000 0.3324
254.0000 0.3331
256.0000 0.3338
257.0000 0.3345
257.0000 0.3352
258.0000 0.3359
258.0000 0.3366
260.0000 0.3373
260.0000 0.3381
260.0000 0.3388
261.0000 0.3395
264.0000 0.3402
265.0000 0.3409
265.0000 0.3416
266.0000 0.3423
268.0000 0.3430
270.0000 0.3437
272.0000 0.3444
273.0000 0.3451
277.0000 0.3459
281.0000 0.3466
282.0000 0.3473
282.0000 0.3480
282.0000 0.3487
283.0000 0.3494
285.0000 0.3501
286.0000 0.3508
286.0000 0.3515
287.0000 0.3522
288.0000 0.3529
288.0000 0.3536
289.0000 0.3544
290.0000 0.3551
295.0000 0.3558
297.0000 0.3565
298.0000 0.3572
299.0000 0.3579
300.0000 0.3586
300.0000 0.3593
301.0000 0.3600
302.0000 0.3607
303.0000 0.3614
303.0000 0.3622
304.0000 0.3629
305.0000 0.3636
306.0000 0.3643
309.0000 0.3650
311.0000 0.3657
311.0000 0.3664
314.0000 0.3671
315.0000 0.3678
315.0000 0.3685
317.0000 0.3692
317.0000 0.3700
317.0000 0.3707
318.0000 0.3714
320.0000 0.3721
323.0000 0.3728
324.0000 0.3735
330.0000 0.3742
332.0000 0.3749
334.0000 0.3756
336.0000 0.3763
336.0000 0.3770
343.0000 0.3777
351.0000 0.3785
352.0000 0.3792
352.0000 0.3799
352.0000 0.3806
352.0000 0.3813
355.0000 0.3820
355.0000 0.3827
357.0000 0.3834
358.0000 0.3841
359.0000 0.3848
359.0000 0.3855
359.0000 0.3863
360.0000 0.3870
361.0000 0.3877
361.0000 0.3884
365.0000 0.3891
367.0000 0.3898
368.0000 0.3905
369.0000 0.3912
374.0000 0.3919
377.0000 0.3926
381.0000 0.3933
382.0000 0.3940
383.0000 0.3948
385.0000 0.3955
385.0000 0.3962
387.0000 0.3969
388.0000 0.3976
391.0000 0.3983
399.0000 0.3990
400.0000 0.3997
401.0000 0.4004
403.0000 0.4011
404.0000 0.4018
404.0000 0.4026
407.0000 0.4033
407.0000 0.4040
408.0000 0.4047
409.0000 0.4054
419.0000 0.4061
429.0000 0.4068
431.0000 0.4075
431.0000 0.4082
433.0000 0.4089
434.0000 0.4096
435.0000 0.4103
436.0000 0.4111
437.0000 0.4118
447.0000 0.4125
448.0000 0.4132
449.0000 0.4139
450.0000 0.4146
452.0000 0.4153
458.0000 0.4160
462.0000 0.4167
463.0000 0.4174
466.0000 0.4181
467.0000 0.4189
468.0000 0.4196
473.0000 0.4203
475.0000 0.4210
479.0000 0.4217
481.0000 0.4224
482.0000 0.4231
483.0000 0.4238
484.0000 0.4245
494.0000 0.4252
497.0000 0.4259
497.0000 0.4266
499.0000 0.4274
501.0000 0.4281
503.0000 0.4288
506.0000 0.4295
508.0000 0.4302
512.0000 0.4309
514.0000 0.4316
515.0000 0.4323
515.0000 0.4330
516.0000 0.4337
518.0000 0.4344
522.0000 0.4352
522.0000 0.4359
522.0000 0.4366
527.0000 0.4373
529.0000 0.4380
529.0000 0.4387
530.0000 0.4394
533.0000 0.4401
535.0000 0.4408
538.0000 0.4415
539.0000 0.4422
540.0000 0.4429
541.0000 0.4437
541.0000 0.4444
549.0000 0.4451
550.0000 0.4458
553.0000 0.4465
560.0000 0.4472
561.0000 0.4479
567.0000 0.4486
567.0000 0.4493
572.0000 0.4500
575.0000 0.4507
575.0000 0.4515
578.0000 0.4522
578.0000 0.4529
578.0000 0.4536
581.0000 0.4543
587.0000 0.4550
588.0000 0.4557
591.0000 0.4564
593.0000 0.4571
593.0000 0.4578
597.0000 0.4585
603.0000 0.4592
606.0000 0.4600
609.0000 0.4607
616.0000 0.4614
618.0000 0.4621
622.0000 0.4628
622.0000 0.4635
624.0000 0.4642
630.0000 0.4649
637.0000 0.4656
637.0000 0.4663
647.0000 0.4670
655.0000 0.4678
657.0000 0.4685
662.0000 0.4692
665.0000 0.4699
670.0000 0.4706
670.0000 0.4713
673.0000 0.4720
682.0000 0.4727
694.0000 0.4734
702.0000 0.4741
710.0000 0.4748
711.0000 0.4755
717.0000 0.4763
728.0000 0.4770
729.0000 0.4777
731.0000 0.4784
735.0000 0.4791
735.0000 0.4798
739.0000 0.4805
741.0000 0.4812
758.0000 0.4819
763.0000 0.4826
766.0000 0.4833
769.0000 0.4841
770.0000 0.4848
774.0000 0.4855
779.0000 0.4862
782.0000 0.4869
796.0000 0.4876
797.0000 0.4883
802.0000 0.4890
808.0000 0.4897
811.0000 0.4904
814.0000 0.4911
823.0000 0.4918
843.0000 0.4926
888.0000 0.4933
889.0000 0.4940
901.0000 0.4947
903.0000 0.4954
904.0000 0.4961
906.0000 0.4968
918.0000 0.4975
951.0000 0.4982
957.0000 0.4989
1028.0000 0.4996
1037.0000 0.5004
1043.0000 0.5011
1046.0000 0.5018
1058.0000 0.5025
1074.0000 0.5032
1079.0000 0.5039
1114.0000 0.5046
1116.0000 0.5053
1118.0000 0.5060
1126.0000 0.5067
1127.0000 0.5074
1131.0000 0.5082
1152.0000 0.5089
1152.0000 0.5096
1169.0000 0.5103
1173.0000 0.5110
1213.0000 0.5117
1216.0000 0.5124
1219.0000 0.5131
1241.0000 0.5138
1275.0000 0.5145
1285.0000 0.5152
1290.0000 0.5159
1328.0000 0.5167
1393.0000 0.5174
1436.0000 0.5181
1548.0000 0.5188
1636.0000 0.5195
1683.0000 0.5202
1820.0000 0.5209
1942.0000 0.5216
2340.0000 0.5223
