# time  created  delivered  delivered/created
7.0000 1 0 0.0000
12.0000 1 1 1.0000
16.0000 2 1 0.5000
21.0000 3 1 0.3333
29.0000 4 1 0.2500
37.0000 5 1 0.2000
44.0000 6 1 0.1667
50.0000 7 1 0.1429
58.0000 8 1 0.1250
66.0000 9 1 0.1111
71.0000 10 1 0.1000
79.0000 11 1 0.0909
80.0000 11 2 0.1818
80.0000 11 3 0.2727
85.0000 12 3 0.2500
91.0000 13 3 0.2308
97.0000 14 3 0.2143
105.0000 15 3 0.2000
112.0000 16 3 0.1875
121.0000 17 3 0.1765
123.0000 17 4 0.2353
128.0000 18 4 0.2222
134.0000 19 4 0.2105
140.0000 19 5 0.2632
141.0000 20 5 0.2500
149.0000 21 5 0.2381
155.0000 22 5 0.2273
157.0000 22 6 0.2727
163.0000 23 6 0.2609
168.0000 24 6 0.2500
177.0000 25 6 0.2400
182.0000 26 6 0.2308
183.0000 26 7 0.2692
188.0000 27 7 0.2593
193.0000 28 7 0.2500
199.0000 29 7 0.2414
204.0000 30 7 0.2333
213.0000 31 7 0.2258
219.0000 32 7 0.2188
224.0000 32 8 0.2500
228.0000 33 8 0.2424
235.0000 34 8 0.2353
244.0000 35 8 0.2286
244.0000 35 9 0.2571
251.0000 36 9 0.2500
252.0000 36 10 0.2778
256.0000 36 11 0.3056
259.0000 37 11 0.2973
268.0000 38 11 0.2895
276.0000 39 11 0.2821
284.0000 40 11 0.2750
284.0000 40 12 0.3000
293.0000 41 12 0.2927
295.0000 41 13 0.3171
300.0000 42 13 0.3095
305.0000 43 13 0.3023
310.0000 44 13 0.2955
313.0000 44 14 0.3182
315.0000 45 14 0.3111
323.0000 46 14 0.3043
330.0000 47 14 0.2979
336.0000 48 14 0.2917
338.0000 48 15 0.3125
343.0000 49 15 0.3061
343.0000 49 16 0.3265
352.0000 50 16 0.3200
357.0000 51 16 0.3137
365.0000 52 16 0.3077
367.0000 52 17 0.3269
371.0000 53 17 0.3208
378.0000 54 17 0.3148
386.0000 55 17 0.3091
388.0000 55 18 0.3273
392.0000 56 18 0.3214
392.0000 56 19 0.3393
399.0000 57 19 0.3333
400.0000 57 20 0.3509
405.0000 57 21 0.3684
406.0000 58 21 0.3621
410.0000 58 22 0.3793
415.0000 59 22 0.3729
420.0000 60 22 0.3667
427.0000 61 22 0.3607
435.0000 62 22 0.3548
437.0000 62 23 0.3710
441.0000 63 23 0.3651
444.0000 63 24 0.3810
449.0000 64 24 0.3750
451.0000 64 25 0.3906
454.0000 65 25 0.3846
462.0000 66 25 0.3788
467.0000 66 26 0.3939
470.0000 67 26 0.3881
472.0000 67 27 0.4030
478.0000 68 27 0.3971
487.0000 69 27 0.3913
493.0000 70 27 0.3857
498.0000 71 27 0.3803
507.0000 72 27 0.3750
512.0000 73 27 0.3699
515.0000 73 28 0.3836
519.0000 74 28 0.3784
524.0000 75 28 0.3733
528.0000 75 29 0.3867
531.0000 75 30 0.4000
533.0000 76 30 0.3947
535.0000 76 31 0.4079
536.0000 76 32 0.4211
539.0000 77 32 0.4156
548.0000 78 32 0.4103
554.0000 78 33 0.4231
555.0000 79 33 0.4177
563.0000 80 33 0.4125
571.0000 80 34 0.4250
572.0000 81 34 0.4198
581.0000 82 34 0.4146
582.0000 82 35 0.4268
590.0000 83 35 0.4217
599.0000 84 35 0.4167
606.0000 85 35 0.4118
608.0000 85 36 0.4235
609.0000 85 37 0.4353
609.0000 85 38 0.4471
615.0000 86 38 0.4419
621.0000 87 38 0.4368
622.0000 87 39 0.4483
627.0000 88 39 0.4432
628.0000 88 40 0.4545
629.0000 88 41 0.4659
636.0000 89 41 0.4607
637.0000 89 42 0.4719
643.0000 90 42 0.4667
646.0000 90 43 0.4778
650.0000 91 43 0.4725
659.0000 92 43 0.4674
664.0000 92 44 0.4783
668.0000 93 44 0.4731
671.0000 93 45 0.4839
675.0000 93 46 0.4946
676.0000 94 46 0.4894
676.0000 94 47 0.5000
681.0000 95 47 0.4947
689.0000 96 47 0.4896
694.0000 97 47 0.4845
694.0000 97 48 0.4948
695.0000 97 49 0.5052
698.0000 97 50 0.5155
701.0000 98 50 0.5102
706.0000 99 50 0.5051
714.0000 100 50 0.5000
720.0000 100 51 0.5100
721.0000 101 51 0.5050
721.0000 101 52 0.5149
721.0000 101 53 0.5248
722.0000 101 54 0.5347
726.0000 101 55 0.5446
729.0000 102 55 0.5392
731.0000 102 56 0.5490
733.0000 102 57 0.5588
734.0000 103 57 0.5534
741.0000 104 57 0.5481
747.0000 104 58 0.5577
748.0000 105 58 0.5524
753.0000 106 58 0.5472
761.0000 107 58 0.5421
769.0000 108 58 0.5370
774.0000 109 58 0.5321
777.0000 109 59 0.5413
779.0000 109 60 0.5505
780.0000 109 61 0.5596
781.0000 110 61 0.5545
783.0000 110 62 0.5636
787.0000 110 63 0.5727
789.0000 111 63 0.5676
793.0000 111 64 0.5766
794.0000 112 64 0.5714
795.0000 112 65 0.5804
796.0000 112 66 0.5893
796.0000 112 67 0.5982
796.0000 112 68 0.6071
797.0000 112 69 0.6161
797.0000 112 70 0.6250
800.0000 113 70 0.6195
802.0000 113 71 0.6283
803.0000 113 72 0.6372
807.0000 114 72 0.6316
814.0000 114 73 0.6404
815.0000 115 73 0.6348
821.0000 116 73 0.6293
826.0000 117 73 0.6239
828.0000 117 74 0.6325
834.0000 118 74 0.6271
839.0000 119 74 0.6218
842.0000 119 75 0.6303
848.0000 120 75 0.6250
854.0000 121 75 0.6198
856.0000 121 76 0.6281
862.0000 121 77 0.6364
863.0000 122 77 0.6311
864.0000 122 78 0.6393
871.0000 123 78 0.6341
874.0000 123 79 0.6423
877.0000 124 79 0.6371
883.0000 125 79 0.6320
890.0000 126 79 0.6270
893.0000 126 80 0.6349
896.0000 127 80 0.6299
903.0000 128 80 0.6250
908.0000 129 80 0.6202
914.0000 130 80 0.6154
918.0000 130 81 0.6231
919.0000 130 82 0.6308
920.0000 130 83 0.6385
921.0000 131 83 0.6336
927.0000 131 84 0.6412
929.0000 132 84 0.6364
929.0000 132 85 0.6439
930.0000 132 86 0.6515
932.0000 132 87 0.6591
934.0000 133 87 0.6541
935.0000 133 88 0.6617
941.0000 134 88 0.6567
945.0000 134 89 0.6642
948.0000 135 89 0.6593
952.0000 135 90 0.6667
955.0000 136 90 0.6618
960.0000 136 91 0.6691
962.0000 137 91 0.6642
963.0000 137 92 0.6715
963.0000 137 93 0.6788
968.0000 138 93 0.6739
974.0000 139 93 0.6691
975.0000 139 94 0.6763
979.0000 140 94 0.6714
988.0000 141 94 0.6667
993.0000 142 94 0.6620
998.0000 143 94 0.6573
1003.0000 144 94 0.6528
1012.0000 145 94 0.6483
1017.0000 145 95 0.6552
1019.0000 146 95 0.6507
1020.0000 146 96 0.6575
1025.0000 147 96 0.6531
1025.0000 147 97 0.6599
1032.0000 148 97 0.6554
1032.0000 148 98 0.6622
1040.0000 149 98 0.6577
1047.0000 150 98 0.6533
1052.0000 150 99 0.6600
1053.0000 150 100 0.6667
1056.0000 151 100 0.6623
1065.0000 152 100 0.6579
1068.0000 152 101 0.6645
1068.0000 152 102 0.6711
1069.0000 152 103 0.6776
1074.0000 153 103 0.6732
1074.0000 153 104 0.6797
1081.0000 154 104 0.6753
1085.0000 154 105 0.6818
1087.0000 154 106 0.6883
1090.0000 155 106 0.6839
1096.0000 156 106 0.6795
1101.0000 157 106 0.6752
1101.0000 157 107 0.6815
1106.0000 157 108 0.6879
1108.0000 158 108 0.6835
1110.0000 158 109 0.6899
1116.0000 159 109 0.6855
1116.0000 159 110 0.6918
1123.0000 160 110 0.6875
1129.0000 161 110 0.6832
1130.0000 161 111 0.6894
1136.0000 162 111 0.6852
1143.0000 163 111 0.6810
1152.0000 164 111 0.6768
1153.0000 164 112 0.6829
1161.0000 165 112 0.6788
1166.0000 165 113 0.6848
1167.0000 165 114 0.6909
1170.0000 166 114 0.6867
1171.0000 166 115 0.6928
1176.0000 166 116 0.6988
1177.0000 167 116 0.6946
1182.0000 168 116 0.6905
1189.0000 169 116 0.6864
1191.0000 169 117 0.6923
1195.0000 170 117 0.6882
1199.0000 170 118 0.6941
1200.0000 171 118 0.6901
1203.0000 171 119 0.6959
1203.0000 171 120 0.7018
1204.0000 171 121 0.7076
1206.0000 172 121 0.7035
1207.0000 172 122 0.7093
1212.0000 172 123 0.7151
1215.0000 173 123 0.7110
1216.0000 173 124 0.7168
1223.0000 174 124 0.7126
1228.0000 175 124 0.7086
1230.0000 175 125 0.7143
1231.0000 175 126 0.7200
1233.0000 176 126 0.7159
1241.0000 176 127 0.7216
1242.0000 177 127 0.7175
1247.0000 178 127 0.7135
1248.0000 178 128 0.7191
1253.0000 179 128 0.7151
1257.0000 179 129 0.7207
1258.0000 179 130 0.7263
1262.0000 180 130 0.7222
1266.0000 180 131 0.7278
1267.0000 181 131 0.7238
1267.0000 181 132 0.7293
1273.0000 182 132 0.7253
1275.0000 182 133 0.7308
1281.0000 183 133 0.7268
1281.0000 183 134 0.7322
1288.0000 184 134 0.7283
1293.0000 184 135 0.7337
1294.0000 185 135 0.7297
1299.0000 185 136 0.7351
1299.0000 185 137 0.7405
1300.0000 186 137 0.7366
1300.0000 186 138 0.7419
1301.0000 186 139 0.7473
1307.0000 187 139 0.7433
1308.0000 187 140 0.7487
1309.0000 187 141 0.7540
1313.0000 188 141 0.7500
1313.0000 188 142 0.7553
1316.0000 188 143 0.7606
1319.0000 189 143 0.7566
1321.0000 189 144 0.7619
1325.0000 189 145 0.7672
1327.0000 190 145 0.7632
1329.0000 190 146 0.7684
1332.0000 190 147 0.7737
1335.0000 190 148 0.7789
1336.0000 191 148 0.7749
1344.0000 192 148 0.7708
1347.0000 192 149 0.7760
1348.0000 192 150 0.7813
1349.0000 193 150 0.7772
1352.0000 193 151 0.7824
1355.0000 193 152 0.7876
1358.0000 194 152 0.7835
1366.0000 195 152 0.7795
1372.0000 196 152 0.7755
1376.0000 196 153 0.7806
1377.0000 197 153 0.7766
1379.0000 197 154 0.7817
1383.0000 198 154 0.7778
1388.0000 198 155 0.7828
1389.0000 199 155 0.7789
1391.0000 199 156 0.7839
1391.0000 199 157 0.7889
1391.0000 199 158 0.7940
1393.0000 199 159 0.7990
1394.0000 200 159 0.7950
1395.0000 200 160 0.8000
1397.0000 200 161 0.8050
1398.0000 200 162 0.8100
1403.0000 201 162 0.8060
1404.0000 201 163 0.8109
1406.0000 201 164 0.8159
1406.0000 201 165 0.8209
1407.0000 201 166 0.8259
1409.0000 201 167 0.8308
1411.0000 202 167 0.8267
1420.0000 203 167 0.8227
1423.0000 203 168 0.8276
1424.0000 203 169 0.8325
1428.0000 204 169 0.8284
1428.0000 204 170 0.8333
1429.0000 204 171 0.8382
1430.0000 204 172 0.8431
1432.0000 204 173 0.8480
1436.0000 204 174 0.8529
1437.0000 205 174 0.8488
1437.0000 205 175 0.8537
1438.0000 205 176 0.8585
1439.0000 205 177 0.8634
1441.0000 205 178 0.8683
1442.0000 205 179 0.8732
1443.0000 205 180 0.8780
1444.0000 205 181 0.8829
1446.0000 206 181 0.8786
1455.0000 207 181 0.8744
1464.0000 208 181 0.8702
1469.0000 209 181 0.8660
1473.0000 209 182 0.8708
1475.0000 209 183 0.8756
1476.0000 210 183 0.8714
1477.0000 210 184 0.8762
1485.0000 211 184 0.8720
1486.0000 211 185 0.8768
1486.0000 211 186 0.8815
1487.0000 211 187 0.8863
1489.0000 211 188 0.8910
1492.0000 212 188 0.8868
1499.0000 213 188 0.8826
1506.0000 214 188 0.8785
1507.0000 214 189 0.8832
1511.0000 214 190 0.8879
1515.0000 215 190 0.8837
1522.0000 216 190 0.8796
1531.0000 217 190 0.8756
1534.0000 217 191 0.8802
1537.0000 218 191 0.8761
1539.0000 218 192 0.8807
1545.0000 219 192 0.8767
1553.0000 220 192 0.8727
1560.0000 221 192 0.8688
1560.0000 221 193 0.8733
1561.0000 221 194 0.8778
1563.0000 221 195 0.8824
1568.0000 222 195 0.8784
1575.0000 223 195 0.8744
1580.0000 224 195 0.8705
1583.0000 224 196 0.8750
1586.0000 225 196 0.8711
1589.0000 225 197 0.8756
1593.0000 226 197 0.8717
1599.0000 227 197 0.8678
1600.0000 227 198 0.8722
1606.0000 228 198 0.8684
1612.0000 228 199 0.8728
1614.0000 229 199 0.8690
1622.0000 230 199 0.8652
1628.0000 231 199 0.8615
1634.0000 232 199 0.8578
1642.0000 233 199 0.8541
1651.0000 234 199 0.8504
1656.0000 235 199 0.8468
1662.0000 235 200 0.8511
1664.0000 236 200 0.8475
1670.0000 237 200 0.8439
1675.0000 238 200 0.8403
1681.0000 239 200 0.8368
1687.0000 239 201 0.8410
1688.0000 240 201 0.8375
1691.0000 240 202 0.8417
1694.0000 240 203 0.8458
1695.0000 240 204 0.8500
1697.0000 241 204 0.8465
1697.0000 241 205 0.8506
1706.0000 242 205 0.8471
1711.0000 243 205 0.8436
1716.0000 244 205 0.8402
1725.0000 245 205 0.8367
1730.0000 246 205 0.8333
1730.0000 246 206 0.8374
1737.0000 247 206 0.8340
1739.0000 247 207 0.8381
1744.0000 248 207 0.8347
1749.0000 249 207 0.8313
1754.0000 249 208 0.8353
1758.0000 250 208 0.8320
1764.0000 251 208 0.8287
1768.0000 251 209 0.8327
1771.0000 252 209 0.8294
1780.0000 253 209 0.8261
1787.0000 254 209 0.8228
1795.0000 255 209 0.8196
1800.0000 255 210 0.8235
1803.0000 256 210 0.8203
1810.0000 257 210 0.8171
1817.0000 258 210 0.8140
1817.0000 258 211 0.8178
1818.0000 258 212 0.8217
1826.0000 259 212 0.8185
1828.0000 259 213 0.8224
1831.0000 259 214 0.8263
1835.0000 260 214 0.8231
1837.0000 260 215 0.8269
1844.0000 261 215 0.8238
1850.0000 262 215 0.8206
1858.0000 262 216 0.8244
1859.0000 263 216 0.8213
1861.0000 263 217 0.8251
1863.0000 263 218 0.8289
1864.0000 263 219 0.8327
1865.0000 263 220 0.8365
1866.0000 264 220 0.8333
1875.0000 265 220 0.8302
1877.0000 265 221 0.8340
1882.0000 266 221 0.8308
1882.0000 266 222 0.8346
1890.0000 267 222 0.8315
1890.0000 267 223 0.8352
1896.0000 268 223 0.8321
1902.0000 269 223 0.8290
1903.0000 269 224 0.8327
1904.0000 269 225 0.8364
1906.0000 269 226 0.8401
1910.0000 270 226 0.8370
1910.0000 270 227 0.8407
1911.0000 270 228 0.8444
1919.0000 271 228 0.8413
1922.0000 271 229 0.8450
1923.0000 271 230 0.8487
1925.0000 271 231 0.8524
1926.0000 272 231 0.8493
1928.0000 272 232 0.8529
1929.0000 272 233 0.8566
1932.0000 273 233 0.8535
1934.0000 273 234 0.8571
1935.0000 273 235 0.8608
1939.0000 274 235 0.8577
1939.0000 274 236 0.8613
1940.0000 274 237 0.8650
1946.0000 275 237 0.8618
1951.0000 275 238 0.8655
1952.0000 276 238 0.8623
1953.0000 276 239 0.8659
1957.0000 276 240 0.8696
1958.0000 277 240 0.8664
1964.0000 277 241 0.8700
1966.0000 278 241 0.8669
1966.0000 278 242 0.8705
1968.0000 278 243 0.8741
1971.0000 279 243 0.8710
1973.0000 279 244 0.8746
1974.0000 279 245 0.8781
1975.0000 279 246 0.8817
1975.0000 279 247 0.8853
1976.0000 280 247 0.8821
1984.0000 281 247 0.8790
1990.0000 282 247 0.8759
1999.0000 283 247 0.8728
2002.0000 283 248 0.8763
2004.0000 284 248 0.8732
2010.0000 285 248 0.8702
2018.0000 286 248 0.8671
2021.0000 286 249 0.8706
2024.0000 287 249 0.8676
2027.0000 287 250 0.8711
2030.0000 287 251 0.8746
2031.0000 288 251 0.8715
2032.0000 288 252 0.8750
2033.0000 288 253 0.8785
2034.0000 288 254 0.8819
2039.0000 289 254 0.8789
2039.0000 289 255 0.8824
2043.0000 289 256 0.8858
2045.0000 290 256 0.8828
2045.0000 290 257 0.8862
2047.0000 290 258 0.8897
2053.0000 291 258 0.8866
2059.0000 292 258 0.8836
2063.0000 292 259 0.8870
2066.0000 293 259 0.8840
2074.0000 294 259 0.8810
2083.0000 295 259 0.8780
2085.0000 295 260 0.8814
2089.0000 296 260 0.8784
2098.0000 297 260 0.8754
2098.0000 297 261 0.8788
2100.0000 297 262 0.8822
2107.0000 298 262 0.8792
2107.0000 298 263 0.8826
2114.0000 299 263 0.8796
2115.0000 299 264 0.8829
2118.0000 299 265 0.8863
2119.0000 300 265 0.8833
2124.0000 300 266 0.8867
2126.0000 300 267 0.8900
2127.0000 301 267 0.8870
2135.0000 302 267 0.8841
2142.0000 302 268 0.8874
2144.0000 303 268 0.8845
2149.0000 304 268 0.8816
2156.0000 305 268 0.8787
2157.0000 305 269 0.8820
2164.0000 306 269 0.8791
2165.0000 306 270 0.8824
2167.0000 306 271 0.8856
2170.0000 307 271 0.8827
2177.0000 308 271 0.8799
2181.0000 308 272 0.8831
2184.0000 309 272 0.8803
2186.0000 309 273 0.8835
2186.0000 309 274 0.8867
2192.0000 310 274 0.8839
2192.0000 310 275 0.8871
2198.0000 311 275 0.8842
2201.0000 311 276 0.8875
2203.0000 312 276 0.8846
2206.0000 312 277 0.8878
2210.0000 313 277 0.8850
2217.0000 314 277 0.8822
2217.0000 314 278 0.8854
2223.0000 315 278 0.8825
2224.0000 315 279 0.8857
2228.0000 316 279 0.8829
2229.0000 316 280 0.8861
2237.0000 317 280 0.8833
2241.0000 317 281 0.8864
2245.0000 318 281 0.8836
2249.0000 318 282 0.8868
2253.0000 319 282 0.8840
2255.0000 319 283 0.8871
2257.0000 319 284 0.8903
2259.0000 320 284 0.8875
2259.0000 320 285 0.8906
2265.0000 321 285 0.8879
2268.0000 321 286 0.8910
2270.0000 321 287 0.8941
2273.0000 322 287 0.8913
2274.0000 322 288 0.8944
2275.0000 322 289 0.8975
2278.0000 323 289 0.8947
2278.0000 323 290 0.8978
2285.0000 324 290 0.8951
2285.0000 324 291 0.8981
2286.0000 324 292 0.9012
2289.0000 324 293 0.9043
2292.0000 325 293 0.9015
2292.0000 325 294 0.9046
2299.0000 325 295 0.9077
2301.0000 326 295 0.9049
2305.0000 326 296 0.9080
2307.0000 327 296 0.9052
2314.0000 327 297 0.9083
2316.0000 328 297 0.9055
2323.0000 329 297 0.9027
2329.0000 330 297 0.9000
2329.0000 330 298 0.9030
2332.0000 330 299 0.9061
2334.0000 331 299 0.9033
2337.0000 331 300 0.9063
2342.0000 332 300 0.9036
2350.0000 333 300 0.9009
2351.0000 333 301 0.9039
2357.0000 334 301 0.9012
2360.0000 334 302 0.9042
2360.0000 334 303 0.9072
2361.0000 334 304 0.9102
2362.0000 334 305 0.9132
2363.0000 335 305 0.9104
2372.0000 336 305 0.9077
2378.0000 337 305 0.9050
2382.0000 337 306 0.9080
2383.0000 337 307 0.9110
2384.0000 337 308 0.9139
2387.0000 338 308 0.9112
2392.0000 339 308 0.9086
2393.0000 339 309 0.9115
2401.0000 340 309 0.9088
2402.0000 340 310 0.9118
2408.0000 340 311 0.9147
2409.0000 341 311 0.9120
2411.0000 341 312 0.9150
2417.0000 342 312 0.9123
2422.0000 343 312 0.9096
2423.0000 343 313 0.9125
2428.0000 343 314 0.9155
2429.0000 343 315 0.9184
2431.0000 344 315 0.9157
2439.0000 345 315 0.9130
2445.0000 346 315 0.9104
2448.0000 346 316 0.9133
2451.0000 347 316 0.9107
2455.0000 347 317 0.9135
2460.0000 348 317 0.9109
2464.0000 348 318 0.9138
2467.0000 349 318 0.9112
2475.0000 350 318 0.9086
2481.0000 351 318 0.9060
2486.0000 351 319 0.9088
2488.0000 352 319 0.9063
2494.0000 352 320 0.9091
2497.0000 353 320 0.9065
2505.0000 354 320 0.9040
2509.0000 354 321 0.9068
2510.0000 355 321 0.9042
2512.0000 355 322 0.9070
2516.0000 356 322 0.9045
2520.0000 356 323 0.9073
2525.0000 357 323 0.9048
2534.0000 358 323 0.9022
2540.0000 359 323 0.8997
2547.0000 360 323 0.8972
2550.0000 360 324 0.9000
2552.0000 361 324 0.8975
2560.0000 362 324 0.8950
2561.0000 362 325 0.8978
2566.0000 362 326 0.9006
2568.0000 363 326 0.8981
2568.0000 363 327 0.9008
2569.0000 363 328 0.9036
2570.0000 363 329 0.9063
2573.0000 364 329 0.9038
2579.0000 365 329 0.9014
2580.0000 365 330 0.9041
2585.0000 366 330 0.9016
2588.0000 366 331 0.9044
2592.0000 367 331 0.9019
2593.0000 367 332 0.9046
2598.0000 368 332 0.9022
2603.0000 369 332 0.8997
2608.0000 370 332 0.8973
2609.0000 370 333 0.9000
2614.0000 371 333 0.8976
2620.0000 372 333 0.8952
2623.0000 372 334 0.8978
2626.0000 373 334 0.8954
2631.0000 374 334 0.8930
2634.0000 374 335 0.8957
2639.0000 375 335 0.8933
2644.0000 376 335 0.8910
2645.0000 376 336 0.8936
2646.0000 376 337 0.8963
2648.0000 376 338 0.8989
2649.0000 376 339 0.9016
2652.0000 377 339 0.8992
2653.0000 377 340 0.9019
2657.0000 378 340 0.8995
2665.0000 379 340 0.8971
2669.0000 379 341 0.8997
2673.0000 380 341 0.8974
2674.0000 380 342 0.9000
2681.0000 381 342 0.8976
2690.0000 382 342 0.8953
2692.0000 382 343 0.8979
2693.0000 382 344 0.9005
2696.0000 382 345 0.9031
2699.0000 383 345 0.9008
2700.0000 383 346 0.9034
2703.0000 383 347 0.9060
2704.0000 383 348 0.9086
2708.0000 384 348 0.9063
2713.0000 384 349 0.9089
2714.0000 385 349 0.9065
2714.0000 385 350 0.9091
2719.0000 385 351 0.9117
2720.0000 385 352 0.9143
2722.0000 386 352 0.9119
2729.0000 387 352 0.9096
2730.0000 387 353 0.9121
2734.0000 388 353 0.9098
2743.0000 389 353 0.9075
2746.0000 389 354 0.9100
2748.0000 390 354 0.9077
2749.0000 390 355 0.9103
2749.0000 390 356 0.9128
2750.0000 390 357 0.9154
2751.0000 390 358 0.9179
2757.0000 391 358 0.9156
2758.0000 391 359 0.9182
2764.0000 392 359 0.9158
2765.0000 392 360 0.9184
2765.0000 392 361 0.9209
2770.0000 393 361 0.9186
2773.0000 393 362 0.9211
2777.0000 394 362 0.9188
2785.0000 395 362 0.9165
2785.0000 395 363 0.9190
2786.0000 395 364 0.9215
2790.0000 396 364 0.9192
2792.0000 396 365 0.9217
2797.0000 397 365 0.9194
2805.0000 398 365 0.9171
2808.0000 398 366 0.9196
2813.0000 399 366 0.9173
2814.0000 399 367 0.9198
2821.0000 400 367 0.9175
2829.0000 401 367 0.9152
2834.0000 402 367 0.9129
2835.0000 402 368 0.9154
2836.0000 402 369 0.9179
2842.0000 403 369 0.9156
2842.0000 403 370 0.9181
2847.0000 404 370 0.9158
2849.0000 404 371 0.9183
2850.0000 404 372 0.9208
2852.0000 405 372 0.9185
2857.0000 406 372 0.9163
2857.0000 406 373 0.9187
2862.0000 406 374 0.9212
2863.0000 407 374 0.9189
2872.0000 408 374 0.9167
2881.0000 409 374 0.9144
2887.0000 410 374 0.9122
2895.0000 410 375 0.9146
2896.0000 411 375 0.9124
2902.0000 411 376 0.9148
2904.0000 412 376 0.9126
2907.0000 412 377 0.9150
2911.0000 413 377 0.9128
2916.0000 414 377 0.9106
2922.0000 415 377 0.9084
2923.0000 415 378 0.9108
2925.0000 415 379 0.9133
2927.0000 416 379 0.9111
2927.0000 416 380 0.9135
2928.0000 416 381 0.9159
2931.0000 416 382 0.9183
2936.0000 417 382 0.9161
2942.0000 418 382 0.9139
2951.0000 419 382 0.9117
2956.0000 420 382 0.9095
2961.0000 421 382 0.9074
2962.0000 421 383 0.9097
2962.0000 421 384 0.9121
2967.0000 421 385 0.9145
2968.0000 421 386 0.9169
2970.0000 422 386 0.9147
2973.0000 422 387 0.9171
2975.0000 423 387 0.9149
2975.0000 423 388 0.9173
2976.0000 423 389 0.9196
2977.0000 423 390 0.9220
2984.0000 424 390 0.9198
2984.0000 424 391 0.9222
2984.0000 424 392 0.9245
2985.0000 424 393 0.9269
2989.0000 424 394 0.9292
2989.0000 424 395 0.9316
2991.0000 425 395 0.9294
3000.0000 426 395 0.9272
3005.0000 426 396 0.9296
3006.0000 426 397 0.9319
3008.0000 427 397 0.9297
3008.0000 427 398 0.9321
3010.0000 427 399 0.9344
3011.0000 427 400 0.9368
3016.0000 427 401 0.9391
3017.0000 428 401 0.9369
3017.0000 428 402 0.9393
3018.0000 428 403 0.9416
3018.0000 428 404 0.9439
3025.0000 429 404 0.9417
3034.0000 430 404 0.9395
3038.0000 430 405 0.9419
3040.0000 431 405 0.9397
3041.0000 431 406 0.9420
3044.0000 431 407 0.9443
3046.0000 432 407 0.9421
3047.0000 432 408 0.9444
3049.0000 432 409 0.9468
3051.0000 433 409 0.9446
3060.0000 434 409 0.9424
3062.0000 434 410 0.9447
3067.0000 435 410 0.9425
3073.0000 436 410 0.9404
3076.0000 436 411 0.9427
3077.0000 436 412 0.9450
3080.0000 437 412 0.9428
3084.0000 437 413 0.9451
3085.0000 438 413 0.9429
3085.0000 438 414 0.9452
3086.0000 438 415 0.9475
3087.0000 438 416 0.9498
3091.0000 439 416 0.9476
3095.0000 439 417 0.9499
3097.0000 440 417 0.9477
3106.0000 441 417 0.9456
3110.0000 441 418 0.9478
3111.0000 441 419 0.9501
3114.0000 442 419 0.9480
3120.0000 442 420 0.9502
3123.0000 443 420 0.9481
3131.0000 444 420 0.9459
3138.0000 445 420 0.9438
3140.0000 445 421 0.9461
3140.0000 445 422 0.9483
3144.0000 446 422 0.9462
3144.0000 446 423 0.9484
3145.0000 446 424 0.9507
3151.0000 447 424 0.9485
3155.0000 447 425 0.9508
3156.0000 447 426 0.9530
3159.0000 448 426 0.9509
3160.0000 448 427 0.9531
3163.0000 448 428 0.9554
3166.0000 449 428 0.9532
3175.0000 450 428 0.9511
3175.0000 450 429 0.9533
3184.0000 451 429 0.9512
3188.0000 451 430 0.9534
3189.0000 452 430 0.9513
3197.0000 453 430 0.9492
3202.0000 453 431 0.9514
3204.0000 454 431 0.9493
3211.0000 455 431 0.9473
3213.0000 455 432 0.9495
3218.0000 456 432 0.9474
3220.0000 456 433 0.9496
3227.0000 457 433 0.9475
3234.0000 457 434 0.9497
3236.0000 458 434 0.9476
3242.0000 459 434 0.9455
3242.0000 459 435 0.9477
3251.0000 460 435 0.9457
3251.0000 460 436 0.9478
3256.0000 460 437 0.9500
3258.0000 461 437 0.9479
3263.0000 461 438 0.9501
3266.0000 462 438 0.9481
3267.0000 462 439 0.9502
3268.0000 462 440 0.9524
3274.0000 463 440 0.9503
3277.0000 463 441 0.9525
3278.0000 463 442 0.9546
3282.0000 464 442 0.9526
3291.0000 465 442 0.9505
3297.0000 465 443 0.9527
3298.0000 466 443 0.9506
3300.0000 466 444 0.9528
3303.0000 467 444 0.9507
3309.0000 468 444 0.9487
3310.0000 468 445 0.9509
3318.0000 469 445 0.9488
3319.0000 469 446 0.9510
3324.0000 470 446 0.9489
3327.0000 470 447 0.9511
3330.0000 471 447 0.9490
3331.0000 471 448 0.9512
3333.0000 471 449 0.9533
3338.0000 472 449 0.9513
3339.0000 472 450 0.9534
3344.0000 473 450 0.9514
3351.0000 474 450 0.9494
3355.0000 474 451 0.9515
3356.0000 475 451 0.9495
3359.0000 475 452 0.9516
3361.0000 475 453 0.9537
3362.0000 476 453 0.9517
3366.0000 476 454 0.9538
3371.0000 477 454 0.9518
3376.0000 477 455 0.9539
3377.0000 477 456 0.9560
3380.0000 478 456 0.9540
3380.0000 478 457 0.9561
3381.0000 478 458 0.9582
3385.0000 478 459 0.9603
3388.0000 479 459 0.9582
3395.0000 480 459 0.9563
3403.0000 481 459 0.9543
3406.0000 481 460 0.9563
3409.0000 482 460 0.9544
3413.0000 482 461 0.9564
3414.0000 482 462 0.9585
3417.0000 483 462 0.9565
3424.0000 484 462 0.9545
3424.0000 484 463 0.9566
3430.0000 485 463 0.9546
3439.0000 486 463 0.9527
3446.0000 487 463 0.9507
3446.0000 487 464 0.9528
3453.0000 488 464 0.9508
3460.0000 489 464 0.9489
3467.0000 490 464 0.9469
3472.0000 491 464 0.9450
3477.0000 492 464 0.9431
3484.0000 493 464 0.9412
3492.0000 494 464 0.9393
3500.0000 495 464 0.9374
3501.0000 495 465 0.9394
3504.0000 495 466 0.9414
3506.0000 496 466 0.9395
3509.0000 496 467 0.9415
3510.0000 496 468 0.9435
3511.0000 496 469 0.9456
3512.0000 497 469 0.9437
3514.0000 497 470 0.9457
3519.0000 498 470 0.9438
3524.0000 498 471 0.9458
3525.0000 499 471 0.9439
3527.0000 499 472 0.9459
3529.0000 499 473 0.9479
3531.0000 500 473 0.9460
3535.0000 500 474 0.9480
3537.0000 501 474 0.9461
3538.0000 501 475 0.9481
3546.0000 502 475 0.9462
3555.0000 503 475 0.9443
3555.0000 503 476 0.9463
3561.0000 504 476 0.9444
3570.0000 505 476 0.9426
3571.0000 505 477 0.9446
3572.0000 505 478 0.9465
3576.0000 505 479 0.9485
3578.0000 506 479 0.9466
3586.0000 507 479 0.9448
3586.0000 507 480 0.9467
3588.0000 507 481 0.9487
3593.0000 508 481 0.9469
3594.0000 508 482 0.9488
3599.0000 509 482 0.9470
3601.0000 509 483 0.9489
3608.0000 510 483 0.9471
3611.0000 510 484 0.9490
3613.0000 511 484 0.9472
3620.0000 512 484 0.9453
3625.0000 513 484 0.9435
3625.0000 513 485 0.9454
3625.0000 513 486 0.9474
3628.0000 513 487 0.9493
3630.0000 514 487 0.9475
3635.0000 515 487 0.9456
3641.0000 515 488 0.9476
3643.0000 516 488 0.9457
3648.0000 516 489 0.9477
3652.0000 517 489 0.9458
3655.0000 517 490 0.9478
3655.0000 517 491 0.9497
3660.0000 518 491 0.9479
3662.0000 518 492 0.9498
3664.0000 518 493 0.9517
3666.0000 519 493 0.9499
3667.0000 519 494 0.9518
3671.0000 520 494 0.9500
3679.0000 521 494 0.9482
3679.0000 521 495 0.9501
3684.0000 522 495 0.9483
3691.0000 523 495 0.9465
3697.0000 524 495 0.9447
3702.0000 525 495 0.9429
3708.0000 526 495 0.9411
3709.0000 526 496 0.9430
3717.0000 527 496 0.9412
3718.0000 527 497 0.9431
3725.0000 528 497 0.9413
3726.0000 528 498 0.9432
3729.0000 528 499 0.9451
3730.0000 529 499 0.9433
3731.0000 529 500 0.9452
3739.0000 530 500 0.9434
3747.0000 531 500 0.9416
3749.0000 531 501 0.9435
3756.0000 532 501 0.9417
3758.0000 532 502 0.9436
3764.0000 533 502 0.9418
3768.0000 533 503 0.9437
3772.0000 534 503 0.9419
3780.0000 535 503 0.9402
3784.0000 535 504 0.9421
3787.0000 536 504 0.9403
3796.0000 537 504 0.9385
3799.0000 537 505 0.9404
3804.0000 537 506 0.9423
3805.0000 538 506 0.9405
3806.0000 538 507 0.9424
3809.0000 538 508 0.9442
3812.0000 539 508 0.9425
3813.0000 539 509 0.9443
3817.0000 540 509 0.9426
3826.0000 541 509 0.9409
3833.0000 542 509 0.9391
3836.0000 542 510 0.9410
3837.0000 542 511 0.9428
3838.0000 543 511 0.9411
3844.0000 543 512 0.9429
3845.0000 544 512 0.9412
3852.0000 545 512 0.9394
3853.0000 545 513 0.9413
3858.0000 546 513 0.9396
3863.0000 547 513 0.9378
3872.0000 548 513 0.9361
3874.0000 548 514 0.9380
3876.0000 548 515 0.9398
3880.0000 549 515 0.9381
3888.0000 550 515 0.9364
3889.0000 550 516 0.9382
3896.0000 550 517 0.9400
3897.0000 551 517 0.9383
3903.0000 552 517 0.9366
3904.0000 552 518 0.9384
3909.0000 553 518 0.9367
3913.0000 553 519 0.9385
3915.0000 554 519 0.9368
3920.0000 554 520 0.9386
3922.0000 555 520 0.9369
3924.0000 555 521 0.9387
3925.0000 555 522 0.9405
3927.0000 556 522 0.9388
3934.0000 557 522 0.9372
3941.0000 557 523 0.9390
3942.0000 558 523 0.9373
3944.0000 558 524 0.9391
3946.0000 558 525 0.9409
3947.0000 559 525 0.9392
3948.0000 559 526 0.9410
3949.0000 559 527 0.9428
3954.0000 560 527 0.9411
3956.0000 560 528 0.9429
3958.0000 560 529 0.9446
3963.0000 561 529 0.9430
3965.0000 561 530 0.9447
3968.0000 561 531 0.9465
3969.0000 561 532 0.9483
3970.0000 562 532 0.9466
3978.0000 563 532 0.9449
3980.0000 563 533 0.9467
3981.0000 563 534 0.9485
3985.0000 564 534 0.9468
3990.0000 565 534 0.9451
3997.0000 566 534 0.9435
4002.0000 567 534 0.9418
4011.0000 568 534 0.9401
4017.0000 569 534 0.9385
4023.0000 570 534 0.9368
4030.0000 571 534 0.9352
4038.0000 572 534 0.9336
4039.0000 572 535 0.9353
4039.0000 572 536 0.9371
4040.0000 572 537 0.9388
4040.0000 572 538 0.9406
4043.0000 572 539 0.9423
4045.0000 572 540 0.9441
4045.0000 572 541 0.9458
4045.0000 572 542 0.9476
4046.0000 573 542 0.9459
4047.0000 573 543 0.9476
4052.0000 574 543 0.9460
4055.0000 574 544 0.9477
4056.0000 574 545 0.9495
4061.0000 575 545 0.9478
4062.0000 575 546 0.9496
4066.0000 575 547 0.9513
4067.0000 576 547 0.9497
4071.0000 576 548 0.9514
4076.0000 577 548 0.9497
4083.0000 578 548 0.9481
4091.0000 579 548 0.9465
4096.0000 580 548 0.9448
4105.0000 581 548 0.9432
4105.0000 581 549 0.9449
4109.0000 581 550 0.9466
4110.0000 581 551 0.9484
4111.0000 581 552 0.9501
4113.0000 582 552 0.9485
4120.0000 582 553 0.9502
4122.0000 583 553 0.9485
4122.0000 583 554 0.9503
4127.0000 584 554 0.9486
4127.0000 584 555 0.9503
4135.0000 585 555 0.9487
4138.0000 585 556 0.9504
4143.0000 586 556 0.9488
4143.0000 586 557 0.9505
4144.0000 586 558 0.9522
4147.0000 586 559 0.9539
4152.0000 587 559 0.9523
4155.0000 587 560 0.9540
4157.0000 588 560 0.9524
4159.0000 588 561 0.9541
4162.0000 588 562 0.9558
4166.0000 589 562 0.9542
4169.0000 589 563 0.9559
4172.0000 589 564 0.9576
4174.0000 590 564 0.9559
4180.0000 590 565 0.9576
4181.0000 591 565 0.9560
4183.0000 591 566 0.9577
4186.0000 592 566 0.9561
4189.0000 592 567 0.9578
4192.0000 593 567 0.9562
4196.0000 593 568 0.9578
4199.0000 593 569 0.9595
4201.0000 594 569 0.9579
4201.0000 594 570 0.9596
4202.0000 594 571 0.9613
4207.0000 594 572 0.9630
4208.0000 595 572 0.9613
4216.0000 596 572 0.9597
4219.0000 596 573 0.9614
4223.0000 597 573 0.9598
4224.0000 597 574 0.9615
4229.0000 598 574 0.9599
4229.0000 598 575 0.9615
4233.0000 598 576 0.9632
4233.0000 598 577 0.9649
4235.0000 599 577 0.9633
4241.0000 600 577 0.9617
4250.0000 601 577 0.9601
4251.0000 601 578 0.9617
4255.0000 602 578 0.9601
4264.0000 603 578 0.9585
4272.0000 604 578 0.9570
4277.0000 605 578 0.9554
4285.0000 605 579 0.9570
4286.0000 606 579 0.9554
4291.0000 607 579 0.9539
4296.0000 608 579 0.9523
4297.0000 608 580 0.9539
4302.0000 609 580 0.9524
4306.0000 609 581 0.9540
4309.0000 610 581 0.9525
4315.0000 611 581 0.9509
4320.0000 612 581 0.9493
4329.0000 613 581 0.9478
4335.0000 614 581 0.9463
4343.0000 615 581 0.9447
4351.0000 616 581 0.9432
4356.0000 617 581 0.9417
4359.0000 617 582 0.9433
4361.0000 618 582 0.9417
4368.0000 619 582 0.9402
4375.0000 620 582 0.9387
4375.0000 620 583 0.9403
4375.0000 620 584 0.9419
4381.0000 621 584 0.9404
4383.0000 621 585 0.9420
4390.0000 622 585 0.9405
4391.0000 622 586 0.9421
4391.0000 622 587 0.9437
4396.0000 623 587 0.9422
4397.0000 623 588 0.9438
4404.0000 624 588 0.9423
4404.0000 624 589 0.9439
4412.0000 624 590 0.9455
4413.0000 625 590 0.9440
4417.0000 625 591 0.9456
4418.0000 625 592 0.9472
4419.0000 625 593 0.9488
4421.0000 626 593 0.9473
4426.0000 627 593 0.9458
4426.0000 627 594 0.9474
4428.0000 627 595 0.9490
4431.0000 628 595 0.9475
4437.0000 629 595 0.9459
4437.0000 629 596 0.9475
4446.0000 630 596 0.9460
4448.0000 630 597 0.9476
4452.0000 631 597 0.9461
4453.0000 631 598 0.9477
4458.0000 632 598 0.9462
4463.0000 632 599 0.9478
4465.0000 633 599 0.9463
4470.0000 633 600 0.9479
4471.0000 634 600 0.9464
4471.0000 634 601 0.9479
4476.0000 635 601 0.9465
4482.0000 636 601 0.9450
4485.0000 636 602 0.9465
4487.0000 637 602 0.9451
4494.0000 638 602 0.9436
4503.0000 639 602 0.9421
4503.0000 639 603 0.9437
4511.0000 640 603 0.9422
4517.0000 641 603 0.9407
4525.0000 642 603 0.9393
4526.0000 642 604 0.9408
4530.0000 643 604 0.9393
4535.0000 643 605 0.9409
4536.0000 644 605 0.9394
4545.0000 645 605 0.9380
4553.0000 646 605 0.9365
4556.0000 646 606 0.9381
4558.0000 647 606 0.9366
4566.0000 647 607 0.9382
4567.0000 648 607 0.9367
4568.0000 648 608 0.9383
4573.0000 648 609 0.9398
4574.0000 649 609 0.9384
4579.0000 649 610 0.9399
4582.0000 650 610 0.9385
4582.0000 650 611 0.9400
4583.0000 650 612 0.9415
4588.0000 651 612 0.9401
4592.0000 651 613 0.9416
4594.0000 652 613 0.9402
4599.0000 653 613 0.9387
4602.0000 653 614 0.9403
4603.0000 653 615 0.9418
4607.0000 654 615 0.9404
4612.0000 655 615 0.9389
4621.0000 656 615 0.9375
4622.0000 656 616 0.9390
4625.0000 656 617 0.9405
4627.0000 657 617 0.9391
4634.0000 658 617 0.9377
4640.0000 658 618 0.9392
4642.0000 659 618 0.9378
4644.0000 659 619 0.9393
4646.0000 659 620 0.9408
4651.0000 660 620 0.9394
4653.0000 660 621 0.9409
4656.0000 660 622 0.9424
4657.0000 661 622 0.9410
4662.0000 661 623 0.9425
4662.0000 661 624 0.9440
4663.0000 662 624 0.9426
4669.0000 663 624 0.9412
4670.0000 663 625 0.9427
4672.0000 663 626 0.9442
4673.0000 663 627 0.9457
4674.0000 663 628 0.9472
4678.0000 664 628 0.9458
4683.0000 664 629 0.9473
4684.0000 665 629 0.9459
4689.0000 665 630 0.9474
4691.0000 666 630 0.9459
4697.0000 667 630 0.9445
4701.0000 667 631 0.9460
4703.0000 667 632 0.9475
4706.0000 668 632 0.9461
4709.0000 668 633 0.9476
4710.0000 668 634 0.9491
4712.0000 669 634 0.9477
4720.0000 670 634 0.9463
4728.0000 671 634 0.9449
4735.0000 671 635 0.9463
4737.0000 672 635 0.9449
4737.0000 672 636 0.9464
4744.0000 673 636 0.9450
4747.0000 673 637 0.9465
4752.0000 674 637 0.9451
4755.0000 674 638 0.9466
4757.0000 675 638 0.9452
4762.0000 675 639 0.9467
4766.0000 676 639 0.9453
4766.0000 676 640 0.9467
4767.0000 676 641 0.9482
4767.0000 676 642 0.9497
4768.0000 676 643 0.9512
4770.0000 676 644 0.9527
4772.0000 677 644 0.9513
4772.0000 677 645 0.9527
4781.0000 678 645 0.9513
4786.0000 679 645 0.9499
4792.0000 680 645 0.9485
4792.0000 680 646 0.9500
4795.0000 680 647 0.9515
4796.0000 680 648 0.9529
4798.0000 680 649 0.9544
4799.0000 681 649 0.9530
4803.0000 681 650 0.9545
4804.0000 682 650 0.9531
4806.0000 682 651 0.9545
4807.0000 682 652 0.9560
4809.0000 683 652 0.9546
4815.0000 684 652 0.9532
4818.0000 684 653 0.9547
4822.0000 685 653 0.9533
4823.0000 685 654 0.9547
4831.0000 686 654 0.9534
4833.0000 686 655 0.9548
4837.0000 686 656 0.9563
4837.0000 686 657 0.9577
4839.0000 687 657 0.9563
4845.0000 688 657 0.9549
4849.0000 688 658 0.9564
4854.0000 689 658 0.9550
4858.0000 689 659 0.9565
4862.0000 690 659 0.9551
4863.0000 690 660 0.9565
4864.0000 690 661 0.9580
4867.0000 691 661 0.9566
4874.0000 692 661 0.9552
4878.0000 692 662 0.9566
4881.0000 693 662 0.9553
4883.0000 693 663 0.9567
4890.0000 694 663 0.9553
4892.0000 694 664 0.9568
4896.0000 695 664 0.9554
4899.0000 695 665 0.9568
4902.0000 696 665 0.9555
4902.0000 696 666 0.9569
4904.0000 696 667 0.9583
4905.0000 696 668 0.9598
4908.0000 697 668 0.9584
4911.0000 697 669 0.9598
4917.0000 698 669 0.9585
4918.0000 698 670 0.9599
4923.0000 699 670 0.9585
4928.0000 700 670 0.9571
4929.0000 700 671 0.9586
4929.0000 700 672 0.9600
4936.0000 700 673 0.9614
4937.0000 701 673 0.9601
4945.0000 702 673 0.9587
4950.0000 703 673 0.9573
4959.0000 704 673 0.9560
4962.0000 704 674 0.9574
4964.0000 705 674 0.9560
4967.0000 705 675 0.9574
4970.0000 706 675 0.9561
4975.0000 706 676 0.9575
4978.0000 707 676 0.9562
4983.0000 708 676 0.9548
4984.0000 708 677 0.9562
4988.0000 709 677 0.9549
4997.0000 710 677 0.9535
4999.0000 710 678 0.9549
5004.0000 711 678 0.9536
5005.0000 711 679 0.9550
5013.0000 712 679 0.9537
5019.0000 713 679 0.9523
5022.0000 713 680 0.9537
5025.0000 713 681 0.9551
5026.0000 713 682 0.9565
5028.0000 714 682 0.9552
5029.0000 714 683 0.9566
5034.0000 714 684 0.9580
5036.0000 715 684 0.9566
5043.0000 715 685 0.9580
5044.0000 716 685 0.9567
5053.0000 717 685 0.9554
5053.0000 717 686 0.9568
5054.0000 717 687 0.9582
5058.0000 718 687 0.9568
5059.0000 718 688 0.9582
5062.0000 718 689 0.9596
5067.0000 719 689 0.9583
5069.0000 719 690 0.9597
5072.0000 719 691 0.9611
5073.0000 720 691 0.9597
5076.0000 720 692 0.9611
5079.0000 720 693 0.9625
5081.0000 721 693 0.9612
5082.0000 721 694 0.9626
5083.0000 721 695 0.9639
5086.0000 722 695 0.9626
5086.0000 722 696 0.9640
5087.0000 722 697 0.9654
5093.0000 723 697 0.9640
5099.0000 724 697 0.9627
5100.0000 724 698 0.9641
5102.0000 724 699 0.9655
5103.0000 724 700 0.9669
5108.0000 725 700 0.9655
5111.0000 725 701 0.9669
5116.0000 726 701 0.9656
5124.0000 727 701 0.9642
5126.0000 727 702 0.9656
5133.0000 728 702 0.9643
5133.0000 728 703 0.9657
5142.0000 729 703 0.9643
5143.0000 729 704 0.9657
5147.0000 730 704 0.9644
5148.0000 730 705 0.9658
5150.0000 730 706 0.9671
5155.0000 731 706 0.9658
5161.0000 732 706 0.9645
5162.0000 732 707 0.9658
5166.0000 733 707 0.9645
5169.0000 733 708 0.9659
5171.0000 733 709 0.9673
5175.0000 734 709 0.9659
5180.0000 735 709 0.9646
5184.0000 735 710 0.9660
5186.0000 736 710 0.9647
5187.0000 736 711 0.9660
5195.0000 737 711 0.9647
5197.0000 737 712 0.9661
5202.0000 738 712 0.9648
5205.0000 738 713 0.9661
5209.0000 739 713 0.9648
5213.0000 739 714 0.9662
5218.0000 740 714 0.9649
5218.0000 740 715 0.9662
5220.0000 740 716 0.9676
5224.0000 741 716 0.9663
5232.0000 742 716 0.9650
5233.0000 742 717 0.9663
5239.0000 743 717 0.9650
5241.0000 743 718 0.9664
5244.0000 744 718 0.9651
5250.0000 745 718 0.9638
5250.0000 745 719 0.9651
5250.0000 745 720 0.9664
5252.0000 745 721 0.9678
5253.0000 745 722 0.9691
5256.0000 746 722 0.9678
5264.0000 747 722 0.9665
5273.0000 748 722 0.9652
5274.0000 748 723 0.9666
5282.0000 749 723 0.9653
5283.0000 749 724 0.9666
5287.0000 749 725 0.9680
5290.0000 750 725 0.9667
5291.0000 750 726 0.9680
5298.0000 751 726 0.9667
5305.0000 752 726 0.9654
5310.0000 752 727 0.9668
5312.0000 753 727 0.9655
5314.0000 753 728 0.9668
5320.0000 754 728 0.9655
5322.0000 754 729 0.9668
5324.0000 754 730 0.9682
5326.0000 754 731 0.9695
5328.0000 755 731 0.9682
5335.0000 756 731 0.9669
5339.0000 756 732 0.9683
5340.0000 756 733 0.9696
5344.0000 757 733 0.9683
5346.0000 757 734 0.9696
5352.0000 758 734 0.9683
5359.0000 759 734 0.9671
5366.0000 760 734 0.9658
5372.0000 761 734 0.9645
5372.0000 761 735 0.9658
5379.0000 762 735 0.9646
5384.0000 763 735 0.9633
5385.0000 763 736 0.9646
5388.0000 763 737 0.9659
5389.0000 764 737 0.9647
5395.0000 765 737 0.9634
5402.0000 766 737 0.9621
5403.0000 766 738 0.9634
5407.0000 766 739 0.9648
5409.0000 766 740 0.9661
5411.0000 767 740 0.9648
5412.0000 767 741 0.9661
5417.0000 768 741 0.9648
5423.0000 769 741 0.9636
5429.0000 770 741 0.9623
5431.0000 770 742 0.9636
5435.0000 770 743 0.9649
5438.0000 771 743 0.9637
5444.0000 772 743 0.9624
5452.0000 773 743 0.9612
5457.0000 774 743 0.9599
5466.0000 775 743 0.9587
5472.0000 776 743 0.9575
5475.0000 776 744 0.9588
5476.0000 776 745 0.9601
5477.0000 776 746 0.9613
5480.0000 777 746 0.9601
5481.0000 777 747 0.9614
5482.0000 777 748 0.9627
5484.0000 777 749 0.9640
5488.0000 777 750 0.9653
5489.0000 778 750 0.9640
5494.0000 778 751 0.9653
5495.0000 778 752 0.9666
5497.0000 779 752 0.9653
5497.0000 779 753 0.9666
5504.0000 780 753 0.9654
5507.0000 780 754 0.9667
5511.0000 781 754 0.9654
5513.0000 781 755 0.9667
5518.0000 782 755 0.9655
5518.0000 782 756 0.9668
5523.0000 783 756 0.9655
5523.0000 783 757 0.9668
5526.0000 783 758 0.9681
5530.0000 784 758 0.9668
5533.0000 784 759 0.9681
5537.0000 785 759 0.9669
5546.0000 786 759 0.9656
5548.0000 786 760 0.9669
5550.0000 786 761 0.9682
5552.0000 786 762 0.9695
5555.0000 787 762 0.9682
5561.0000 787 763 0.9695
5564.0000 788 763 0.9683
5573.0000 789 763 0.9670
5576.0000 789 764 0.9683
5581.0000 790 764 0.9671
5590.0000 791 764 0.9659
5593.0000 791 765 0.9671
5594.0000 791 766 0.9684
5595.0000 792 766 0.9672
5596.0000 792 767 0.9684
5596.0000 792 768 0.9697
5603.0000 793 768 0.9685
5605.0000 793 769 0.9697
5606.0000 793 770 0.9710
5606.0000 793 771 0.9723
5610.0000 794 771 0.9710
5610.0000 794 772 0.9723
5615.0000 794 773 0.9736
5618.0000 795 773 0.9723
5624.0000 796 773 0.9711
5633.0000 797 773 0.9699
5636.0000 797 774 0.9711
5637.0000 797 775 0.9724
5638.0000 798 775 0.9712
5646.0000 799 775 0.9700
5654.0000 800 775 0.9688
5659.0000 800 776 0.9700
5662.0000 800 777 0.9713
5663.0000 801 777 0.9700
5668.0000 802 777 0.9688
5677.0000 803 777 0.9676
5685.0000 804 777 0.9664
5686.0000 804 778 0.9677
5687.0000 804 779 0.9689
5687.0000 804 780 0.9701
5689.0000 804 781 0.9714
5694.0000 805 781 0.9702
5694.0000 805 782 0.9714
5698.0000 805 783 0.9727
5699.0000 805 784 0.9739
5700.0000 806 784 0.9727
5700.0000 806 785 0.9739
5706.0000 807 785 0.9727
5707.0000 807 786 0.9740
5715.0000 808 786 0.9728
5718.0000 808 787 0.9740
5719.0000 808 788 0.9752
5720.0000 809 788 0.9740
5725.0000 809 789 0.9753
5728.0000 810 789 0.9741
5729.0000 810 790 0.9753
5735.0000 811 790 0.9741
5742.0000 812 790 0.9729
5748.0000 813 790 0.9717
5754.0000 814 790 0.9705
5755.0000 814 791 0.9717
5756.0000 814 792 0.9730
5759.0000 815 792 0.9718
5766.0000 816 792 0.9706
5772.0000 817 792 0.9694
5780.0000 818 792 0.9682
5781.0000 818 793 0.9694
5787.0000 819 793 0.9683
5788.0000 819 794 0.9695
5792.0000 820 794 0.9683
5798.0000 820 795 0.9695
5799.0000 821 795 0.9683
5808.0000 822 795 0.9672
5808.0000 822 796 0.9684
5816.0000 823 796 0.9672
5822.0000 823 797 0.9684
5823.0000 823 798 0.9696
5825.0000 824 798 0.9684
5825.0000 824 799 0.9697
5833.0000 825 799 0.9685
5839.0000 826 799 0.9673
5840.0000 826 800 0.9685
5844.0000 827 800 0.9674
5846.0000 827 801 0.9686
5852.0000 828 801 0.9674
5853.0000 828 802 0.9686
5854.0000 828 803 0.9698
5860.0000 829 803 0.9686
5862.0000 829 804 0.9698
5862.0000 829 805 0.9710
5867.0000 830 805 0.9699
5873.0000 830 806 0.9711
5876.0000 831 806 0.9699
5884.0000 832 806 0.9688
5889.0000 832 807 0.9700
5892.0000 833 807 0.9688
5893.0000 833 808 0.9700
5901.0000 834 808 0.9688
5901.0000 834 809 0.9700
5905.0000 834 810 0.9712
5906.0000 834 811 0.9724
5907.0000 834 812 0.9736
5910.0000 835 812 0.9725
5911.0000 835 813 0.9737
5912.0000 835 814 0.9749
5914.0000 835 815 0.9760
5919.0000 836 815 0.9749
5924.0000 837 815 0.9737
5925.0000 837 816 0.9749
5932.0000 838 816 0.9737
5939.0000 839 816 0.9726
5946.0000 840 816 0.9714
5948.0000 840 817 0.9726
5951.0000 841 817 0.9715
5959.0000 842 817 0.9703
5966.0000 842 818 0.9715
5968.0000 843 818 0.9703
5970.0000 843 819 0.9715
5974.0000 844 819 0.9704
5980.0000 844 820 0.9716
5982.0000 845 820 0.9704
5986.0000 845 821 0.9716
5989.0000 846 821 0.9704
5992.0000 846 822 0.9716
5995.0000 847 822 0.9705
5996.0000 847 823 0.9717
6000.0000 848 823 0.9705
6008.0000 849 823 0.9694
6015.0000 850 823 0.9682
6023.0000 851 823 0.9671
6024.0000 851 824 0.9683
6030.0000 852 824 0.9671
6035.0000 853 824 0.9660
6041.0000 854 824 0.9649
6043.0000 854 825 0.9660
6047.0000 855 825 0.9649
6049.0000 855 826 0.9661
6054.0000 856 826 0.9650
6054.0000 856 827 0.9661
6061.0000 857 827 0.9650
6067.0000 857 828 0.9662
6068.0000 858 828 0.9650
6069.0000 858 829 0.9662
6070.0000 858 830 0.9674
6077.0000 859 830 0.9662
6080.0000 859 831 0.9674
6085.0000 860 831 0.9663
6086.0000 860 832 0.9674
6094.0000 861 832 0.9663
6099.0000 861 833 0.9675
6100.0000 861 834 0.9686
6102.0000 861 835 0.9698
6103.0000 862 835 0.9687
6108.0000 862 836 0.9698
6110.0000 863 836 0.9687
6113.0000 863 837 0.9699
6116.0000 864 837 0.9688
6119.0000 864 838 0.9699
6123.0000 865 838 0.9688
6126.0000 865 839 0.9699
6129.0000 866 839 0.9688
6137.0000 867 839 0.9677
6138.0000 867 840 0.9689
6146.0000 868 840 0.9677
6155.0000 869 840 0.9666
6161.0000 870 840 0.9655
6169.0000 871 840 0.9644
6175.0000 872 840 0.9633
6183.0000 873 840 0.9622
6187.0000 873 841 0.9633
6188.0000 873 842 0.9645
6190.0000 874 842 0.9634
6196.0000 874 843 0.9645
6199.0000 875 843 0.9634
6200.0000 875 844 0.9646
6201.0000 875 845 0.9657
6205.0000 876 845 0.9646
6211.0000 877 845 0.9635
6212.0000 877 846 0.9647
6215.0000 877 847 0.9658
6216.0000 878 847 0.9647
6221.0000 879 847 0.9636
6228.0000 880 847 0.9625
6233.0000 881 847 0.9614
6236.0000 881 848 0.9625
6242.0000 882 848 0.9615
6247.0000 882 849 0.9626
6249.0000 882 850 0.9637
6251.0000 883 850 0.9626
6253.0000 883 851 0.9638
6256.0000 883 852 0.9649
6257.0000 884 852 0.9638
6262.0000 885 852 0.9627
6262.0000 885 853 0.9638
6269.0000 886 853 0.9628
6276.0000 887 853 0.9617
6277.0000 887 854 0.9628
6283.0000 887 855 0.9639
6284.0000 888 855 0.9628
6289.0000 889 855 0.9618
6289.0000 889 856 0.9629
6293.0000 889 857 0.9640
6295.0000 889 858 0.9651
6297.0000 890 858 0.9640
6299.0000 890 859 0.9652
6305.0000 890 860 0.9663
6306.0000 891 860 0.9652
6308.0000 891 861 0.9663
6314.0000 892 861 0.9652
6323.0000 893 861 0.9642
6323.0000 893 862 0.9653
6328.0000 894 862 0.9642
6334.0000 895 862 0.9631
6340.0000 896 862 0.9621
6342.0000 896 863 0.9632
6349.0000 897 863 0.9621
6358.0000 898 863 0.9610
6366.0000 899 863 0.9600
6367.0000 899 864 0.9611
6373.0000 900 864 0.9600
6378.0000 901 864 0.9589
6386.0000 902 864 0.9579
6389.0000 902 865 0.9590
6390.0000 902 866 0.9601
6393.0000 902 867 0.9612
6395.0000 903 867 0.9601
6400.0000 904 867 0.9591
6403.0000 904 868 0.9602
6405.0000 905 868 0.9591
6405.0000 905 869 0.9602
6412.0000 906 869 0.9592
6415.0000 906 870 0.9603
6418.0000 907 870 0.9592
6426.0000 908 870 0.9581
6430.0000 908 871 0.9593
6433.0000 909 871 0.9582
6440.0000 910 871 0.9571
6448.0000 911 871 0.9561
6452.0000 911 872 0.9572
6456.0000 912 872 0.9561
6459.0000 912 873 0.9572
6461.0000 913 873 0.9562
6463.0000 913 874 0.9573
6467.0000 914 874 0.9562
6476.0000 915 874 0.9552
6478.0000 915 875 0.9563
6483.0000 916 875 0.9552
6485.0000 916 876 0.9563
6486.0000 916 877 0.9574
6488.0000 916 878 0.9585
6489.0000 917 878 0.9575
6490.0000 917 879 0.9586
6490.0000 917 880 0.9597
6496.0000 917 881 0.9607
6498.0000 918 881 0.9597
6504.0000 918 882 0.9608
6506.0000 919 882 0.9597
6508.0000 919 883 0.9608
6511.0000 920 883 0.9598
6519.0000 920 884 0.9609
6520.0000 921 884 0.9598
6521.0000 921 885 0.9609
6526.0000 922 885 0.9599
6529.0000 922 886 0.9610
6533.0000 923 886 0.9599
6534.0000 923 887 0.9610
6538.0000 924 887 0.9600
6540.0000 924 888 0.9610
6542.0000 924 889 0.9621
6545.0000 925 889 0.9611
6554.0000 926 889 0.9600
6555.0000 926 890 0.9611
6561.0000 927 890 0.9601
6566.0000 927 891 0.9612
6568.0000 927 892 0.9622
6569.0000 928 892 0.9612
6570.0000 928 893 0.9623
6577.0000 929 893 0.9612
6583.0000 930 893 0.9602
6591.0000 931 893 0.9592
6600.0000 932 893 0.9582
6603.0000 932 894 0.9592
6605.0000 933 894 0.9582
6606.0000 933 895 0.9593
6613.0000 934 895 0.9582
6621.0000 935 895 0.9572
6621.0000 935 896 0.9583
6622.0000 935 897 0.9594
6623.0000 935 898 0.9604
6627.0000 936 898 0.9594
6631.0000 936 899 0.9605
6633.0000 937 899 0.9594
6638.0000 938 899 0.9584
6640.0000 938 900 0.9595
6643.0000 939 900 0.9585
6644.0000 939 901 0.9595
6647.0000 939 902 0.9606
6648.0000 940 902 0.9596
6656.0000 940 903 0.9606
6657.0000 941 903 0.9596
6658.0000 941 904 0.9607
6661.0000 941 905 0.9617
6662.0000 942 905 0.9607
6662.0000 942 906 0.9618
6664.0000 942 907 0.9628
6666.0000 942 908 0.9639
6666.0000 942 909 0.9650
6668.0000 942 910 0.9660
6669.0000 943 910 0.9650
6676.0000 944 910 0.9640
6677.0000 944 911 0.9650
6683.0000 944 912 0.9661
6685.0000 945 912 0.9651
6685.0000 945 913 0.9661
6686.0000 945 914 0.9672
6688.0000 945 915 0.9683
6692.0000 946 915 0.9672
6693.0000 946 916 0.9683
6699.0000 947 916 0.9673
6699.0000 947 917 0.9683
6700.0000 947 918 0.9694
6700.0000 947 919 0.9704
6701.0000 947 920 0.9715
6706.0000 948 920 0.9705
6711.0000 949 920 0.9694
6717.0000 950 920 0.9684
6721.0000 950 921 0.9695
6722.0000 951 921 0.9685
6726.0000 951 922 0.9695
6730.0000 952 922 0.9685
6730.0000 952 923 0.9695
6732.0000 952 924 0.9706
6738.0000 952 925 0.9716
6739.0000 953 925 0.9706
6745.0000 954 925 0.9696
6753.0000 955 925 0.9686
6762.0000 956 925 0.9676
6766.0000 956 926 0.9686
6767.0000 956 927 0.9697
6771.0000 957 927 0.9687
6779.0000 957 928 0.9697
6780.0000 958 928 0.9687
6786.0000 959 928 0.9677
6788.0000 959 929 0.9687
6795.0000 960 929 0.9677
6803.0000 960 930 0.9688
6804.0000 961 930 0.9677
6808.0000 961 931 0.9688
6809.0000 962 931 0.9678
6809.0000 962 932 0.9688
6810.0000 962 933 0.9699
6813.0000 962 934 0.9709
6813.0000 962 935 0.9719
6816.0000 963 935 0.9709
6822.0000 963 936 0.9720
6823.0000 964 936 0.9710
6824.0000 964 937 0.9720
6827.0000 964 938 0.9730
6830.0000 965 938 0.9720
6838.0000 966 938 0.9710
6842.0000 966 939 0.9720
6844.0000 967 939 0.9710
6847.0000 967 940 0.9721
6850.0000 968 940 0.9711
6858.0000 969 940 0.9701
6862.0000 969 941 0.9711
6864.0000 970 941 0.9701
6864.0000 970 942 0.9711
6871.0000 971 942 0.9701
6875.0000 971 943 0.9712
6878.0000 972 943 0.9702
6885.0000 973 943 0.9692
6890.0000 974 943 0.9682
6896.0000 975 943 0.9672
6901.0000 976 943 0.9662
6909.0000 977 943 0.9652
6910.0000 977 944 0.9662
6915.0000 977 945 0.9672
6918.0000 978 945 0.9663
6925.0000 978 946 0.9673
6927.0000 979 946 0.9663
6929.0000 979 947 0.9673
6934.0000 980 947 0.9663
6940.0000 980 948 0.9673
6941.0000 981 948 0.9664
6948.0000 982 948 0.9654
6957.0000 983 948 0.9644
6962.0000 983 949 0.9654
6964.0000 984 949 0.9644
6969.0000 984 950 0.9654
6970.0000 984 951 0.9665
6972.0000 985 951 0.9655
6972.0000 985 952 0.9665
6974.0000 985 953 0.9675
6977.0000 986 953 0.9665
6980.0000 986 954 0.9675
6981.0000 986 955 0.9686
6982.0000 987 955 0.9676
6982.0000 987 956 0.9686
6983.0000 987 957 0.9696
6988.0000 988 957 0.9686
6990.0000 988 958 0.9696
6996.0000 989 958 0.9687
7003.0000 989 959 0.9697
7005.0000 990 959 0.9687
7006.0000 990 960 0.9697
7007.0000 990 961 0.9707
7011.0000 991 961 0.9697
7020.0000 992 961 0.9688
7023.0000 992 962 0.9698
7027.0000 993 962 0.9688
7030.0000 993 963 0.9698
7034.0000 994 963 0.9688
7037.0000 994 964 0.9698
7042.0000 995 964 0.9688
7048.0000 996 964 0.9679
7048.0000 996 965 0.9689
7055.0000 997 965 0.9679
7057.0000 997 966 0.9689
7063.0000 997 967 0.9699
7064.0000 998 967 0.9689
7066.0000 998 968 0.9699
7071.0000 999 968 0.9690
7072.0000 999 969 0.9700
7076.0000 1000 969 0.9690
7082.0000 1001 969 0.9680
7090.0000 1002 969 0.9671
7097.0000 1003 969 0.9661
7099.0000 1003 970 0.9671
7100.0000 1003 971 0.9681
7102.0000 1004 971 0.9671
7106.0000 1004 972 0.9681
7109.0000 1005 972 0.9672
7118.0000 1006 972 0.9662
7124.0000 1007 972 0.9652
7130.0000 1008 972 0.9643
7139.0000 1009 972 0.9633
7140.0000 1009 973 0.9643
7144.0000 1010 973 0.9634
7153.0000 1011 973 0.9624
7157.0000 1011 974 0.9634
7160.0000 1012 974 0.9625
7161.0000 1012 975 0.9634
7162.0000 1012 976 0.9644
7167.0000 1013 976 0.9635
7169.0000 1013 977 0.9645
7175.0000 1013 978 0.9654
7176.0000 1014 978 0.9645
7176.0000 1014 979 0.9655
7183.0000 1015 979 0.9645
7186.0000 1015 980 0.9655
7189.0000 1016 980 0.9646
7192.0000 1016 981 0.9656
7198.0000 1017 981 0.9646
7204.0000 1017 982 0.9656
7205.0000 1018 982 0.9646
7206.0000 1018 983 0.9656
7206.0000 1018 984 0.9666
7211.0000 1019 984 0.9657
7217.0000 1020 984 0.9647
7222.0000 1021 984 0.9638
7224.0000 1021 985 0.9647
7229.0000 1022 985 0.9638
7231.0000 1022 986 0.9648
7237.0000 1023 986 0.9638
7244.0000 1024 986 0.9629
7246.0000 1024 987 0.9639
7246.0000 1024 988 0.9648
7247.0000 1024 989 0.9658
7253.0000 1025 989 0.9649
7260.0000 1026 989 0.9639
7268.0000 1027 989 0.9630
7274.0000 1027 990 0.9640
7275.0000 1028 990 0.9630
7284.0000 1029 990 0.9621
7291.0000 1029 991 0.9631
7292.0000 1030 991 0.9621
7297.0000 1031 991 0.9612
7305.0000 1032 991 0.9603
7306.0000 1032 992 0.9612
7311.0000 1033 992 0.9603
7312.0000 1033 993 0.9613
7317.0000 1033 994 0.9622
7318.0000 1034 994 0.9613
7323.0000 1034 995 0.9623
7327.0000 1035 995 0.9614
7334.0000 1036 995 0.9604
7335.0000 1036 996 0.9614
7337.0000 1036 997 0.9624
7337.0000 1036 998 0.9633
7341.0000 1037 998 0.9624
7342.0000 1037 999 0.9634
7350.0000 1038 999 0.9624
7356.0000 1038 1000 0.9634
7359.0000 1039 1000 0.9625
7365.0000 1040 1000 0.9615
7365.0000 1040 1001 0.9625
7370.0000 1040 1002 0.9635
7371.0000 1040 1003 0.9644
7373.0000 1041 1003 0.9635
7376.0000 1041 1004 0.9645
7376.0000 1041 1005 0.9654
7378.0000 1042 1005 0.9645
7383.0000 1043 1005 0.9636
7392.0000 1044 1005 0.9626
7394.0000 1044 1006 0.9636
7397.0000 1045 1006 0.9627
7398.0000 1045 1007 0.9636
7404.0000 1046 1007 0.9627
7411.0000 1047 1007 0.9618
7418.0000 1048 1007 0.9609
7419.0000 1048 1008 0.9618
7421.0000 1048 1009 0.9628
7424.0000 1049 1009 0.9619
7425.0000 1049 1010 0.9628
7425.0000 1049 1011 0.9638
7430.0000 1050 1011 0.9629
7436.0000 1051 1011 0.9619
7441.0000 1052 1011 0.9610
7442.0000 1052 1012 0.9620
7443.0000 1052 1013 0.9629
7448.0000 1053 1013 0.9620
7457.0000 1054 1013 0.9611
7465.0000 1055 1013 0.9602
7472.0000 1055 1014 0.9611
7474.0000 1056 1014 0.9602
7482.0000 1057 1014 0.9593
7483.0000 1057 1015 0.9603
7487.0000 1058 1015 0.9594
7492.0000 1058 1016 0.9603
7493.0000 1059 1016 0.9594
7494.0000 1059 1017 0.9603
7494.0000 1059 1018 0.9613
7501.0000 1059 1019 0.9622
7502.0000 1060 1019 0.9613
7507.0000 1061 1019 0.9604
7513.0000 1062 1019 0.9595
7513.0000 1062 1020 0.9605
7513.0000 1062 1021 0.9614
7516.0000 1062 1022 0.9623
7517.0000 1062 1023 0.9633
7519.0000 1063 1023 0.9624
7525.0000 1064 1023 0.9615
7526.0000 1064 1024 0.9624
7533.0000 1064 1025 0.9633
7534.0000 1065 1025 0.9624
7542.0000 1066 1025 0.9615
7550.0000 1067 1025 0.9606
7556.0000 1068 1025 0.9597
7557.0000 1068 1026 0.9607
7561.0000 1068 1027 0.9616
7562.0000 1069 1027 0.9607
7566.0000 1069 1028 0.9616
7568.0000 1069 1029 0.9626
7570.0000 1070 1029 0.9617
7573.0000 1070 1030 0.9626
7576.0000 1071 1030 0.9617
7585.0000 1072 1030 0.9608
7588.0000 1072 1031 0.9618
7589.0000 1072 1032 0.9627
7594.0000 1073 1032 0.9618
7595.0000 1073 1033 0.9627
7598.0000 1073 1034 0.9637
7600.0000 1073 1035 0.9646
7600.0000 1073 1036 0.9655
7602.0000 1074 1036 0.9646
7609.0000 1075 1036 0.9637
7614.0000 1075 1037 0.9647
7617.0000 1076 1037 0.9638
7625.0000 1077 1037 0.9629
7627.0000 1077 1038 0.9638
7630.0000 1078 1038 0.9629
7635.0000 1079 1038 0.9620
7642.0000 1079 1039 0.9629
7644.0000 1080 1039 0.9620
7652.0000 1081 1039 0.9611
7657.0000 1082 1039 0.9603
7662.0000 1083 1039 0.9594
7667.0000 1084 1039 0.9585
7667.0000 1084 1040 0.9594
7668.0000 1084 1041 0.9603
7670.0000 1084 1042 0.9613
7670.0000 1084 1043 0.9622
7672.0000 1085 1043 0.9613
7680.0000 1086 1043 0.9604
7688.0000 1087 1043 0.9595
7691.0000 1087 1044 0.9604
7692.0000 1087 1045 0.9614
7697.0000 1088 1045 0.9605
7704.0000 1088 1046 0.9614
7706.0000 1089 1046 0.9605
7709.0000 1089 1047 0.9614
7713.0000 1090 1047 0.9606
7721.0000 1091 1047 0.9597
7729.0000 1092 1047 0.9588
7729.0000 1092 1048 0.9597
7736.0000 1092 1049 0.9606
7737.0000 1092 1050 0.9615
7737.0000 1092 1051 0.9625
7738.0000 1093 1051 0.9616
7738.0000 1093 1052 0.9625
7743.0000 1094 1052 0.9616
7748.0000 1095 1052 0.9607
7748.0000 1095 1053 0.9616
7753.0000 1096 1053 0.9608
7755.0000 1096 1054 0.9617
7757.0000 1096 1055 0.9626
7761.0000 1096 1056 0.9635
7762.0000 1097 1056 0.9626
7770.0000 1098 1056 0.9617
7776.0000 1099 1056 0.9609
7780.0000 1099 1057 0.9618
7785.0000 1100 1057 0.9609
7791.0000 1101 1057 0.9600
7792.0000 1101 1058 0.9609
7796.0000 1102 1058 0.9601
7796.0000 1102 1059 0.9610
7799.0000 1102 1060 0.9619
7804.0000 1103 1060 0.9610
7808.0000 1103 1061 0.9619
7809.0000 1103 1062 0.9628
7811.0000 1104 1062 0.9620
7818.0000 1104 1063 0.9629
7820.0000 1105 1063 0.9620
7821.0000 1105 1064 0.9629
7826.0000 1106 1064 0.9620
7832.0000 1107 1064 0.9612
7832.0000 1107 1065 0.9621
7836.0000 1107 1066 0.9630
7839.0000 1108 1066 0.9621
7845.0000 1109 1066 0.9612
7854.0000 1110 1066 0.9604
7858.0000 1110 1067 0.9613
7863.0000 1111 1067 0.9604
7868.0000 1111 1068 0.9613
7869.0000 1111 1069 0.9622
7870.0000 1112 1069 0.9613
7872.0000 1112 1070 0.9622
7877.0000 1113 1070 0.9614
7878.0000 1113 1071 0.9623
7881.0000 1113 1072 0.9632
7881.0000 1113 1073 0.9641
7884.0000 1114 1073 0.9632
7891.0000 1115 1073 0.9623
7894.0000 1115 1074 0.9632
7895.0000 1115 1075 0.9641
7897.0000 1116 1075 0.9633
7902.0000 1117 1075 0.9624
7905.0000 1117 1076 0.9633
7907.0000 1117 1077 0.9642
7910.0000 1118 1077 0.9633
7914.0000 1118 1078 0.9642
7918.0000 1119 1078 0.9634
7919.0000 1119 1079 0.9643
7923.0000 1120 1079 0.9634
7926.0000 1120 1080 0.9643
7928.0000 1121 1080 0.9634
7933.0000 1121 1081 0.9643
7934.0000 1122 1081 0.9635
7939.0000 1123 1081 0.9626
7941.0000 1123 1082 0.9635
7943.0000 1123 1083 0.9644
7944.0000 1124 1083 0.9635
7945.0000 1124 1084 0.9644
7945.0000 1124 1085 0.9653
7950.0000 1125 1085 0.9644
7958.0000 1126 1085 0.9636
7961.0000 1126 1086 0.9645
7964.0000 1126 1087 0.9654
7965.0000 1126 1088 0.9663
7966.0000 1127 1088 0.9654
7969.0000 1127 1089 0.9663
7973.0000 1128 1089 0.9654
7973.0000 1128 1090 0.9663
7978.0000 1128 1091 0.9672
7980.0000 1129 1091 0.9663
7980.0000 1129 1092 0.9672
7987.0000 1130 1092 0.9664
7996.0000 1131 1092 0.9655
8005.0000 1132 1092 0.9647
8007.0000 1132 1093 0.9655
8007.0000 1132 1094 0.9664
8008.0000 1132 1095 0.9673
8011.0000 1133 1095 0.9665
8018.0000 1134 1095 0.9656
8018.0000 1134 1096 0.9665
8026.0000 1135 1096 0.9656
8026.0000 1135 1097 0.9665
8034.0000 1135 1098 0.9674
8035.0000 1136 1098 0.9665
8040.0000 1137 1098 0.9657
8045.0000 1138 1098 0.9649
8046.0000 1138 1099 0.9657
8051.0000 1138 1100 0.9666
8052.0000 1139 1100 0.9658
8057.0000 1140 1100 0.9649
8063.0000 1141 1100 0.9641
8063.0000 1141 1101 0.9649
8064.0000 1141 1102 0.9658
8064.0000 1141 1103 0.9667
8069.0000 1142 1103 0.9658
8073.0000 1142 1104 0.9667
8074.0000 1143 1104 0.9659
8074.0000 1143 1105 0.9668
8076.0000 1143 1106 0.9676
8079.0000 1144 1106 0.9668
8084.0000 1145 1106 0.9659
8084.0000 1145 1107 0.9668
8085.0000 1145 1108 0.9677
8086.0000 1145 1109 0.9686
8092.0000 1146 1109 0.9677
8093.0000 1146 1110 0.9686
8100.0000 1146 1111 0.9695
8101.0000 1147 1111 0.9686
8110.0000 1148 1111 0.9678
8115.0000 1148 1112 0.9686
8117.0000 1149 1112 0.9678
8118.0000 1149 1113 0.9687
8122.0000 1149 1114 0.9695
8123.0000 1149 1115 0.9704
8124.0000 1150 1115 0.9696
8124.0000 1150 1116 0.9704
8133.0000 1151 1116 0.9696
8138.0000 1152 1116 0.9688
8144.0000 1153 1116 0.9679
8147.0000 1153 1117 0.9688
8153.0000 1154 1117 0.9679
8162.0000 1155 1117 0.9671
8169.0000 1156 1117 0.9663
8178.0000 1157 1117 0.9654
8180.0000 1157 1118 0.9663
8184.0000 1158 1118 0.9655
8185.0000 1158 1119 0.9663
8188.0000 1158 1120 0.9672
8191.0000 1159 1120 0.9664
8196.0000 1159 1121 0.9672
8198.0000 1159 1122 0.9681
8199.0000 1160 1122 0.9672
8200.0000 1160 1123 0.9681
8204.0000 1161 1123 0.9673
8205.0000 1161 1124 0.9681
8205.0000 1161 1125 0.9690
8206.0000 1161 1126 0.9699
8207.0000 1161 1127 0.9707
8212.0000 1162 1127 0.9699
8218.0000 1163 1127 0.9690
8221.0000 1163 1128 0.9699
8223.0000 1164 1128 0.9691
8226.0000 1164 1129 0.9699
8231.0000 1165 1129 0.9691
8234.0000 1165 1130 0.9700
8234.0000 1165 1131 0.9708
8239.0000 1166 1131 0.9700
8240.0000 1166 1132 0.9708
8246.0000 1166 1133 0.9717
8247.0000 1167 1133 0.9709
8252.0000 1167 1134 0.9717
8256.0000 1168 1134 0.9709
8257.0000 1168 1135 0.9717
8263.0000 1168 1136 0.9726
8264.0000 1169 1136 0.9718
8272.0000 1170 1136 0.9709
8279.0000 1171 1136 0.9701
8283.0000 1171 1137 0.9710
8287.0000 1172 1137 0.9701
8293.0000 1173 1137 0.9693
8293.0000 1173 1138 0.9702
8294.0000 1173 1139 0.9710
8299.0000 1173 1140 0.9719
8302.0000 1174 1140 0.9710
8308.0000 1175 1140 0.9702
8317.0000 1176 1140 0.9694
8319.0000 1176 1141 0.9702
8320.0000 1176 1142 0.9711
8325.0000 1177 1142 0.9703
8332.0000 1178 1142 0.9694
8340.0000 1179 1142 0.9686
8342.0000 1179 1143 0.9695
8345.0000 1180 1143 0.9686
8345.0000 1180 1144 0.9695
8347.0000 1180 1145 0.9703
8354.0000 1181 1145 0.9695
8356.0000 1181 1146 0.9704
8359.0000 1182 1146 0.9695
8359.0000 1182 1147 0.9704
8364.0000 1182 1148 0.9712
8366.0000 1183 1148 0.9704
8368.0000 1183 1149 0.9713
8368.0000 1183 1150 0.9721
8371.0000 1183 1151 0.9730
8374.0000 1184 1151 0.9721
8375.0000 1184 1152 0.9730
8381.0000 1184 1153 0.9738
8382.0000 1185 1153 0.9730
8390.0000 1186 1153 0.9722
8395.0000 1186 1154 0.9730
8397.0000 1187 1154 0.9722
8397.0000 1187 1155 0.9730
8398.0000 1187 1156 0.9739
8399.0000 1187 1157 0.9747
8403.0000 1188 1157 0.9739
8408.0000 1188 1158 0.9747
8410.0000 1189 1158 0.9739
8410.0000 1189 1159 0.9748
8415.0000 1189 1160 0.9756
8416.0000 1190 1160 0.9748
8416.0000 1190 1161 0.9756
8417.0000 1190 1162 0.9765
8417.0000 1190 1163 0.9773
8421.0000 1191 1163 0.9765
8424.0000 1191 1164 0.9773
8426.0000 1192 1164 0.9765
8427.0000 1192 1165 0.9773
8429.0000 1192 1166 0.9782
8435.0000 1193 1166 0.9774
8441.0000 1194 1166 0.9765
8443.0000 1194 1167 0.9774
8445.0000 1194 1168 0.9782
8445.0000 1194 1169 0.9791
8447.0000 1195 1169 0.9782
8450.0000 1195 1170 0.9791
8453.0000 1195 1171 0.9799
8455.0000 1196 1171 0.9791
8458.0000 1196 1172 0.9799
8464.0000 1197 1172 0.9791
8466.0000 1197 1173 0.9799
8472.0000 1198 1173 0.9791
8477.0000 1198 1174 0.9800
8481.0000 1199 1174 0.9791
8481.0000 1199 1175 0.9800
8484.0000 1199 1176 0.9808
8488.0000 1200 1176 0.9800
8497.0000 1201 1176 0.9792
8506.0000 1202 1176 0.9784
8507.0000 1202 1177 0.9792
8510.0000 1202 1178 0.9800
8511.0000 1203 1178 0.9792
8516.0000 1204 1178 0.9784
8518.0000 1204 1179 0.9792
8524.0000 1205 1179 0.9784
8525.0000 1205 1180 0.9793
8530.0000 1206 1180 0.9784
8534.0000 1206 1181 0.9793
8535.0000 1207 1181 0.9785
8541.0000 1207 1182 0.9793
8544.0000 1208 1182 0.9785
8546.0000 1208 1183 0.9793
8547.0000 1208 1184 0.9801
8548.0000 1208 1185 0.9810
8549.0000 1209 1185 0.9801
8553.0000 1209 1186 0.9810
8556.0000 1210 1186 0.9802
8561.0000 1211 1186 0.9794
8569.0000 1212 1186 0.9785
8577.0000 1212 1187 0.9794
8578.0000 1213 1187 0.9786
8579.0000 1213 1188 0.9794
8583.0000 1213 1189 0.9802
8583.0000 1213 1190 0.9810
8585.0000 1214 1190 0.9802
8593.0000 1215 1190 0.9794
8593.0000 1215 1191 0.9802
8599.0000 1216 1191 0.9794
8602.0000 1216 1192 0.9803
8608.0000 1217 1192 0.9795
8617.0000 1218 1192 0.9787
8619.0000 1218 1193 0.9795
8622.0000 1219 1193 0.9787
8631.0000 1220 1193 0.9779
8632.0000 1220 1194 0.9787
8635.0000 1220 1195 0.9795
8636.0000 1220 1196 0.9803
8639.0000 1220 1197 0.9811
8640.0000 1221 1197 0.9803
8641.0000 1221 1198 0.9812
8647.0000 1222 1198 0.9804
8654.0000 1223 1198 0.9796
8654.0000 1223 1199 0.9804
8659.0000 1224 1199 0.9796
8665.0000 1225 1199 0.9788
8671.0000 1225 1200 0.9796
8671.0000 1225 1201 0.9804
8672.0000 1226 1201 0.9796
8679.0000 1227 1201 0.9788
8681.0000 1227 1202 0.9796
8686.0000 1228 1202 0.9788
8690.0000 1228 1203 0.9796
8693.0000 1229 1203 0.9788
8701.0000 1230 1203 0.9780
8706.0000 1231 1203 0.9773
8709.0000 1231 1204 0.9781
8712.0000 1232 1204 0.9773
8719.0000 1233 1204 0.9765
8720.0000 1233 1205 0.9773
8721.0000 1233 1206 0.9781
8722.0000 1233 1207 0.9789
8724.0000 1234 1207 0.9781
8729.0000 1235 1207 0.9773
8735.0000 1236 1207 0.9765
8738.0000 1236 1208 0.9773
8743.0000 1237 1208 0.9766
8747.0000 1237 1209 0.9774
8747.0000 1237 1210 0.9782
8749.0000 1238 1210 0.9774
8752.0000 1238 1211 0.9782
8755.0000 1238 1212 0.9790
8757.0000 1239 1212 0.9782
8763.0000 1240 1212 0.9774
8764.0000 1240 1213 0.9782
8772.0000 1241 1213 0.9774
8777.0000 1241 1214 0.9782
8778.0000 1242 1214 0.9775
8779.0000 1242 1215 0.9783
8784.0000 1243 1215 0.9775
8790.0000 1244 1215 0.9767
8792.0000 1244 1216 0.9775
8796.0000 1244 1217 0.9783
8798.0000 1245 1217 0.9775
8799.0000 1245 1218 0.9783
8800.0000 1245 1219 0.9791
8804.0000 1246 1219 0.9783
8812.0000 1247 1219 0.9775
8813.0000 1247 1220 0.9783
8820.0000 1248 1220 0.9776
8821.0000 1248 1221 0.9784
8825.0000 1249 1221 0.9776
8832.0000 1250 1221 0.9768
8837.0000 1251 1221 0.9760
8846.0000 1252 1221 0.9752
8846.0000 1252 1222 0.9760
8851.0000 1253 1222 0.9753
8860.0000 1254 1222 0.9745
8865.0000 1255 1222 0.9737
8866.0000 1255 1223 0.9745
8866.0000 1255 1224 0.9753
8870.0000 1256 1224 0.9745
8871.0000 1256 1225 0.9753
8872.0000 1256 1226 0.9761
8872.0000 1256 1227 0.9769
8873.0000 1256 1228 0.9777
8875.0000 1256 1229 0.9785
8878.0000 1257 1229 0.9777
8879.0000 1257 1230 0.9785
8885.0000 1258 1230 0.9777
8892.0000 1259 1230 0.9770
8900.0000 1260 1230 0.9762
8909.0000 1261 1230 0.9754
8910.0000 1261 1231 0.9762
8918.0000 1262 1231 0.9754
8921.0000 1262 1232 0.9762
8924.0000 1262 1233 0.9770
8925.0000 1263 1233 0.9762
8925.0000 1263 1234 0.9770
8931.0000 1264 1234 0.9763
8933.0000 1264 1235 0.9771
8939.0000 1265 1235 0.9763
8939.0000 1265 1236 0.9771
8942.0000 1265 1237 0.9779
8944.0000 1266 1237 0.9771
8953.0000 1267 1237 0.9763
8959.0000 1268 1237 0.9756
8960.0000 1268 1238 0.9763
8965.0000 1268 1239 0.9771
8965.0000 1268 1240 0.9779
8967.0000 1269 1240 0.9771
8975.0000 1270 1240 0.9764
8976.0000 1270 1241 0.9772
8981.0000 1271 1241 0.9764
8990.0000 1272 1241 0.9756
8994.0000 1272 1242 0.9764
8999.0000 1273 1242 0.9756
9006.0000 1274 1242 0.9749
9015.0000 1275 1242 0.9741
9021.0000 1276 1242 0.9734
9028.0000 1277 1242 0.9726
9029.0000 1277 1243 0.9734
9030.0000 1277 1244 0.9742
9036.0000 1278 1244 0.9734
9036.0000 1278 1245 0.9742
9043.0000 1279 1245 0.9734
9047.0000 1279 1246 0.9742
9052.0000 1280 1246 0.9734
9055.0000 1280 1247 0.9742
9060.0000 1281 1247 0.9735
9066.0000 1282 1247 0.9727
9074.0000 1283 1247 0.9719
9081.0000 1284 1247 0.9712
9086.0000 1285 1247 0.9704
9092.0000 1285 1248 0.9712
9093.0000 1286 1248 0.9705
9100.0000 1287 1248 0.9697
9105.0000 1287 1249 0.9705
9106.0000 1287 1250 0.9713
9107.0000 1288 1250 0.9705
9110.0000 1288 1251 0.9713
9110.0000 1288 1252 0.9720
9114.0000 1289 1252 0.9713
9118.0000 1289 1253 0.9721
9119.0000 1290 1253 0.9713
9127.0000 1291 1253 0.9706
9128.0000 1291 1254 0.9713
9133.0000 1291 1255 0.9721
9134.0000 1292 1255 0.9714
9140.0000 1293 1255 0.9706
9140.0000 1293 1256 0.9714
9147.0000 1294 1256 0.9706
9151.0000 1294 1257 0.9714
9153.0000 1295 1257 0.9707
9158.0000 1296 1257 0.9699
9159.0000 1296 1258 0.9707
9167.0000 1297 1258 0.9699
9175.0000 1297 1259 0.9707
9176.0000 1298 1259 0.9700
9176.0000 1298 1260 0.9707
9185.0000 1299 1260 0.9700
9190.0000 1299 1261 0.9707
9191.0000 1300 1261 0.9700
9200.0000 1301 1261 0.9693
9205.0000 1301 1262 0.9700
9206.0000 1301 1263 0.9708
9208.0000 1302 1263 0.9700
9211.0000 1302 1264 0.9708
9216.0000 1303 1264 0.9701
9216.0000 1303 1265 0.9708
9223.0000 1304 1265 0.9701
9225.0000 1304 1266 0.9709
9229.0000 1305 1266 0.9701
9230.0000 1305 1267 0.9709
9233.0000 1305 1268 0.9716
9238.0000 1306 1268 0.9709
9241.0000 1306 1269 0.9717
9245.0000 1307 1269 0.9709
9247.0000 1307 1270 0.9717
9253.0000 1308 1270 0.9709
9260.0000 1309 1270 0.9702
9262.0000 1309 1271 0.9710
9262.0000 1309 1272 0.9717
9268.0000 1310 1272 0.9710
9271.0000 1310 1273 0.9718
9275.0000 1311 1273 0.9710
9283.0000 1312 1273 0.9703
9287.0000 1312 1274 0.9710
9289.0000 1313 1274 0.9703
9293.0000 1313 1275 0.9711
9295.0000 1314 1275 0.9703
9300.0000 1315 1275 0.9696
9306.0000 1315 1276 0.9703
9307.0000 1316 1276 0.9696
9316.0000 1317 1276 0.9689
9324.0000 1318 1276 0.9681
9330.0000 1319 1276 0.9674
9330.0000 1319 1277 0.9682
9335.0000 1319 1278 0.9689
9338.0000 1320 1278 0.9682
9347.0000 1321 1278 0.9674
9348.0000 1321 1279 0.9682
9355.0000 1322 1279 0.9675
9362.0000 1323 1279 0.9667
9363.0000 1323 1280 0.9675
9364.0000 1323 1281 0.9683
9367.0000 1323 1282 0.9690
9368.0000 1323 1283 0.9698
9369.0000 1324 1283 0.9690
9378.0000 1325 1283 0.9683
9384.0000 1326 1283 0.9676
9390.0000 1327 1283 0.9668
9396.0000 1327 1284 0.9676
9397.0000 1328 1284 0.9669
9403.0000 1328 1285 0.9676
9403.0000 1328 1286 0.9684
9405.0000 1329 1286 0.9676
9412.0000 1330 1286 0.9669
9418.0000 1331 1286 0.9662
9424.0000 1332 1286 0.9655
9426.0000 1332 1287 0.9662
9430.0000 1333 1287 0.9655
9434.0000 1333 1288 0.9662
9435.0000 1333 1289 0.9670
9438.0000 1334 1289 0.9663
9443.0000 1335 1289 0.9655
9449.0000 1336 1289 0.9648
9450.0000 1336 1290 0.9656
9454.0000 1336 1291 0.9663
9458.0000 1337 1291 0.9656
9460.0000 1337 1292 0.9663
9462.0000 1337 1293 0.9671
9462.0000 1337 1294 0.9678
9464.0000 1337 1295 0.9686
9465.0000 1338 1295 0.9679
9465.0000 1338 1296 0.9686
9466.0000 1338 1297 0.9694
9466.0000 1338 1298 0.9701
9470.0000 1338 1299 0.9709
9473.0000 1339 1299 0.9701
9474.0000 1339 1300 0.9709
9476.0000 1339 1301 0.9716
9476.0000 1339 1302 0.9724
9478.0000 1340 1302 0.9716
9482.0000 1340 1303 0.9724
9487.0000 1341 1303 0.9717
9489.0000 1341 1304 0.9724
9493.0000 1342 1304 0.9717
9502.0000 1343 1304 0.9710
9507.0000 1344 1304 0.9702
9507.0000 1344 1305 0.9710
9510.0000 1344 1306 0.9717
9511.0000 1344 1307 0.9725
9514.0000 1345 1307 0.9717
9518.0000 1345 1308 0.9725
9519.0000 1346 1308 0.9718
9520.0000 1346 1309 0.9725
9528.0000 1347 1309 0.9718
9529.0000 1347 1310 0.9725
9533.0000 1347 1311 0.9733
9534.0000 1348 1311 0.9726
9538.0000 1348 1312 0.9733
9539.0000 1349 1312 0.9726
9547.0000 1350 1312 0.9719
9549.0000 1350 1313 0.9726
9554.0000 1351 1313 0.9719
9554.0000 1351 1314 0.9726
9554.0000 1351 1315 0.9734
9559.0000 1351 1316 0.9741
9563.0000 1352 1316 0.9734
9572.0000 1353 1316 0.9727
9577.0000 1354 1316 0.9719
9582.0000 1354 1317 0.9727
9585.0000 1355 1317 0.9720
9588.0000 1355 1318 0.9727
9592.0000 1355 1319 0.9734
9593.0000 1356 1319 0.9727
9602.0000 1357 1319 0.9720
9607.0000 1358 1319 0.9713
9616.0000 1359 1319 0.9706
9619.0000 1359 1320 0.9713
9625.0000 1360 1320 0.9706
9625.0000 1360 1321 0.9713
9632.0000 1361 1321 0.9706
9641.0000 1362 1321 0.9699
9642.0000 1362 1322 0.9706
9648.0000 1363 1322 0.9699
9657.0000 1364 1322 0.9692
9666.0000 1365 1322 0.9685
9669.0000 1365 1323 0.9692
9671.0000 1366 1323 0.9685
9677.0000 1367 1323 0.9678
9686.0000 1368 1323 0.9671
9688.0000 1368 1324 0.9678
9694.0000 1369 1324 0.9671
9694.0000 1369 1325 0.9679
9695.0000 1369 1326 0.9686
9702.0000 1370 1326 0.9679
9703.0000 1370 1327 0.9686
9706.0000 1370 1328 0.9693
9709.0000 1371 1328 0.9686
9717.0000 1372 1328 0.9679
9722.0000 1372 1329 0.9687
9725.0000 1372 1330 0.9694
9726.0000 1373 1330 0.9687
9732.0000 1374 1330 0.9680
9740.0000 1375 1330 0.9673
9743.0000 1375 1331 0.9680
9745.0000 1375 1332 0.9687
9749.0000 1376 1332 0.9680
9751.0000 1376 1333 0.9688
9752.0000 1376 1334 0.9695
9752.0000 1376 1335 0.9702
9756.0000 1377 1335 0.9695
9758.0000 1377 1336 0.9702
9762.0000 1378 1336 0.9695
9763.0000 1378 1337 0.9702
9768.0000 1379 1337 0.9695
9769.0000 1379 1338 0.9703
9775.0000 1380 1338 0.9696
9777.0000 1380 1339 0.9703
9781.0000 1381 1339 0.9696
9784.0000 1381 1340 0.9703
9785.0000 1381 1341 0.9710
9787.0000 1382 1341 0.9703
9788.0000 1382 1342 0.9711
9792.0000 1382 1343 0.9718
9796.0000 1383 1343 0.9711
9802.0000 1383 1344 0.9718
9804.0000 1384 1344 0.9711
9811.0000 1384 1345 0.9718
9812.0000 1385 1345 0.9711
9814.0000 1385 1346 0.9718
9821.0000 1386 1346 0.9711
9823.0000 1386 1347 0.9719
9827.0000 1386 1348 0.9726
9830.0000 1387 1348 0.9719
9831.0000 1387 1349 0.9726
9833.0000 1387 1350 0.9733
9835.0000 1387 1351 0.9740
9838.0000 1388 1351 0.9733
9843.0000 1389 1351 0.9726
9848.0000 1389 1352 0.9734
9849.0000 1390 1352 0.9727
9849.0000 1390 1353 0.9734
9857.0000 1391 1353 0.9727
9859.0000 1391 1354 0.9734
9864.0000 1392 1354 0.9727
9866.0000 1392 1355 0.9734
9871.0000 1393 1355 0.9727
9871.0000 1393 1356 0.9734
9875.0000 1393 1357 0.9742
9877.0000 1394 1357 0.9735
9878.0000 1394 1358 0.9742
9882.0000 1395 1358 0.9735
9890.0000 1396 1358 0.9728
9899.0000 1397 1358 0.9721
9904.0000 1397 1359 0.9728
9904.0000 1397 1360 0.9735
9905.0000 1397 1361 0.9742
9907.0000 1397 1362 0.9749
9908.0000 1398 1362 0.9742
9912.0000 1398 1363 0.9750
9913.0000 1399 1363 0.9743
9916.0000 1399 1364 0.9750
9921.0000 1400 1364 0.9743
9926.0000 1400 1365 0.9750
9928.0000 1401 1365 0.9743
9930.0000 1401 1366 0.9750
9935.0000 1402 1366 0.9743
9936.0000 1402 1367 0.9750
9939.0000 1402 1368 0.9757
9939.0000 1402 1369 0.9765
9939.0000 1402 1370 0.9772
9940.0000 1402 1371 0.9779
9941.0000 1402 1372 0.9786
9942.0000 1403 1372 0.9779
9945.0000 1403 1373 0.9786
9949.0000 1404 1373 0.9779
9950.0000 1404 1374 0.9786
9957.0000 1405 1374 0.9779
9964.0000 1406 1374 0.9772
9965.0000 1406 1375 0.9780
9970.0000 1407 1375 0.9773
9978.0000 1408 1375 0.9766
9984.0000 1409 1375 0.9759
9991.0000 1410 1375 0.9752
9994.0000 1410 1376 0.9759
9998.0000 1411 1376 0.9752
9999.0000 1411 1377 0.9759
