# Scenario da_sprayandwait
# distance at msg send, delivery time, hop count, MSG_ID
67.6363 5.0000 3 M1
22.2825 1.0000 1 M11
167.6064 51.0000 2 M4
195.4771 102.0000 3 M3
131.3930 28.0000 4 M16
90.7869 2.0000 2 M22
29.7302 1.0000 1 M26
80.5863 5.0000 3 M32
211.7436 110.0000 1 M19
473.5999 147.0000 1 M15
168.9704 5.0000 4 M36
463.4051 213.0000 3 M10
51.2570 2.0000 1 M41
87.5639 3.0000 2 M44
204.1584 70.0000 2 M38
81.9485 38.0000 2 M43
227.6074 204.0000 2 M23
70.9652 2.0000 2 M55
225.0310 326.0000 4 M9
372.4283 384.0000 2 M2
205.7747 75.0000 1 M47
157.7779 87.0000 4 M46
132.3784 45.0000 1 M56
54.7688 9.0000 3 M62
263.0506 310.0000 4 M20
208.6809 89.0000 3 M54
467.7694 268.0000 4 M30
68.3009 22.0000 1 M70
546.1570 351.0000 1 M25
119.0636 19.0000 3 M73
462.2130 178.0000 2 M51
60.2007 260.0000 2 M39
170.8915 92.0000 3 M66
280.8881 122.0000 4 M64
502.3631 354.0000 2 M33
409.4504 243.0000 2 M52
205.8326 90.0000 1 M74
594.5887 257.0000 4 M50
48.1304 1.0000 1 M87
664.1410 187.0000 4 M63
634.0859 175.0000 3 M65
692.5779 587.0000 4 M7
631.1191 433.0000 1 M31
80.1946 21.0000 2 M90
144.3946 99.0000 3 M81
170.7963 136.0000 3 M77
154.3668 270.0000 1 M58
143.9156 104.0000 4 M83
323.2694 162.0000 2 M76
228.7212 299.0000 2 M57
207.7322 61.0000 3 M92
72.5627 15.0000 3 M99
226.7532 528.0000 2 M28
18.2856 1.0000 1 M101
407.1774 641.0000 3 M12
235.6053 81.0000 1 M91
479.2410 534.0000 3 M29
651.8156 277.0000 1 M67
282.1734 656.0000 4 M17
571.2946 682.0000 1 M14
374.4639 536.0000 1 M35
321.4696 468.0000 2 M45
217.5617 172.0000 2 M86
151.4502 79.0000 1 M100
339.3434 189.0000 3 M85
153.1438 27.0000 3 M108
170.1887 67.0000 4 M102
287.9187 561.0000 4 M34
394.7168 249.0000 4 M78
217.0380 234.0000 1 M80
302.5878 387.0000 3 M59
243.9575 42.0000 4 M107
207.4341 113.0000 4 M98
348.1236 192.0000 3 M89
90.3668 16.0000 2 M117
373.0753 819.0000 2 M5
383.0614 307.0000 1 M79
15.8595 1.0000 1 M122
79.5552 3.0000 3 M123
385.6920 415.0000 3 M68
264.3874 582.0000 1 M48
373.0740 166.0000 3 M106
71.8467 339.0000 2 M82
293.4360 500.0000 2 M61
406.9548 422.0000 4 M72
92.9045 16.0000 3 M130
78.0639 3.0000 2 M132
29.8107 1.0000 1 M133
181.0772 211.0000 3 M103
208.1048 158.0000 1 M112
101.5368 5.0000 3 M136
35.9209 1.0000 1 M137
389.8797 215.0000 2 M105
273.8644 787.0000 1 M27
80.6077 5.0000 4 M145
181.4692 761.0000 2 M37
581.8225 876.0000 1 M21
177.2796 53.0000 1 M140
231.5258 64.0000 4 M141
269.6662 205.0000 4 M120
137.2125 379.0000 2 M96
470.7553 469.0000 2 M84
376.3994 280.0000 1 M111
470.8764 587.0000 1 M69
99.5864 60.0000 2 M147
195.1731 248.0000 2 M119
386.7226 360.0000 2 M104
280.3305 113.0000 3 M142
524.2495 336.0000 1 M109
440.7510 435.0000 3 M95
40.9168 1.0000 1 M161
24.6165 1.0000 1 M164
376.8638 366.0000 4 M113
444.2304 360.0000 1 M114
48.6658 10.0000 2 M165
180.2790 95.0000 3 M154
417.7309 523.0000 1 M93
237.7013 98.0000 3 M157
343.2828 1145.0000 3 M8
214.4619 679.0000 3 M75
533.3003 423.0000 3 M110
433.8231 330.0000 1 M124
187.0071 35.0000 1 M167
669.2846 522.0000 1 M97
523.1626 409.0000 1 M116
203.5424 95.0000 4 M162
113.9549 18.0000 2 M174
9.0795 1.0000 1 M178
96.7302 238.0000 4 M146
153.3501 226.0000 3 M148
84.0923 4.0000 3 M180
654.2976 769.0000 4 M71
40.8596 2.0000 1 M182
686.4223 654.0000 2 M88
129.5462 60.0000 1 M176
432.3075 331.0000 3 M138
312.1400 93.0000 2 M172
437.6084 260.0000 3 M149
400.9394 411.0000 4 M126
24.5157 1.0000 1 M187
298.7276 1265.0000 4 M6
413.4052 223.0000 3 M155
616.4829 1225.0000 2 M13
212.6091 40.0000 3 M183
240.1832 429.0000 2 M127
617.0454 1161.0000 3 M24
142.7950 358.0000 3 M139
359.9112 1051.0000 1 M40
179.7721 532.0000 3 M115
641.6545 1005.0000 3 M49
410.7172 354.0000 3 M143
611.2453 984.0000 2 M53
372.5788 123.0000 3 M179
297.1698 209.0000 3 M166
270.7426 173.0000 2 M173
251.6476 149.0000 1 M177
251.0105 508.0000 1 M125
543.4156 335.0000 1 M151
686.0041 1093.0000 1 M42
73.4703 6.0000 4 M199
137.5202 197.0000 1 M171
503.3394 477.0000 2 M131
712.6321 496.0000 4 M129
340.2661 283.0000 1 M160
64.8283 3.0000 2 M201
218.8677 299.0000 2 M158
392.8279 335.0000 3 M153
395.3830 589.0000 3 M118
159.4193 75.0000 3 M193
126.8474 285.0000 2 M163
15.7971 1.0000 1 M204
170.0404 202.0000 3 M175
107.1745 55.0000 2 M197
497.8420 320.0000 2 M159
374.2161 372.0000 3 M152
32.3503 1.0000 1 M205
320.7646 257.0000 2 M168
652.1382 1313.0000 2 M18
593.3830 588.0000 1 M121
182.7838 440.0000 1 M144
696.3762 768.0000 2 M94
57.3164 377.0000 2 M156
169.0529 162.0000 3 M188
146.4552 57.0000 3 M203
14.4201 1.0000 1 M211
135.9813 159.0000 3 M190
139.8599 18.0000 3 M209
511.9728 294.0000 1 M170
47.5756 1.0000 1 M214
216.6345 211.0000 4 M186
62.0025 3.0000 2 M217
184.5313 84.0000 3 M207
178.2826 15.0000 4 M219
218.9845 217.0000 1 M192
355.9889 622.0000 1 M134
102.1513 91.0000 3 M212
287.1954 641.0000 2 M135
11.0200 1.0000 1 M227
327.4008 148.0000 3 M208
122.9767 374.0000 1 M184
339.8615 420.0000 2 M181
225.5875 1271.0000 1 M60
95.9841 6.0000 3 M240
126.9874 284.0000 2 M202
252.7386 83.0000 4 M229
158.8334 347.0000 3 M198
488.9563 367.0000 1 M196
67.1006 5.0000 2 M249
198.3005 98.0000 4 M237
361.8948 611.0000 2 M169
150.5318 46.0000 4 M252
42.7314 1.0000 1 M258
352.4748 153.0000 3 M238
299.3615 465.0000 2 M195
209.0348 391.0000 3 M206
158.2555 464.0000 4 M200
141.4493 11.0000 4 M262
338.7666 569.0000 3 M185
313.3549 817.0000 1 M150
420.1215 350.0000 2 M215
297.7037 255.0000 4 M230
288.8137 360.0000 2 M216
390.0459 284.0000 2 M228
21.6649 1.0000 1 M269
139.6418 1001.0000 2 M128
200.4994 209.0000 1 M241
144.6811 591.0000 4 M189
124.2294 575.0000 3 M191
389.3725 197.0000 3 M245
200.7483 355.0000 1 M222
282.1275 426.0000 1 M213
64.4631 2.0000 2 M272
189.4866 70.0000 3 M263
477.1479 306.0000 2 M231
80.5823 3.0000 2 M273
459.8698 581.0000 3 M194
21.5851 1.0000 1 M274
537.6739 221.0000 1 M246
49.0778 1.0000 1 M276
217.6614 397.0000 2 M221
246.8627 384.0000 1 M224
140.8989 310.0000 1 M235
195.6239 382.0000 3 M225
404.5677 229.0000 4 M248
247.9681 210.0000 3 M251
94.5640 333.0000 1 M233
93.1916 4.0000 3 M279
136.3912 18.0000 3 M281
134.3294 305.0000 4 M244
359.6667 137.0000 3 M267
389.2423 379.0000 4 M234
459.1385 351.0000 3 M239
233.0511 57.0000 2 M280
273.6198 208.0000 2 M259
404.7124 333.0000 3 M242
464.8581 490.0000 3 M220
425.3777 170.0000 2 M265
158.1863 43.0000 1 M284
99.5327 4.0000 4 M292
309.6048 451.0000 2 M232
244.7246 523.0000 3 M223
98.0257 17.0000 2 M295
227.9399 304.0000 2 M256
260.8116 157.0000 1 M277
66.1565 4.0000 2 M299
402.0236 228.0000 3 M268
407.8699 339.0000 4 M254
223.2262 76.0000 4 M293
351.1098 133.0000 3 M287
510.8733 283.0000 1 M266
302.9492 409.0000 3 M250
243.7974 470.0000 2 M243
147.0867 133.0000 2 M291
231.3131 710.0000 1 M210
466.4937 357.0000 2 M260
320.0344 127.0000 3 M294
336.2738 188.0000 4 M286
129.6290 25.0000 3 M310
21.9036 1.0000 1 M315
289.7823 363.0000 2 M264
221.7155 31.0000 3 M313
121.4928 218.0000 4 M288
206.5325 662.0000 4 M226
311.1740 520.0000 4 M247
351.7048 595.0000 2 M236
368.4355 258.0000 3 M285
113.1214 5.0000 3 M321
29.2334 1.0000 1 M322
120.0296 156.0000 1 M300
555.0476 332.0000 4 M275
260.4586 101.0000 3 M309
500.6118 159.0000 4 M301
246.4252 323.0000 1 M278
235.4187 293.0000 1 M283
160.5446 62.0000 2 M317
229.2764 60.0000 3 M318
294.7556 225.0000 4 M296
384.5009 410.0000 1 M271
154.2956 168.0000 2 M306
225.9909 800.0000 3 M218
17.2291 1.0000 1 M333
259.9704 370.0000 3 M282
215.6858 516.0000 3 M261
410.7526 263.0000 1 M297
300.3117 452.0000 1 M270
341.9352 179.0000 2 M312
359.1601 155.0000 2 M316
181.0954 61.0000 2 M329
49.6464 1.0000 1 M339
31.1830 1.0000 1 M340
322.7413 130.0000 2 M323
311.2797 104.0000 2 M327
7.5893 1.0000 1 M343
260.8206 648.0000 3 M253
213.0243 619.0000 4 M257
237.1286 304.0000 2 M303
85.2528 4.0000 3 M347
369.8069 163.0000 2 M326
194.0813 77.0000 3 M341
136.1214 27.0000 4 M349
189.3788 360.0000 1 M304
214.9028 140.0000 3 M336
342.6560 133.0000 2 M338
229.7180 119.0000 4 M344
242.4622 64.0000 2 M353
238.6981 237.0000 2 M330
324.0998 190.0000 3 M337
186.4676 434.0000 2 M302
241.6424 775.0000 4 M255
32.1830 1.0000 1 M365
285.7846 72.0000 4 M356
271.7702 437.0000 3 M305
31.2930 1.0000 1 M370
183.7640 142.0000 1 M351
106.0494 8.0000 2 M373
142.7692 42.0000 2 M369
124.0264 393.0000 1 M319
281.5522 96.0000 2 M361
598.2961 542.0000 1 M298
188.1101 93.0000 2 M362
113.4002 499.0000 2 M307
46.7778 1.0000 1 M380
58.0191 2.0000 2 M382
352.2266 125.0000 1 M363
248.6826 354.0000 2 M332
34.2765 1.0000 1 M383
246.4820 387.0000 1 M328
418.9165 265.0000 1 M345
161.3649 69.0000 3 M376
331.0876 122.0000 3 M367
303.2738 88.0000 3 M374
165.1567 55.0000 3 M379
27.1615 1.0000 1 M387
299.9173 329.0000 1 M342
40.2330 1.0000 1 M390
568.5607 392.0000 2 M334
347.9017 552.0000 2 M311
288.3369 534.0000 1 M314
48.1012 1.0000 1 M391
247.8271 726.0000 2 M289
120.1163 588.0000 3 M308
227.5789 153.0000 3 M372
234.1197 77.0000 2 M384
15.1252 1.0000 1 M395
249.1147 111.0000 2 M381
258.9729 223.0000 3 M366
20.1598 1.0000 1 M399
143.8028 550.0000 4 M324
372.6767 376.0000 3 M348
134.2797 45.0000 1 M397
91.3918 135.0000 3 M385
95.0787 16.0000 1 M402
66.4100 5.0000 4 M405
82.4419 5.0000 4 M406
121.2369 53.0000 3 M403
142.1162 112.0000 2 M396
195.7043 173.0000 1 M388
356.7915 376.0000 1 M360
340.7152 327.0000 4 M368
175.4690 635.0000 2 M325
313.6691 669.0000 3 M320
239.9347 188.0000 2 M389
10.4742 1.0000 1 M421
153.9830 323.0000 2 M375
194.9764 138.0000 3 M401
479.6061 443.0000 1 M357
151.7379 498.0000 4 M350
166.4506 53.0000 4 M415
92.5683 6.0000 2 M422
101.8762 81.0000 3 M411
100.4571 9.0000 3 M423
355.2758 479.0000 2 M354
455.1539 333.0000 3 M377
276.9386 416.0000 1 M364
108.3234 655.0000 3 M331
77.9292 5.0000 3 M426
102.5829 70.0000 3 M417
289.1095 238.0000 4 M393
78.0186 2.0000 2 M427
335.2746 523.0000 2 M352
233.2002 571.0000 1 M346
331.5217 403.0000 2 M371
239.9423 508.0000 4 M355
10.1429 1.0000 1 M428
124.3175 4.0000 3 M430
25.5004 1.0000 1 M431
175.2489 504.0000 3 M359
256.5601 166.0000 1 M409
96.1496 3.0000 3 M432
55.5070 2.0000 2 M434
195.6759 1031.0000 4 M290
65.9104 4.0000 3 M436
430.0540 550.0000 4 M358
197.6302 222.0000 2 M407
217.7632 159.0000 3 M416
144.3797 131.0000 2 M420
145.1720 179.0000 1 M414
214.0014 263.0000 3 M404
63.6382 5.0000 3 M441
119.0235 356.0000 2 M392
117.5341 483.0000 1 M378
68.6455 2.0000 2 M445
117.5058 257.0000 1 M410
208.4371 78.0000 2 M435
63.8843 64.0000 3 M439
161.6816 205.0000 3 M419
24.8952 1.0000 1 M448
586.3834 252.0000 2 M413
535.9372 303.0000 2 M408
528.9073 466.0000 1 M386
197.5904 151.0000 1 M433
322.3454 90.0000 2 M443
333.7566 123.0000 2 M440
205.2517 50.0000 3 M451
342.9237 258.0000 2 M424
186.0170 171.0000 3 M437
630.3535 435.0000 3 M400
141.3379 12.0000 3 M460
2.3980 1.0000 1 M462
233.9746 57.0000 2 M455
262.4149 88.0000 4 M452
340.9053 336.0000 3 M418
121.5903 306.0000 3 M425
228.0936 73.0000 4 M457
27.8557 1.0000 1 M468
13.4826 1.0000 1 M469
224.5137 45.0000 4 M464
29.4556 1.0000 1 M471
80.0029 308.0000 1 M429
279.6724 164.0000 2 M450
341.7234 204.0000 1 M447
338.8243 274.0000 2 M438
212.8294 230.0000 2 M444
80.2104 4.0000 3 M476
390.1892 140.0000 3 M458
393.8758 103.0000 4 M463
291.7265 176.0000 3 M454
28.4445 1.0000 1 M478
216.6365 127.0000 3 M461
288.1619 115.0000 2 M465
325.9966 216.0000 2 M453
138.4924 76.0000 3 M472
174.9011 73.0000 2 M474
331.2632 332.0000 2 M442
238.9035 283.0000 2 M456
345.0419 262.0000 1 M459
183.5870 49.0000 4 M489
179.6445 71.0000 3 M486
377.8349 706.0000 3 M398
178.1432 8.0000 4 M496
256.0262 100.0000 4 M484
175.7018 74.0000 1 M488
134.2902 10.0000 4 M498
89.1793 4.0000 3 M500
47.7983 1.0000 1 M501
278.4794 1192.0000 2 M335
456.9328 183.0000 2 M479
151.0217 47.0000 2 M499
110.3752 92.0000 1 M493
72.9043 16.0000 2 M505
126.9101 121.0000 3 M490
5.1943 1.0000 1 M508
160.1529 824.0000 2 M394
80.8224 3.0000 2 M510
119.1957 26.0000 3 M509
166.8759 113.0000 3 M497
367.5212 330.0000 2 M466
122.5337 16.0000 2 M513
312.9265 87.0000 2 M504
67.2417 3.0000 2 M517
162.9129 331.0000 2 M470
221.3379 359.0000 2 M467
117.1088 21.0000 3 M516
28.8360 1.0000 1 M519
254.9735 323.0000 3 M475
47.6059 1.0000 1 M526
493.1439 374.0000 3 M473
40.4898 1.0000 1 M528
154.1666 50.0000 3 M521
75.1329 827.0000 1 M412
192.3585 605.0000 3 M446
140.8624 19.0000 3 M530
199.4397 97.0000 3 M520
369.3231 93.0000 4 M523
62.0870 52.0000 3 M531
269.5020 312.0000 4 M494
238.9939 640.0000 3 M449
439.9960 379.0000 2 M485
13.1136 1.0000 1 M539
67.7078 3.0000 2 M542
220.8008 360.0000 3 M492
83.2408 88.0000 1 M532
0.5837 1.0000 1 M545
72.0657 2.0000 2 M548
407.7037 216.0000 1 M518
37.3786 1.0000 1 M550
472.7632 266.0000 2 M514
431.6770 487.0000 3 M483
121.3041 4.0000 3 M553
300.0260 62.0000 4 M546
350.1832 194.0000 2 M529
259.8875 516.0000 1 M482
335.9715 115.0000 2 M541
391.8062 148.0000 1 M537
310.0018 474.0000 1 M491
486.3420 335.0000 3 M511
134.1434 27.0000 3 M555
278.0424 59.0000 4 M551
583.4116 555.0000 2 M481
404.6556 570.0000 1 M480
275.5156 151.0000 4 M540
149.4017 27.0000 4 M558
187.6687 263.0000 3 M527
59.8419 3.0000 2 M563
231.7183 176.0000 3 M547
94.7055 668.0000 3 M477
443.7120 405.0000 3 M515
294.8762 253.0000 3 M536
82.4950 53.0000 4 M565
102.3918 22.0000 4 M570
155.5310 599.0000 1 M487
493.1340 200.0000 3 M544
42.2947 1.0000 1 M573
58.6471 3.0000 2 M574
293.9488 153.0000 2 M552
33.9486 1.0000 1 M575
94.7301 488.0000 1 M506
446.9181 516.0000 3 M503
131.4740 171.0000 1 M557
359.4801 609.0000 3 M495
134.6410 413.0000 3 M524
331.3603 565.0000 2 M502
269.2476 109.0000 2 M568
404.1939 342.0000 4 M535
135.5952 31.0000 1 M580
142.5966 16.0000 4 M583
156.1920 105.0000 3 M572
2.0535 1.0000 1 M586
270.4426 267.0000 1 M549
136.3194 471.0000 2 M522
85.5983 7.0000 3 M587
222.6319 357.0000 3 M538
538.7481 467.0000 3 M525
170.4751 400.0000 3 M534
361.1254 104.0000 1 M577
358.2249 229.0000 3 M560
366.9228 242.0000 4 M559
202.5925 226.0000 2 M562
170.6598 182.0000 4 M569
260.7530 581.0000 4 M512
39.7404 1.0000 1 M594
244.1262 80.0000 3 M584
288.9791 128.0000 3 M579
36.6863 1.0000 1 M597
100.6479 13.0000 3 M596
508.0941 203.0000 3 M571
241.4697 52.0000 3 M591
4.0707 1.0000 1 M601
658.1015 521.0000 3 M533
407.2072 123.0000 2 M590
438.4381 343.0000 1 M561
206.6108 63.0000 2 M608
199.0963 240.0000 1 M585
176.2199 55.0000 2 M612
263.2705 48.0000 3 M614
170.9963 105.0000 4 M606
10.0407 1.0000 1 M622
25.2589 1.0000 1 M623
167.3015 102.0000 3 M609
680.6139 485.0000 1 M556
51.5922 4.0000 2 M625
195.6707 416.0000 1 M567
212.2757 504.0000 1 M554
115.5198 22.0000 1 M624
69.6713 262.0000 3 M589
243.2836 160.0000 1 M605
268.2656 119.0000 3 M613
264.3618 110.0000 3 M615
313.1190 199.0000 1 M603
161.2096 473.0000 3 M566
107.5275 6.0000 4 M633
335.6283 230.0000 2 M602
525.9217 268.0000 1 M599
40.3766 1.0000 1 M642
105.3585 697.0000 3 M543
215.1919 364.0000 1 M593
173.7567 49.0000 1 M641
316.0927 982.0000 3 M507
62.1875 15.0000 1 M647
166.7791 26.0000 3 M646
81.4535 52.0000 2 M643
322.6369 131.0000 2 M631
50.2992 18.0000 3 M649
189.9020 489.0000 3 M582
151.6541 417.0000 3 M592
46.9610 1.0000 1 M656
163.9466 26.0000 3 M653
125.5530 73.0000 2 M648
315.4431 283.0000 4 M618
483.5732 438.0000 3 M595
449.1443 302.0000 2 M616
234.9389 347.0000 3 M610
134.1081 175.0000 1 M637
520.2858 281.0000 3 M621
226.5322 302.0000 3 M619
199.5074 169.0000 1 M639
140.2467 688.0000 2 M564
427.3293 433.0000 3 M600
437.0866 616.0000 1 M576
254.5424 213.0000 2 M635
69.3506 4.0000 2 M667
130.5295 277.0000 3 M627
493.6300 227.0000 1 M636
497.3586 199.0000 4 M640
212.9719 314.0000 2 M626
109.3898 446.0000 3 M607
132.6741 19.0000 3 M671
111.4127 18.0000 3 M672
51.1232 42.0000 2 M670
93.2938 9.0000 2 M675
247.8794 133.0000 2 M658
242.6207 76.0000 3 M666
179.2113 496.0000 1 M604
441.6515 176.0000 4 M652
112.7892 335.0000 3 M629
391.7453 256.0000 1 M644
71.1615 9.0000 1 M679
697.9118 208.0000 3 M651
114.9829 120.0000 3 M664
56.5520 4.0000 2 M681
491.3966 348.0000 3 M632
54.8803 3.0000 2 M682
216.6189 46.0000 2 M677
21.7556 1.0000 1 M685
289.1483 402.0000 4 M628
347.6921 186.0000 4 M660
316.4712 153.0000 3 M665
149.8113 18.0000 3 M686
299.0935 543.0000 2 M611
94.0132 9.0000 2 M689
117.3786 19.0000 2 M688
447.5576 432.0000 3 M630
204.0874 91.0000 2 M680
281.7282 787.0000 2 M581
230.2090 742.0000 2 M588
255.4888 87.0000 4 M684
99.4280 821.0000 2 M578
625.1550 298.0000 2 M654
196.8604 254.0000 1 M661
451.4062 562.0000 2 M617
250.9919 217.0000 2 M669
1.6940 1.0000 1 M700
328.5124 170.0000 2 M676
204.1257 293.0000 3 M663
65.4977 3.0000 2 M705
218.0823 136.0000 3 M687
9.9181 1.0000 1 M708
186.7225 190.0000 1 M683
516.5704 253.0000 3 M674
324.6122 148.0000 2 M692
242.2784 47.0000 3 M707
236.7978 282.0000 2 M673
49.6573 1.0000 1 M714
160.5900 89.0000 2 M702
551.3336 572.0000 1 M634
283.4913 272.0000 1 M678
46.5254 1.0000 1 M717
44.1465 1.0000 1 M718
128.8875 399.0000 2 M662
60.0633 2.0000 2 M719
187.1753 460.0000 4 M655
399.7772 106.0000 3 M706
228.9174 129.0000 3 M703
36.7066 1.0000 1 M721
189.1604 708.0000 2 M620
227.6382 82.0000 2 M711
234.8228 858.0000 2 M598
4.0304 1.0000 1 M724
380.0402 396.0000 3 M668
155.4757 476.0000 3 M657
364.4017 566.0000 3 M645
247.4737 82.0000 2 M716
470.3842 551.0000 3 M650
11.2127 1.0000 1 M729
395.3810 258.0000 2 M694
310.2413 248.0000 2 M696
21.8950 1.0000 1 M732
51.8866 3.0000 2 M733
272.8013 174.0000 2 M710
464.1941 690.0000 3 M638
32.4135 1.0000 1 M736
117.6740 17.0000 3 M735
51.1463 3.0000 1 M738
282.5687 571.0000 1 M659
146.6778 337.0000 3 M693
55.4002 2.0000 2 M740
176.9174 100.0000 1 M728
628.3231 333.0000 3 M697
216.3320 177.0000 1 M720
227.8545 231.0000 2 M713
231.8965 136.0000 4 M726
183.5664 217.0000 1 M715
19.2368 1.0000 1 M748
441.0152 346.0000 3 M701
456.2295 194.0000 3 M723
39.1172 1.0000 1 M750
347.7554 393.0000 2 M698
72.9541 2.0000 2 M753
214.6957 214.0000 4 M725
196.8677 60.0000 2 M747
54.9715 44.0000 3 M749
267.6034 164.0000 4 M734
327.7364 381.0000 4 M704
138.4669 41.0000 1 M752
243.5607 122.0000 2 M745
40.1454 1.0000 1 M763
80.6521 22.0000 4 M760
47.5840 1.0000 1 M766
172.6812 72.0000 2 M756
103.0194 20.0000 3 M764
226.5319 60.0000 2 M758
56.7104 2.0000 2 M770
226.5138 76.0000 3 M759
141.0534 147.0000 2 M755
467.3875 614.0000 2 M690
262.6717 330.0000 3 M730
121.5970 37.0000 2 M772
227.4047 59.0000 1 M769
59.7336 561.0000 2 M699
137.6064 71.0000 1 M768
400.6931 238.0000 4 M746
346.5473 340.0000 4 M731
470.8288 258.0000 1 M743
75.4933 3.0000 2 M780
200.4428 141.0000 2 M761
242.9629 394.0000 2 M727
134.8109 112.0000 1 M767
68.4668 3.0000 2 M783
382.4532 447.0000 1 M722
153.6424 681.0000 2 M691
389.8587 537.0000 2 M712
216.7826 232.0000 4 M754
459.1681 317.0000 1 M744
62.8409 3.0000 2 M789
484.8121 369.0000 3 M741
259.6077 137.0000 2 M774
295.5717 66.0000 2 M784
48.0919 1.0000 1 M792
143.4895 24.0000 4 M790
186.4232 397.0000 3 M739
513.4002 168.0000 3 M771
232.5172 622.0000 1 M709
162.4165 149.0000 2 M775
101.1080 18.0000 2 M795
190.7598 91.0000 2 M786
416.0646 763.0000 2 M695
174.5254 151.0000 1 M781
41.1486 1.0000 1 M804
236.8330 150.0000 1 M785
80.6840 10.0000 1 M803
145.7295 79.0000 2 M794
242.9753 396.0000 3 M751
176.4379 218.0000 1 M777
436.2325 181.0000 4 M782
176.7606 356.0000 2 M757
14.4891 1.0000 1 M807
133.8379 24.0000 1 M805
130.1833 95.0000 4 M796
92.7747 5.0000 3 M809
13.4058 1.0000 1 M810
20.3963 1.0000 1 M814
133.1440 377.0000 3 M762
153.5340 329.0000 2 M773
122.0850 22.0000 4 M816
97.1477 11.0000 4 M819
123.5306 66.0000 2 M812
236.5477 168.0000 1 M800
117.9145 75.0000 1 M813
319.9034 162.0000 3 M801
83.8494 140.0000 3 M806
159.6482 357.0000 3 M778
72.8283 9.0000 3 M827
131.2847 46.0000 4 M822
226.9876 194.0000 1 M802
180.9272 298.0000 3 M788
248.0185 401.0000 2 M776
246.6620 117.0000 1 M817
14.8151 1.0000 1 M833
182.3311 25.0000 3 M831
127.8374 510.0000 4 M765
392.7125 260.0000 3 M799
181.0723 274.0000 1 M797
263.5547 176.0000 3 M811
317.4912 717.0000 3 M737
62.3645 4.0000 3 M835
361.6816 428.0000 1 M779
195.4162 64.0000 3 M832
201.9062 376.0000 3 M791
120.0239 19.0000 3 M841
354.1854 164.0000 1 M823
179.9659 119.0000 3 M830
171.5501 760.0000 3 M742
43.6489 1.0000 1 M847
144.4391 9.0000 4 M850
58.7341 2.0000 2 M854
526.8488 257.0000 4 M820
291.2049 499.0000 3 M787
143.5402 37.0000 2 M852
93.3043 34.0000 1 M853
54.0179 2.0000 2 M858
569.6618 321.0000 1 M815
16.7914 1.0000 1 M860
201.2114 38.0000 3 M857
677.1583 261.0000 2 M826
117.1680 55.0000 4 M855
80.7000 140.0000 1 M843
443.7465 288.0000 1 M824
114.8101 130.0000 1 M846
529.6532 293.0000 1 M825
26.9723 1.0000 1 M867
556.7353 472.0000 2 M808
285.8206 264.0000 2 M837
132.6881 27.0000 3 M871
338.1091 146.0000 3 M856
91.7930 2.0000 2 M875
39.3222 1.0000 1 M877
249.2950 577.0000 2 M798
59.9215 3.0000 2 M881
161.1472 86.0000 2 M870
375.7503 290.0000 3 M842
214.3463 159.0000 4 M861
387.0687 476.0000 2 M818
503.8715 402.0000 2 M829
292.9947 131.0000 2 M868
248.0406 100.0000 1 M873
460.1280 388.0000 3 M834
210.6141 138.0000 3 M869
353.2746 172.0000 4 M865
512.9771 353.0000 2 M840
441.8114 366.0000 2 M839
48.5799 2.0000 2 M891
341.6846 81.0000 4 M882
255.9522 265.0000 3 M859
228.9528 257.0000 1 M863
430.0792 199.0000 3 M874
409.3777 133.0000 1 M884
289.0933 385.0000 3 M849
96.2183 8.0000 3 M903
109.1660 71.0000 2 M895
101.6495 146.0000 1 M886
418.3142 146.0000 2 M888
225.5334 74.0000 2 M901
144.0143 41.0000 1 M907
313.7959 123.0000 3 M896
62.8390 2.0000 2 M915
319.5158 280.0000 4 M876
71.0809 3.0000 2 M916
610.2719 556.0000 2 M838
497.4236 467.0000 3 M851
222.2223 50.0000 2 M910
130.3656 48.0000 2 M911
87.9250 181.0000 2 M893
427.0859 246.0000 2 M885
273.1105 416.0000 2 M862
109.4250 15.0000 2 M919
217.5710 253.0000 2 M887
412.7090 534.0000 2 M848
75.3333 2.0000 2 M924
211.1145 253.0000 1 M889
26.4080 1.0000 1 M926
274.8503 252.0000 4 M892
186.7400 101.0000 1 M914
31.3589 1.0000 1 M928
180.5276 114.0000 2 M917
22.3657 1.0000 1 M933
402.1584 195.0000 1 M908
94.8033 1019.0000 3 M793
215.2964 824.0000 1 M821
464.6293 231.0000 1 M904
510.9124 788.0000 2 M828
41.7717 1.0000 1 M939
285.2138 214.0000 3 M909
54.0597 682.0000 2 M844
243.0524 739.0000 2 M836
66.5488 4.0000 3 M941
340.5518 85.0000 3 M929
141.1119 37.0000 3 M936
163.9516 28.0000 4 M938
92.1431 4.0000 3 M942
259.5459 142.0000 1 M922
29.1354 1.0000 1 M944
178.0123 35.0000 4 M940
441.0857 174.0000 4 M920
21.8090 1.0000 1 M945
357.2597 302.0000 3 M902
311.5989 327.0000 3 M899
334.4255 583.0000 2 M864
277.8181 67.0000 3 M937
46.1791 1.0000 1 M947
375.8331 473.0000 1 M880
256.0902 176.0000 1 M925
488.0537 551.0000 2 M872
221.6873 514.0000 2 M878
110.5073 359.0000 2 M900
209.6830 155.0000 2 M930
434.1187 469.0000 1 M890
545.2944 418.0000 2 M897
231.4522 49.0000 3 M952
139.4812 659.0000 1 M866
225.0154 391.0000 1 M906
139.7860 37.0000 3 M957
236.4937 98.0000 1 M949
297.6984 452.0000 2 M898
104.3364 4.0000 3 M962
242.6099 68.0000 2 M954
190.8545 601.0000 2 M879
25.8820 1.0000 1 M964
583.5346 227.0000 2 M932
181.9046 437.0000 4 M905
366.3174 349.0000 1 M918
384.9174 301.0000 2 M927
159.4652 536.0000 3 M894
56.0950 37.0000 2 M966
26.1694 1.0000 1 M977
134.1149 246.0000 2 M943
224.1337 392.0000 2 M923
227.5340 71.0000 1 M969
736.0497 479.0000 3 M913
224.9204 270.0000 3 M946
250.4696 73.0000 1 M975
172.2893 52.0000 1 M978
110.1830 990.0000 4 M845
156.3033 17.0000 3 M983
203.7811 136.0000 1 M967
158.5692 259.0000 4 M951
653.7037 526.0000 1 M912
268.0449 119.0000 1 M970
231.1618 42.0000 4 M982
188.2942 223.0000 2 M958
269.1978 289.0000 3 M950
210.0151 80.0000 3 M979
202.3216 237.0000 4 M959
360.5831 200.0000 3 M965
376.5565 424.0000 1 M934
419.4453 286.0000 2 M956
75.9010 2.0000 2 M997
167.6828 185.0000 2 M972
69.3275 84.0000 3 M987
34.6153 1.0000 1 M999
214.3742 848.0000 1 M883
311.7171 394.0000 3 M948
262.4675 302.0000 2 M961
271.0586 135.0000 3 M990
223.4188 223.0000 2 M980
348.8092 184.0000 1 M986
130.3272 9.0000 4 M1011
69.8279 2.0000 2 M1013
161.4505 57.0000 2 M1006
332.6759 112.0000 2 M998
470.5077 222.0000 3 M984
60.5425 3.0000 3 M1016
530.5395 465.0000 1 M953
385.1595 316.0000 3 M974
45.7313 1.0000 1 M1018
624.4379 228.0000 3 M989
110.4774 71.0000 3 M1012
387.6555 107.0000 2 M1009
321.9407 219.0000 3 M993
247.4429 626.0000 1 M935
230.6597 521.0000 1 M955
309.9581 161.0000 2 M1008
159.4175 715.0000 3 M931
77.7746 20.0000 3 M1030
245.3214 275.0000 2 M995
155.4519 303.0000 2 M992
332.7598 540.0000 3 M960
469.6301 349.0000 3 M988
213.8617 139.0000 2 M1017
614.7275 401.0000 1 M981
416.1534 254.0000 3 M1004
129.8797 31.0000 2 M1036
172.8506 110.0000 3 M1026
487.6409 195.0000 1 M1014
241.6996 300.0000 2 M1000
159.2833 147.0000 4 M1022
78.5504 11.0000 1 M1043
38.4951 1.0000 1 M1045
0.3416 1.0000 1 M1048
191.4571 184.0000 4 M1023
250.6059 905.0000 2 M921
292.3778 84.0000 4 M1037
8.2262 1.0000 1 M1052
176.0503 226.0000 2 M1020
208.3530 68.0000 3 M1046
31.1494 1.0000 1 M1057
66.8926 165.0000 3 M1035
37.7332 1.0000 1 M1059
250.3207 70.0000 1 M1049
170.4691 467.0000 4 M994
267.3731 121.0000 4 M1044
255.9027 77.0000 3 M1051
183.7985 700.0000 2 M963
248.7551 667.0000 2 M968
430.7773 625.0000 2 M976
173.9439 451.0000 3 M1001
36.0610 1.0000 1 M1068
162.9253 437.0000 2 M1007
70.9195 4.0000 3 M1069
285.7333 459.0000 3 M1005
314.5831 351.0000 1 M1021
234.5722 123.0000 4 M1055
205.2688 76.0000 4 M1062
37.6861 1.0000 1 M1073
435.6729 248.0000 1 M1038
400.9942 282.0000 2 M1034
265.5718 75.0000 3 M1064
220.6205 64.0000 1 M1067
217.0822 742.0000 3 M973
159.7634 25.0000 3 M1076
201.7675 148.0000 2 M1063
279.0812 578.0000 2 M1002
103.7729 35.0000 2 M1079
311.1778 292.0000 3 M1042
94.7616 24.0000 2 M1084
72.1701 4.0000 3 M1087
257.9962 732.0000 2 M985
80.9691 3.0000 3 M1089
179.0970 227.0000 3 M1060
349.6154 439.0000 1 M1031
183.2436 65.0000 3 M1085
218.0438 85.0000 2 M1081
233.3907 162.0000 2 M1071
576.1298 495.0000 4 M1025
270.2189 213.0000 2 M1066
126.6323 100.0000 1 M1082
92.6963 550.0000 2 M1019
224.0962 136.0000 4 M1080
47.4457 1.0000 1 M1101
133.0186 53.0000 2 M1094
278.6941 515.0000 2 M1029
206.1062 128.0000 3 M1086
77.4362 761.0000 2 M996
201.7599 344.0000 1 M1056
424.4720 334.0000 1 M1058
197.2861 735.0000 2 M1003
425.8392 692.0000 3 M1010
93.6328 4.0000 2 M1110
218.1188 139.0000 3 M1092
153.1611 30.0000 2 M1108
234.5430 415.0000 1 M1054
290.9983 867.0000 1 M991
317.0873 576.0000 3 M1032
507.2329 508.0000 1 M1041
340.1703 711.0000 1 M1015
62.0440 25.0000 3 M1112
260.9659 243.0000 4 M1083
286.4063 87.0000 2 M1105
106.4947 4.0000 3 M1118
276.5455 222.0000 1 M1088
162.3874 205.0000 4 M1091
61.4512 49.0000 1 M1114
155.0510 193.0000 1 M1095
242.0662 675.0000 1 M1027
26.7501 1.0000 1 M1124
239.2720 119.0000 4 M1106
63.9015 3.0000 2 M1126
397.1825 132.0000 3 M1107
393.8276 120.0000 3 M1109
268.5968 106.0000 3 M1111
410.0608 364.0000 1 M1075
370.3449 240.0000 1 M1093
258.3300 267.0000 4 M1090
290.9139 596.0000 1 M1047
440.1941 196.0000 2 M1104
191.4145 378.0000 3 M1078
181.2487 659.0000 4 M1039
493.7348 492.0000 3 M1065
185.5349 23.0000 4 M1133
32.1719 1.0000 1 M1138
142.9951 46.0000 4 M1132
232.3021 556.0000 2 M1061
406.7752 311.0000 2 M1096
456.7808 141.0000 3 M1120
185.8295 303.0000 3 M1098
293.1355 449.0000 3 M1077
212.6380 148.0000 2 M1121
67.3926 809.0000 4 M1028
248.7783 500.0000 1 M1072
279.1238 324.0000 2 M1097
45.0050 1.0000 1 M1146
248.3977 1229.0000 3 M971
505.3736 319.0000 1 M1102
1.4893 1.0000 1 M1149
559.0512 674.0000 3 M1053
142.1831 221.0000 4 M1117
484.2128 320.0000 1 M1103
658.4888 371.0000 3 M1099
50.4601 2.0000 1 M1157
205.6664 101.0000 2 M1145
70.3846 823.0000 3 M1040
343.7288 246.0000 4 M1125
232.5753 65.0000 2 M1151
31.2025 1.0000 1 M1160
156.2914 775.0000 4 M1050
150.2474 635.0000 1 M1070
229.1626 62.0000 1 M1153
435.4694 268.0000 3 M1123
75.4411 158.0000 2 M1141
187.5764 441.0000 3 M1100
137.5665 261.0000 4 M1128
113.8419 268.0000 1 M1127
56.0034 9.0000 1 M1165
394.2542 266.0000 1 M1129
54.4143 1008.0000 4 M1024
80.3740 946.0000 2 M1033
99.7130 366.0000 2 M1116
477.3937 243.0000 3 M1137
204.3016 183.0000 3 M1148
40.9444 1.0000 1 M1173
414.4046 381.0000 2 M1119
127.5465 385.0000 2 M1122
287.2026 196.0000 3 M1150
143.3820 130.0000 1 M1162
199.6156 28.0000 3 M1176
54.9238 2.0000 2 M1180
65.9396 2.0000 2 M1181
384.0096 190.0000 2 M1156
82.3164 5.0000 2 M1182
259.0155 121.0000 1 M1167
256.8148 766.0000 2 M1074
317.3647 148.0000 3 M1164
11.2208 1.0000 1 M1184
223.2897 109.0000 2 M1170
120.3826 116.0000 1 M1171
364.5896 340.0000 1 M1140
13.7368 1.0000 1 M1187
139.6777 364.0000 4 M1136
223.2181 68.0000 3 M1179
236.7530 154.0000 1 M1168
61.6906 5.0000 3 M1189
149.5870 26.0000 4 M1186
394.7012 316.0000 3 M1147
390.6459 255.0000 1 M1155
105.4059 271.0000 2 M1154
367.7710 440.0000 3 M1130
58.4136 3.0000 2 M1192
252.4292 61.0000 2 M1185
152.1496 366.0000 2 M1144
145.3924 4.0000 4 M1194
432.6473 424.0000 1 M1135
187.7978 121.0000 3 M1178
58.4072 3.0000 3 M1196
54.6260 2.0000 2 M1197
407.2459 459.0000 1 M1134
469.3553 156.0000 3 M1177
78.0867 3.0000 2 M1199
17.3499 1.0000 1 M1202
600.2081 458.0000 4 M1139
173.8257 279.0000 2 M1166
37.8293 1.0000 1 M1205
61.0813 4.0000 1 M1206
151.6384 175.0000 3 M1183
245.1509 244.0000 2 M1174
127.3737 12.0000 3 M1207
104.7319 60.0000 1 M1200
661.4861 362.0000 2 M1159
302.7245 439.0000 1 M1152
250.6586 510.0000 4 M1142
207.4211 180.0000 3 M1188
313.7152 319.0000 4 M1169
262.8824 82.0000 1 M1203
180.2727 155.0000 3 M1195
533.0144 311.0000 3 M1175
8.6811 1.0000 1 M1220
253.8185 348.0000 4 M1172
240.3962 562.0000 3 M1143
400.9740 142.0000 2 M1201
176.2823 97.0000 2 M1208
114.8750 105.0000 1 M1209
375.9502 236.0000 4 M1193
158.7948 54.0000 4 M1218
443.0795 463.0000 4 M1163
301.7881 274.0000 3 M1190
63.4434 3.0000 3 M1231
10.5164 1.0000 1 M1233
227.3056 165.0000 2 M1210
119.4752 43.0000 2 M1227
173.3212 861.0000 3 M1113
107.1602 88.0000 3 M1224
81.2097 4.0000 2 M1237
289.5308 80.0000 2 M1226
148.6180 6.0000 4 M1238
150.8591 35.0000 4 M1235
374.0870 781.0000 2 M1131
27.0399 1.0000 1 M1242
178.7900 207.0000 3 M1214
94.1342 6.0000 3 M1244
515.1003 908.0000 3 M1115
276.3970 222.0000 2 M1213
43.3721 1.0000 1 M1247
28.4245 1.0000 1 M1248
217.6290 224.0000 3 M1219
13.7153 1.0000 1 M1255
300.5111 682.0000 1 M1158
528.9081 302.0000 2 M1212
278.8187 109.0000 4 M1240
231.0446 100.0000 4 M1241
187.3106 669.0000 3 M1161
252.7298 267.0000 2 M1217
16.4770 1.0000 1 M1257
33.2698 1.0000 1 M1261
279.2749 256.0000 1 M1225
228.1374 64.0000 2 M1254
201.7259 74.0000 1 M1253
300.9502 135.0000 4 M1245
257.1849 204.0000 3 M1236
139.4809 302.0000 2 M1221
143.4906 123.0000 4 M1251
84.8642 65.0000 3 M1260
130.4876 47.0000 2 M1262
22.5763 1.0000 1 M1270
321.0906 102.0000 2 M1259
26.4063 1.0000 1 M1277
229.7714 376.0000 1 M1223
70.8211 211.0000 3 M1249
200.2077 454.0000 1 M1215
152.6760 494.0000 3 M1211
143.7902 153.0000 1 M1265
92.8875 45.0000 2 M1281
143.1218 13.0000 4 M1286
183.1280 24.0000 3 M1285
208.2665 353.0000 3 M1239
163.6934 646.0000 3 M1198
408.0303 529.0000 4 M1216
195.3554 712.0000 1 M1191
446.1590 428.0000 2 M1232
176.8845 24.0000 4 M1291
20.8862 1.0000 1 M1296
132.7888 154.0000 3 M1276
205.7497 36.0000 4 M1293
98.7771 5.0000 3 M1299
181.9578 52.0000 1 M1295
624.8797 253.0000 3 M1267
190.8922 487.0000 2 M1234
182.6743 102.0000 1 M1289
205.2258 173.0000 1 M1280
540.1368 714.0000 3 M1204
56.0187 10.0000 1 M1304
125.8661 65.0000 2 M1298
500.2739 463.0000 3 M1243
422.6108 272.0000 3 M1272
262.6920 331.0000 2 M1264
189.8191 104.0000 1 M1297
217.9598 306.0000 2 M1271
437.0199 423.0000 1 M1256
361.3709 347.0000 1 M1268
350.5992 196.0000 3 M1292
120.8711 5.0000 3 M1319
49.1807 1.0000 1 M1321
86.6360 531.0000 3 M1250
279.9695 283.0000 4 M1284
299.4906 72.0000 3 M1314
99.1047 6.0000 2 M1323
190.4794 381.0000 4 M1275
441.9939 367.0000 1 M1278
74.5426 6.0000 4 M1328
394.6453 733.0000 1 M1229
150.7443 110.0000 2 M1318
277.1769 436.0000 2 M1273
139.7494 205.0000 2 M1307
665.6817 569.0000 3 M1258
71.7701 2.0000 2 M1337
670.8525 537.0000 2 M1263
151.2957 315.0000 1 M1294
340.4387 248.0000 2 M1303
197.4605 779.0000 2 M1228
207.4589 819.0000 1 M1222
37.4469 1.0000 1 M1338
479.8160 769.0000 1 M1230
353.0371 199.0000 3 M1311
54.8644 3.0000 2 M1339
153.8162 369.0000 3 M1288
309.7914 408.0000 3 M1283
217.8838 298.0000 1 M1300
171.2801 239.0000 3 M1310
564.4781 227.0000 1 M1312
158.6713 18.0000 3 M1342
262.1850 149.0000 3 M1324
30.5637 1.0000 1 M1346
80.2134 22.0000 3 M1344
453.7343 280.0000 2 M1308
590.8081 594.0000 2 M1266
251.2581 745.0000 3 M1246
86.0158 7.0000 4 M1350
207.4315 130.0000 3 M1332
191.2704 592.0000 3 M1269
313.7898 244.0000 2 M1320
259.4452 150.0000 2 M1334
107.2414 473.0000 3 M1290
400.0586 359.0000 1 M1309
569.4022 207.0000 3 M1331
209.8145 57.0000 4 M1355
181.6937 37.0000 4 M1361
71.4774 63.0000 3 M1360
611.0620 405.0000 1 M1313
3.9111 1.0000 1 M1369
174.2262 387.0000 1 M1317
478.4232 294.0000 3 M1330
532.2858 622.0000 3 M1287
324.7614 487.0000 2 M1306
113.1201 204.0000 3 M1349
480.8265 258.0000 2 M1341
275.4048 685.0000 2 M1282
505.6264 347.0000 1 M1329
298.7960 104.0000 3 M1363
401.4952 529.0000 1 M1305
210.6727 408.0000 2 M1322
21.4707 1.0000 1 M1379
175.7885 577.0000 3 M1301
220.1413 576.0000 3 M1302
322.6648 271.0000 2 M1345
1.3036 1.0000 1 M1382
566.1801 362.0000 3 M1333
514.8791 225.0000 2 M1354
274.6182 102.0000 3 M1371
348.2045 771.0000 3 M1279
67.8128 2.0000 2 M1386
313.4777 150.0000 4 M1367
41.7443 1.0000 1 M1387
218.0166 226.0000 2 M1358
634.3603 242.0000 3 M1356
110.5167 5.0000 3 M1389
262.5754 843.0000 2 M1274
361.7325 552.0000 4 M1316
547.1677 417.0000 2 M1336
188.9980 33.0000 4 M1388
330.4082 259.0000 2 M1359
211.4624 97.0000 1 M1381
293.4905 218.0000 2 M1368
629.9333 526.0000 3 M1325
144.1356 427.0000 1 M1340
189.7601 95.0000 4 M1385
301.5120 108.0000 3 M1384
213.3817 59.0000 3 M1391
528.5455 269.0000 4 M1364
344.7606 289.0000 1 M1362
41.6075 1.0000 1 M1402
338.6400 183.0000 3 M1377
232.3788 190.0000 3 M1376
167.7215 367.0000 4 M1353
194.5002 165.0000 2 M1380
328.2170 551.0000 2 M1327
596.2807 411.0000 4 M1348
22.9618 1.0000 1 M1404
41.3550 1.0000 1 M1406
97.9087 268.0000 3 M1373
344.8933 333.0000 2 M1365
185.4736 -1.0000 -1 M1378
67.0150 -1.0000 -1 M1411
111.9147 -1.0000 -1 M1335
346.6963 -1.0000 -1 M1374
512.1057 -1.0000 -1 M1375
113.0620 -1.0000 -1 M1410
242.2005 -1.0000 -1 M1370
430.9104 -1.0000 -1 M1372
79.4816 -1.0000 -1 M1252
560.0446 -1.0000 -1 M1347
421.8083 -1.0000 -1 M1343
333.6815 -1.0000 -1 M1383
335.7295 -1.0000 -1 M1357
80.3859 -1.0000 -1 M1315
267.4231 -1.0000 -1 M1390
293.7364 -1.0000 -1 M1352
349.7894 -1.0000 -1 M1396
336.9962 -1.0000 -1 M1397
69.0707 -1.0000 -1 M1398
298.0886 -1.0000 -1 M1399
302.0530 -1.0000 -1 M1392
296.1385 -1.0000 -1 M1393
192.8068 -1.0000 -1 M1394
121.7722 -1.0000 -1 M1351
177.3016 -1.0000 -1 M1395
327.5553 -1.0000 -1 M1405
410.8177 -1.0000 -1 M1407
315.1845 -1.0000 -1 M1400
528.9049 -1.0000 -1 M1401
173.0496 -1.0000 -1 M1326
426.3971 -1.0000 -1 M1403
413.2543 -1.0000 -1 M1408
308.2981 -1.0000 -1 M1409
288.2074 -1.0000 -1 M1366
