# time  created  delivered  delivered/created
7.0000 1 0 0.0000
16.0000 2 0 0.0000
21.0000 3 0 0.0000
29.0000 4 0 0.0000
37.0000 5 0 0.0000
44.0000 6 0 0.0000
50.0000 7 0 0.0000
58.0000 8 0 0.0000
66.0000 9 0 0.0000
71.0000 10 0 0.0000
79.0000 11 0 0.0000
81.0000 11 1 0.0909
81.0000 11 2 0.1818
84.0000 11 3 0.2727
85.0000 12 3 0.2500
91.0000 13 3 0.2308
97.0000 14 3 0.2143
105.0000 15 3 0.2000
112.0000 16 3 0.1875
121.0000 17 3 0.1765
121.0000 17 4 0.2353
128.0000 18 4 0.2222
134.0000 19 4 0.2105
141.0000 20 4 0.2000
141.0000 20 5 0.2500
149.0000 21 5 0.2381
155.0000 22 5 0.2273
163.0000 23 5 0.2174
164.0000 23 6 0.2609
168.0000 24 6 0.2500
177.0000 25 6 0.2400
182.0000 26 6 0.2308
184.0000 26 7 0.2692
188.0000 27 7 0.2593
193.0000 28 7 0.2500
199.0000 29 7 0.2414
204.0000 30 7 0.2333
213.0000 31 7 0.2258
219.0000 32 7 0.2188
224.0000 32 8 0.2500
228.0000 33 8 0.2424
235.0000 34 8 0.2353
244.0000 35 8 0.2286
251.0000 36 8 0.2222
253.0000 36 9 0.2500
259.0000 37 9 0.2432
260.0000 37 10 0.2703
268.0000 38 10 0.2632
276.0000 39 10 0.2564
284.0000 40 10 0.2500
285.0000 40 11 0.2750
293.0000 41 11 0.2683
297.0000 41 12 0.2927
300.0000 42 12 0.2857
305.0000 43 12 0.2791
310.0000 44 12 0.2727
315.0000 45 12 0.2667
322.0000 45 13 0.2889
323.0000 46 13 0.2826
330.0000 47 13 0.2766
336.0000 48 13 0.2708
339.0000 48 14 0.2917
343.0000 49 14 0.2857
344.0000 49 15 0.3061
352.0000 50 15 0.3000
357.0000 51 15 0.2941
357.0000 51 16 0.3137
365.0000 52 16 0.3077
369.0000 52 17 0.3269
371.0000 53 17 0.3208
378.0000 54 17 0.3148
386.0000 55 17 0.3091
390.0000 55 18 0.3273
392.0000 56 18 0.3214
393.0000 56 19 0.3393
399.0000 57 19 0.3333
401.0000 57 20 0.3509
406.0000 58 20 0.3448
406.0000 58 21 0.3621
411.0000 58 22 0.3793
415.0000 59 22 0.3729
420.0000 60 22 0.3667
427.0000 61 22 0.3607
435.0000 62 22 0.3548
438.0000 62 23 0.3710
441.0000 63 23 0.3651
445.0000 63 24 0.3810
449.0000 64 24 0.3750
452.0000 64 25 0.3906
454.0000 65 25 0.3846
462.0000 66 25 0.3788
468.0000 66 26 0.3939
470.0000 67 26 0.3881
473.0000 67 27 0.4030
478.0000 68 27 0.3971
487.0000 69 27 0.3913
491.0000 69 28 0.4058
493.0000 70 28 0.4000
498.0000 71 28 0.3944
507.0000 72 28 0.3889
512.0000 73 28 0.3836
516.0000 73 29 0.3973
519.0000 74 29 0.3919
524.0000 75 29 0.3867
529.0000 75 30 0.4000
532.0000 75 31 0.4133
533.0000 76 31 0.4079
536.0000 76 32 0.4211
537.0000 76 33 0.4342
539.0000 77 33 0.4286
548.0000 78 33 0.4231
555.0000 79 33 0.4177
563.0000 80 33 0.4125
572.0000 81 33 0.4074
572.0000 81 34 0.4198
581.0000 82 34 0.4146
583.0000 82 35 0.4268
590.0000 83 35 0.4217
599.0000 84 35 0.4167
606.0000 85 35 0.4118
609.0000 85 36 0.4235
610.0000 85 37 0.4353
611.0000 85 38 0.4471
615.0000 86 38 0.4419
621.0000 87 38 0.4368
623.0000 87 39 0.4483
627.0000 88 39 0.4432
629.0000 88 40 0.4545
631.0000 88 41 0.4659
636.0000 89 41 0.4607
638.0000 89 42 0.4719
643.0000 90 42 0.4667
647.0000 90 43 0.4778
650.0000 91 43 0.4725
659.0000 92 43 0.4674
665.0000 92 44 0.4783
668.0000 93 44 0.4731
672.0000 93 45 0.4839
676.0000 94 45 0.4787
676.0000 94 46 0.4894
678.0000 94 47 0.5000
681.0000 95 47 0.4947
689.0000 96 47 0.4896
694.0000 97 47 0.4845
698.0000 97 48 0.4948
700.0000 97 49 0.5052
701.0000 98 49 0.5000
706.0000 99 49 0.4949
714.0000 100 49 0.4900
721.0000 101 49 0.4851
721.0000 101 50 0.4950
722.0000 101 51 0.5050
723.0000 101 52 0.5149
723.0000 101 53 0.5248
727.0000 101 54 0.5347
729.0000 102 54 0.5294
732.0000 102 55 0.5392
734.0000 103 55 0.5340
734.0000 103 56 0.5437
741.0000 104 56 0.5385
748.0000 105 56 0.5333
748.0000 105 57 0.5429
753.0000 106 57 0.5377
761.0000 107 57 0.5327
769.0000 108 57 0.5278
774.0000 109 57 0.5229
778.0000 109 58 0.5321
780.0000 109 59 0.5413
781.0000 110 59 0.5364
781.0000 110 60 0.5455
788.0000 110 61 0.5545
789.0000 111 61 0.5495
794.0000 112 61 0.5446
794.0000 112 62 0.5536
796.0000 112 63 0.5625
797.0000 112 64 0.5714
797.0000 112 65 0.5804
798.0000 112 66 0.5893
799.0000 112 67 0.5982
800.0000 113 67 0.5929
804.0000 113 68 0.6018
807.0000 114 68 0.5965
815.0000 115 68 0.5913
815.0000 115 69 0.6000
821.0000 116 69 0.5948
822.0000 116 70 0.6034
826.0000 117 70 0.5983
829.0000 117 71 0.6068
834.0000 118 71 0.6017
839.0000 119 71 0.5966
843.0000 119 72 0.6050
848.0000 120 72 0.6000
854.0000 121 72 0.5950
857.0000 121 73 0.6033
860.0000 121 74 0.6116
863.0000 122 74 0.6066
863.0000 122 75 0.6148
865.0000 122 76 0.6230
871.0000 123 76 0.6179
877.0000 124 76 0.6129
878.0000 124 77 0.6210
883.0000 125 77 0.6160
890.0000 126 77 0.6111
894.0000 126 78 0.6190
896.0000 127 78 0.6142
903.0000 128 78 0.6094
908.0000 129 78 0.6047
914.0000 130 78 0.6000
919.0000 130 79 0.6077
919.0000 130 80 0.6154
921.0000 131 80 0.6107
921.0000 131 81 0.6183
921.0000 131 82 0.6260
928.0000 131 83 0.6336
929.0000 132 83 0.6288
930.0000 132 84 0.6364
933.0000 132 85 0.6439
934.0000 133 85 0.6391
935.0000 133 86 0.6466
936.0000 133 87 0.6541
941.0000 134 87 0.6493
946.0000 134 88 0.6567
948.0000 135 88 0.6519
949.0000 135 89 0.6593
953.0000 135 90 0.6667
955.0000 136 90 0.6618
962.0000 137 90 0.6569
964.0000 137 91 0.6642
964.0000 137 92 0.6715
966.0000 137 93 0.6788
968.0000 138 93 0.6739
974.0000 139 93 0.6691
976.0000 139 94 0.6763
979.0000 140 94 0.6714
988.0000 141 94 0.6667
993.0000 142 94 0.6620
998.0000 143 94 0.6573
1003.0000 144 94 0.6528
1012.0000 145 94 0.6483
1019.0000 146 94 0.6438
1021.0000 146 95 0.6507
1022.0000 146 96 0.6575
1025.0000 147 96 0.6531
1026.0000 147 97 0.6599
1032.0000 148 97 0.6554
1033.0000 148 98 0.6622
1040.0000 149 98 0.6577
1047.0000 150 98 0.6533
1053.0000 150 99 0.6600
1056.0000 151 99 0.6556
1057.0000 151 100 0.6623
1065.0000 152 100 0.6579
1069.0000 152 101 0.6645
1069.0000 152 102 0.6711
1071.0000 152 103 0.6776
1074.0000 153 103 0.6732
1075.0000 153 104 0.6797
1081.0000 154 104 0.6753
1086.0000 154 105 0.6818
1088.0000 154 106 0.6883
1090.0000 155 106 0.6839
1096.0000 156 106 0.6795
1101.0000 157 106 0.6752
1102.0000 157 107 0.6815
1107.0000 157 108 0.6879
1108.0000 158 108 0.6835
1112.0000 158 109 0.6899
1116.0000 159 109 0.6855
1117.0000 159 110 0.6918
1123.0000 160 110 0.6875
1129.0000 161 110 0.6832
1131.0000 161 111 0.6894
1136.0000 162 111 0.6852
1143.0000 163 111 0.6810
1152.0000 164 111 0.6768
1154.0000 164 112 0.6829
1161.0000 165 112 0.6788
1167.0000 165 113 0.6848
1170.0000 166 113 0.6807
1177.0000 167 113 0.6766
1177.0000 167 114 0.6826
1182.0000 168 114 0.6786
1189.0000 169 114 0.6746
1192.0000 169 115 0.6805
1195.0000 170 115 0.6765
1200.0000 171 115 0.6725
1200.0000 171 116 0.6784
1204.0000 171 117 0.6842
1204.0000 171 118 0.6901
1206.0000 172 118 0.6860
1206.0000 172 119 0.6919
1208.0000 172 120 0.6977
1213.0000 172 121 0.7035
1215.0000 173 121 0.6994
1217.0000 173 122 0.7052
1223.0000 174 122 0.7011
1228.0000 175 122 0.6971
1231.0000 175 123 0.7029
1232.0000 175 124 0.7086
1233.0000 176 124 0.7045
1242.0000 177 124 0.7006
1242.0000 177 125 0.7062
1247.0000 178 125 0.7022
1249.0000 178 126 0.7079
1253.0000 179 126 0.7039
1258.0000 179 127 0.7095
1260.0000 179 128 0.7151
1262.0000 180 128 0.7111
1267.0000 181 128 0.7072
1268.0000 181 129 0.7127
1270.0000 181 130 0.7182
1273.0000 182 130 0.7143
1281.0000 183 130 0.7104
1282.0000 183 131 0.7158
1283.0000 183 132 0.7213
1288.0000 184 132 0.7174
1294.0000 185 132 0.7135
1294.0000 185 133 0.7189
1300.0000 186 133 0.7151
1300.0000 186 134 0.7204
1302.0000 186 135 0.7258
1306.0000 186 136 0.7312
1306.0000 186 137 0.7366
1307.0000 187 137 0.7326
1310.0000 187 138 0.7380
1312.0000 187 139 0.7433
1313.0000 188 139 0.7394
1314.0000 188 140 0.7447
1317.0000 188 141 0.7500
1319.0000 189 141 0.7460
1324.0000 189 142 0.7513
1327.0000 190 142 0.7474
1330.0000 190 143 0.7526
1333.0000 190 144 0.7579
1336.0000 191 144 0.7539
1336.0000 191 145 0.7592
1344.0000 192 145 0.7552
1348.0000 192 146 0.7604
1349.0000 193 146 0.7565
1350.0000 193 147 0.7617
1352.0000 193 148 0.7668
1353.0000 193 149 0.7720
1356.0000 193 150 0.7772
1358.0000 194 150 0.7732
1359.0000 194 151 0.7784
1366.0000 195 151 0.7744
1372.0000 196 151 0.7704
1377.0000 197 151 0.7665
1377.0000 197 152 0.7716
1379.0000 197 153 0.7766
1381.0000 197 154 0.7817
1383.0000 198 154 0.7778
1389.0000 199 154 0.7739
1389.0000 199 155 0.7789
1390.0000 199 156 0.7839
1392.0000 199 157 0.7889
1392.0000 199 158 0.7940
1393.0000 199 159 0.7990
1394.0000 200 159 0.7950
1398.0000 200 160 0.8000
1399.0000 200 161 0.8050
1403.0000 201 161 0.8010
1407.0000 201 162 0.8060
1409.0000 201 163 0.8109
1411.0000 202 163 0.8069
1411.0000 202 164 0.8119
1413.0000 202 165 0.8168
1420.0000 203 165 0.8128
1424.0000 203 166 0.8177
1425.0000 203 167 0.8227
1427.0000 203 168 0.8276
1428.0000 204 168 0.8235
1429.0000 204 169 0.8284
1430.0000 204 170 0.8333
1431.0000 204 171 0.8382
1433.0000 204 172 0.8431
1435.0000 204 173 0.8480
1437.0000 205 173 0.8439
1437.0000 205 174 0.8488
1438.0000 205 175 0.8537
1439.0000 205 176 0.8585
1440.0000 205 177 0.8634
1442.0000 205 178 0.8683
1443.0000 205 179 0.8732
1445.0000 205 180 0.8780
1446.0000 206 180 0.8738
1455.0000 207 180 0.8696
1464.0000 208 180 0.8654
1465.0000 208 181 0.8702
1469.0000 209 181 0.8660
1475.0000 209 182 0.8708
1475.0000 209 183 0.8756
1476.0000 210 183 0.8714
1478.0000 210 184 0.8762
1485.0000 211 184 0.8720
1487.0000 211 185 0.8768
1487.0000 211 186 0.8815
1488.0000 211 187 0.8863
1491.0000 211 188 0.8910
1492.0000 212 188 0.8868
1499.0000 213 188 0.8826
1506.0000 214 188 0.8785
1508.0000 214 189 0.8832
1512.0000 214 190 0.8879
1515.0000 215 190 0.8837
1522.0000 216 190 0.8796
1531.0000 217 190 0.8756
1537.0000 218 190 0.8716
1537.0000 218 191 0.8761
1540.0000 218 192 0.8807
1545.0000 219 192 0.8767
1553.0000 220 192 0.8727
1560.0000 221 192 0.8688
1562.0000 221 193 0.8733
1568.0000 222 193 0.8694
1575.0000 223 193 0.8655
1580.0000 224 193 0.8616
1581.0000 224 194 0.8661
1586.0000 225 194 0.8622
1590.0000 225 195 0.8667
1593.0000 226 195 0.8628
1599.0000 227 195 0.8590
1601.0000 227 196 0.8634
1606.0000 228 196 0.8596
1613.0000 228 197 0.8640
1614.0000 229 197 0.8603
1622.0000 230 197 0.8565
1628.0000 231 197 0.8528
1634.0000 232 197 0.8491
1642.0000 233 197 0.8455
1651.0000 234 197 0.8419
1655.0000 234 198 0.8462
1656.0000 235 198 0.8426
1663.0000 235 199 0.8468
1664.0000 236 199 0.8432
1670.0000 237 199 0.8397
1675.0000 238 199 0.8361
1681.0000 239 199 0.8326
1685.0000 239 200 0.8368
1688.0000 240 200 0.8333
1688.0000 240 201 0.8375
1694.0000 240 202 0.8417
1697.0000 241 202 0.8382
1697.0000 241 203 0.8423
1698.0000 241 204 0.8465
1706.0000 242 204 0.8430
1711.0000 243 204 0.8395
1716.0000 244 204 0.8361
1725.0000 245 204 0.8327
1730.0000 246 204 0.8293
1731.0000 246 205 0.8333
1737.0000 247 205 0.8300
1740.0000 247 206 0.8340
1744.0000 248 206 0.8306
1749.0000 249 206 0.8273
1758.0000 250 206 0.8240
1760.0000 250 207 0.8280
1764.0000 251 207 0.8247
1769.0000 251 208 0.8287
1771.0000 252 208 0.8254
1780.0000 253 208 0.8221
1787.0000 254 208 0.8189
1795.0000 255 208 0.8157
1801.0000 255 209 0.8196
1801.0000 255 210 0.8235
1803.0000 256 210 0.8203
1810.0000 257 210 0.8171
1817.0000 258 210 0.8140
1818.0000 258 211 0.8178
1819.0000 258 212 0.8217
1826.0000 259 212 0.8185
1829.0000 259 213 0.8224
1832.0000 259 214 0.8263
1835.0000 260 214 0.8231
1837.0000 260 215 0.8269
1844.0000 261 215 0.8238
1850.0000 262 215 0.8206
1859.0000 263 215 0.8175
1862.0000 263 216 0.8213
1864.0000 263 217 0.8251
1866.0000 264 217 0.8220
1866.0000 264 218 0.8258
1875.0000 265 218 0.8226
1878.0000 265 219 0.8264
1882.0000 266 219 0.8233
1883.0000 266 220 0.8271
1890.0000 267 220 0.8240
1891.0000 267 221 0.8277
1896.0000 268 221 0.8246
1901.0000 268 222 0.8284
1902.0000 269 222 0.8253
1904.0000 269 223 0.8290
1905.0000 269 224 0.8327
1908.0000 269 225 0.8364
1910.0000 270 225 0.8333
1911.0000 270 226 0.8370
1913.0000 270 227 0.8407
1919.0000 271 227 0.8376
1923.0000 271 228 0.8413
1925.0000 271 229 0.8450
1926.0000 272 229 0.8419
1926.0000 272 230 0.8456
1930.0000 272 231 0.8493
1930.0000 272 232 0.8529
1932.0000 273 232 0.8498
1936.0000 273 233 0.8535
1938.0000 273 234 0.8571
1939.0000 274 234 0.8540
1940.0000 274 235 0.8577
1941.0000 274 236 0.8613
1942.0000 274 237 0.8650
1946.0000 275 237 0.8618
1952.0000 276 237 0.8587
1952.0000 276 238 0.8623
1954.0000 276 239 0.8659
1958.0000 277 239 0.8628
1958.0000 277 240 0.8664
1965.0000 277 241 0.8700
1966.0000 278 241 0.8669
1967.0000 278 242 0.8705
1969.0000 278 243 0.8741
1971.0000 279 243 0.8710
1974.0000 279 244 0.8746
1975.0000 279 245 0.8781
1976.0000 280 245 0.8750
1977.0000 280 246 0.8786
1978.0000 280 247 0.8821
1984.0000 281 247 0.8790
1990.0000 282 247 0.8759
1999.0000 283 247 0.8728
2004.0000 284 247 0.8697
2010.0000 285 247 0.8667
2011.0000 285 248 0.8702
2018.0000 286 248 0.8671
2022.0000 286 249 0.8706
2024.0000 287 249 0.8676
2028.0000 287 250 0.8711
2031.0000 288 250 0.8681
2033.0000 288 251 0.8715
2035.0000 288 252 0.8750
2039.0000 289 252 0.8720
2040.0000 289 253 0.8754
2044.0000 289 254 0.8789
2045.0000 290 254 0.8759
2046.0000 290 255 0.8793
2049.0000 290 256 0.8828
2053.0000 291 256 0.8797
2057.0000 291 257 0.8832
2059.0000 292 257 0.8801
2066.0000 293 257 0.8771
2068.0000 293 258 0.8805
2074.0000 294 258 0.8776
2083.0000 295 258 0.8746
2086.0000 295 259 0.8780
2089.0000 296 259 0.8750
2098.0000 297 259 0.8721
2099.0000 297 260 0.8754
2101.0000 297 261 0.8788
2101.0000 297 262 0.8822
2107.0000 298 262 0.8792
2108.0000 298 263 0.8826
2114.0000 299 263 0.8796
2116.0000 299 264 0.8829
2119.0000 300 264 0.8800
2120.0000 300 265 0.8833
2125.0000 300 266 0.8867
2127.0000 301 266 0.8837
2135.0000 302 266 0.8808
2143.0000 302 267 0.8841
2144.0000 303 267 0.8812
2149.0000 304 267 0.8783
2156.0000 305 267 0.8754
2164.0000 306 267 0.8725
2166.0000 306 268 0.8758
2168.0000 306 269 0.8791
2170.0000 307 269 0.8762
2171.0000 307 270 0.8795
2177.0000 308 270 0.8766
2182.0000 308 271 0.8799
2184.0000 309 271 0.8770
2187.0000 309 272 0.8803
2187.0000 309 273 0.8835
2192.0000 310 273 0.8806
2193.0000 310 274 0.8839
2198.0000 311 274 0.8810
2203.0000 312 274 0.8782
2210.0000 313 274 0.8754
2211.0000 313 275 0.8786
2212.0000 313 276 0.8818
2217.0000 314 276 0.8790
2218.0000 314 277 0.8822
2223.0000 315 277 0.8794
2225.0000 315 278 0.8825
2228.0000 316 278 0.8797
2230.0000 316 279 0.8829
2237.0000 317 279 0.8801
2245.0000 318 279 0.8774
2250.0000 318 280 0.8805
2253.0000 319 280 0.8777
2256.0000 319 281 0.8809
2259.0000 320 281 0.8781
2260.0000 320 282 0.8813
2265.0000 321 282 0.8785
2266.0000 321 283 0.8816
2269.0000 321 284 0.8847
2273.0000 322 284 0.8820
2274.0000 322 285 0.8851
2275.0000 322 286 0.8882
2276.0000 322 287 0.8913
2278.0000 323 287 0.8885
2285.0000 324 287 0.8858
2286.0000 324 288 0.8889
2287.0000 324 289 0.8920
2288.0000 324 290 0.8951
2289.0000 324 291 0.8981
2292.0000 325 291 0.8954
2293.0000 325 292 0.8985
2299.0000 325 293 0.9015
2300.0000 325 294 0.9046
2301.0000 326 294 0.9018
2306.0000 326 295 0.9049
2307.0000 327 295 0.9021
2315.0000 327 296 0.9052
2316.0000 328 296 0.9024
2323.0000 329 296 0.8997
2329.0000 330 296 0.8970
2331.0000 330 297 0.9000
2333.0000 330 298 0.9030
2334.0000 331 298 0.9003
2338.0000 331 299 0.9033
2342.0000 332 299 0.9006
2350.0000 333 299 0.8979
2352.0000 333 300 0.9009
2357.0000 334 300 0.8982
2361.0000 334 301 0.9012
2361.0000 334 302 0.9042
2363.0000 335 302 0.9015
2363.0000 335 303 0.9045
2365.0000 335 304 0.9075
2372.0000 336 304 0.9048
2378.0000 337 304 0.9021
2383.0000 337 305 0.9050
2384.0000 337 306 0.9080
2386.0000 337 307 0.9110
2387.0000 338 307 0.9083
2392.0000 339 307 0.9056
2394.0000 339 308 0.9086
2401.0000 340 308 0.9059
2403.0000 340 309 0.9088
2409.0000 341 309 0.9062
2409.0000 341 310 0.9091
2412.0000 341 311 0.9120
2417.0000 342 311 0.9094
2422.0000 343 311 0.9067
2424.0000 343 312 0.9096
2430.0000 343 313 0.9125
2431.0000 344 313 0.9099
2439.0000 345 313 0.9072
2445.0000 346 313 0.9046
2449.0000 346 314 0.9075
2451.0000 347 314 0.9049
2457.0000 347 315 0.9078
2460.0000 348 315 0.9052
2465.0000 348 316 0.9080
2467.0000 349 316 0.9054
2475.0000 350 316 0.9029
2481.0000 351 316 0.9003
2487.0000 351 317 0.9031
2488.0000 352 317 0.9006
2494.0000 352 318 0.9034
2497.0000 353 318 0.9008
2505.0000 354 318 0.8983
2510.0000 355 318 0.8958
2510.0000 355 319 0.8986
2511.0000 355 320 0.9014
2513.0000 355 321 0.9042
2516.0000 356 321 0.9017
2523.0000 356 322 0.9045
2525.0000 357 322 0.9020
2534.0000 358 322 0.8994
2540.0000 359 322 0.8969
2547.0000 360 322 0.8944
2552.0000 361 322 0.8920
2560.0000 362 322 0.8895
2563.0000 362 323 0.8923
2567.0000 362 324 0.8950
2568.0000 363 324 0.8926
2569.0000 363 325 0.8953
2571.0000 363 326 0.8981
2573.0000 364 326 0.8956
2574.0000 364 327 0.8984
2579.0000 365 327 0.8959
2581.0000 365 328 0.8986
2585.0000 366 328 0.8962
2589.0000 366 329 0.8989
2592.0000 367 329 0.8965
2594.0000 367 330 0.8992
2598.0000 368 330 0.8967
2603.0000 369 330 0.8943
2608.0000 370 330 0.8919
2610.0000 370 331 0.8946
2613.0000 370 332 0.8973
2614.0000 371 332 0.8949
2620.0000 372 332 0.8925
2624.0000 372 333 0.8952
2626.0000 373 333 0.8928
2631.0000 374 333 0.8904
2635.0000 374 334 0.8930
2639.0000 375 334 0.8907
2644.0000 376 334 0.8883
2646.0000 376 335 0.8910
2648.0000 376 336 0.8936
2650.0000 376 337 0.8963
2650.0000 376 338 0.8989
2652.0000 377 338 0.8966
2657.0000 378 338 0.8942
2665.0000 379 338 0.8918
2670.0000 379 339 0.8945
2673.0000 380 339 0.8921
2675.0000 380 340 0.8947
2681.0000 381 340 0.8924
2690.0000 382 340 0.8901
2692.0000 382 341 0.8927
2694.0000 382 342 0.8953
2694.0000 382 343 0.8979
2697.0000 382 344 0.9005
2699.0000 383 344 0.8982
2701.0000 383 345 0.9008
2704.0000 383 346 0.9034
2705.0000 383 347 0.9060
2708.0000 384 347 0.9036
2714.0000 385 347 0.9013
2715.0000 385 348 0.9039
2716.0000 385 349 0.9065
2720.0000 385 350 0.9091
2722.0000 386 350 0.9067
2728.0000 386 351 0.9093
2729.0000 387 351 0.9070
2731.0000 387 352 0.9096
2734.0000 388 352 0.9072
2743.0000 389 352 0.9049
2747.0000 389 353 0.9075
2748.0000 390 353 0.9051
2750.0000 390 354 0.9077
2750.0000 390 355 0.9103
2752.0000 390 356 0.9128
2752.0000 390 357 0.9154
2757.0000 391 357 0.9130
2762.0000 391 358 0.9156
2764.0000 392 358 0.9133
2766.0000 392 359 0.9158
2766.0000 392 360 0.9184
2770.0000 393 360 0.9160
2774.0000 393 361 0.9186
2776.0000 393 362 0.9211
2777.0000 394 362 0.9188
2785.0000 395 362 0.9165
2786.0000 395 363 0.9190
2787.0000 395 364 0.9215
2790.0000 396 364 0.9192
2793.0000 396 365 0.9217
2797.0000 397 365 0.9194
2805.0000 398 365 0.9171
2809.0000 398 366 0.9196
2813.0000 399 366 0.9173
2815.0000 399 367 0.9198
2821.0000 400 367 0.9175
2829.0000 401 367 0.9152
2834.0000 402 367 0.9129
2836.0000 402 368 0.9154
2837.0000 402 369 0.9179
2842.0000 403 369 0.9156
2843.0000 403 370 0.9181
2847.0000 404 370 0.9158
2850.0000 404 371 0.9183
2852.0000 405 371 0.9160
2852.0000 405 372 0.9185
2857.0000 406 372 0.9163
2861.0000 406 373 0.9187
2863.0000 407 373 0.9165
2865.0000 407 374 0.9189
2872.0000 408 374 0.9167
2881.0000 409 374 0.9144
2887.0000 410 374 0.9122
2896.0000 411 374 0.9100
2896.0000 411 375 0.9124
2903.0000 411 376 0.9148
2904.0000 412 376 0.9126
2908.0000 412 377 0.9150
2911.0000 413 377 0.9128
2916.0000 414 377 0.9106
2922.0000 415 377 0.9084
2924.0000 415 378 0.9108
2926.0000 415 379 0.9133
2927.0000 416 379 0.9111
2928.0000 416 380 0.9135
2929.0000 416 381 0.9159
2932.0000 416 382 0.9183
2936.0000 417 382 0.9161
2942.0000 418 382 0.9139
2951.0000 419 382 0.9117
2956.0000 420 382 0.9095
2961.0000 421 382 0.9074
2963.0000 421 383 0.9097
2963.0000 421 384 0.9121
2969.0000 421 385 0.9145
2969.0000 421 386 0.9169
2970.0000 422 386 0.9147
2974.0000 422 387 0.9171
2975.0000 423 387 0.9149
2976.0000 423 388 0.9173
2977.0000 423 389 0.9196
2979.0000 423 390 0.9220
2984.0000 424 390 0.9198
2985.0000 424 391 0.9222
2985.0000 424 392 0.9245
2987.0000 424 393 0.9269
2990.0000 424 394 0.9292
2990.0000 424 395 0.9316
2991.0000 425 395 0.9294
3000.0000 426 395 0.9272
3006.0000 426 396 0.9296
3007.0000 426 397 0.9319
3008.0000 427 397 0.9297
3009.0000 427 398 0.9321
3012.0000 427 399 0.9344
3012.0000 427 400 0.9368
3017.0000 428 400 0.9346
3017.0000 428 401 0.9369
3018.0000 428 402 0.9393
3019.0000 428 403 0.9416
3021.0000 428 404 0.9439
3025.0000 429 404 0.9417
3034.0000 430 404 0.9395
3040.0000 431 404 0.9374
3041.0000 431 405 0.9397
3042.0000 431 406 0.9420
3045.0000 431 407 0.9443
3046.0000 432 407 0.9421
3048.0000 432 408 0.9444
3051.0000 433 408 0.9423
3052.0000 433 409 0.9446
3060.0000 434 409 0.9424
3065.0000 434 410 0.9447
3067.0000 435 410 0.9425
3073.0000 436 410 0.9404
3077.0000 436 411 0.9427
3080.0000 437 411 0.9405
3082.0000 437 412 0.9428
3085.0000 438 412 0.9406
3085.0000 438 413 0.9429
3086.0000 438 414 0.9452
3088.0000 438 415 0.9475
3088.0000 438 416 0.9498
3091.0000 439 416 0.9476
3097.0000 440 416 0.9455
3097.0000 440 417 0.9477
3106.0000 441 417 0.9456
3111.0000 441 418 0.9478
3114.0000 442 418 0.9457
3121.0000 442 419 0.9480
3123.0000 443 419 0.9458
3131.0000 444 419 0.9437
3138.0000 445 419 0.9416
3141.0000 445 420 0.9438
3142.0000 445 421 0.9461
3144.0000 446 421 0.9439
3145.0000 446 422 0.9462
3146.0000 446 423 0.9484
3151.0000 447 423 0.9463
3156.0000 447 424 0.9485
3157.0000 447 425 0.9508
3159.0000 448 425 0.9487
3161.0000 448 426 0.9509
3165.0000 448 427 0.9531
3166.0000 449 427 0.9510
3175.0000 450 427 0.9489
3176.0000 450 428 0.9511
3184.0000 451 428 0.9490
3189.0000 452 428 0.9469
3189.0000 452 429 0.9491
3190.0000 452 430 0.9513
3197.0000 453 430 0.9492
3203.0000 453 431 0.9514
3204.0000 454 431 0.9493
3211.0000 455 431 0.9473
3214.0000 455 432 0.9495
3218.0000 456 432 0.9474
3221.0000 456 433 0.9496
3227.0000 457 433 0.9475
3236.0000 458 433 0.9454
3236.0000 458 434 0.9476
3242.0000 459 434 0.9455
3243.0000 459 435 0.9477
3251.0000 460 435 0.9457
3252.0000 460 436 0.9478
3257.0000 460 437 0.9500
3258.0000 461 437 0.9479
3266.0000 462 437 0.9459
3268.0000 462 438 0.9481
3270.0000 462 439 0.9502
3274.0000 463 439 0.9482
3278.0000 463 440 0.9503
3278.0000 463 441 0.9525
3280.0000 463 442 0.9546
3282.0000 464 442 0.9526
3291.0000 465 442 0.9505
3298.0000 466 442 0.9485
3298.0000 466 443 0.9506
3303.0000 467 443 0.9486
3309.0000 468 443 0.9466
3311.0000 468 444 0.9487
3314.0000 468 445 0.9509
3318.0000 469 445 0.9488
3320.0000 469 446 0.9510
3324.0000 470 446 0.9489
3328.0000 470 447 0.9511
3330.0000 471 447 0.9490
3334.0000 471 448 0.9512
3336.0000 471 449 0.9533
3338.0000 472 449 0.9513
3340.0000 472 450 0.9534
3344.0000 473 450 0.9514
3351.0000 474 450 0.9494
3356.0000 475 450 0.9474
3356.0000 475 451 0.9495
3360.0000 475 452 0.9516
3362.0000 476 452 0.9496
3362.0000 476 453 0.9517
3370.0000 476 454 0.9538
3371.0000 477 454 0.9518
3377.0000 477 455 0.9539
3379.0000 477 456 0.9560
3380.0000 478 456 0.9540
3381.0000 478 457 0.9561
3382.0000 478 458 0.9582
3386.0000 478 459 0.9603
3388.0000 479 459 0.9582
3395.0000 480 459 0.9563
3403.0000 481 459 0.9543
3407.0000 481 460 0.9563
3409.0000 482 460 0.9544
3414.0000 482 461 0.9564
3415.0000 482 462 0.9585
3417.0000 483 462 0.9565
3424.0000 484 462 0.9545
3425.0000 484 463 0.9566
3430.0000 485 463 0.9546
3439.0000 486 463 0.9527
3446.0000 487 463 0.9507
3447.0000 487 464 0.9528
3453.0000 488 464 0.9508
3460.0000 489 464 0.9489
3467.0000 490 464 0.9469
3472.0000 491 464 0.9450
3477.0000 492 464 0.9431
3484.0000 493 464 0.9412
3492.0000 494 464 0.9393
3500.0000 495 464 0.9374
3502.0000 495 465 0.9394
3505.0000 495 466 0.9414
3506.0000 496 466 0.9395
3510.0000 496 467 0.9415
3512.0000 497 467 0.9396
3512.0000 497 468 0.9416
3519.0000 498 468 0.9398
3519.0000 498 469 0.9418
3524.0000 498 470 0.9438
3525.0000 499 470 0.9419
3525.0000 499 471 0.9439
3528.0000 499 472 0.9459
3530.0000 499 473 0.9479
3531.0000 500 473 0.9460
3537.0000 501 473 0.9441
3537.0000 501 474 0.9461
3544.0000 501 475 0.9481
3546.0000 502 475 0.9462
3555.0000 503 475 0.9443
3556.0000 503 476 0.9463
3561.0000 504 476 0.9444
3570.0000 505 476 0.9426
3572.0000 505 477 0.9446
3574.0000 505 478 0.9465
3577.0000 505 479 0.9485
3578.0000 506 479 0.9466
3586.0000 507 479 0.9448
3588.0000 507 480 0.9467
3589.0000 507 481 0.9487
3593.0000 508 481 0.9469
3595.0000 508 482 0.9488
3599.0000 509 482 0.9470
3603.0000 509 483 0.9489
3608.0000 510 483 0.9471
3613.0000 511 483 0.9452
3614.0000 511 484 0.9472
3620.0000 512 484 0.9453
3625.0000 513 484 0.9435
3626.0000 513 485 0.9454
3629.0000 513 486 0.9474
3630.0000 514 486 0.9455
3635.0000 515 486 0.9437
3642.0000 515 487 0.9456
3643.0000 516 487 0.9438
3649.0000 516 488 0.9457
3652.0000 517 488 0.9439
3656.0000 517 489 0.9458
3658.0000 517 490 0.9478
3660.0000 518 490 0.9459
3663.0000 518 491 0.9479
3665.0000 518 492 0.9498
3666.0000 519 492 0.9480
3667.0000 519 493 0.9499
3668.0000 519 494 0.9518
3671.0000 520 494 0.9500
3679.0000 521 494 0.9482
3680.0000 521 495 0.9501
3684.0000 522 495 0.9483
3691.0000 523 495 0.9465
3697.0000 524 495 0.9447
3702.0000 525 495 0.9429
3708.0000 526 495 0.9411
3714.0000 526 496 0.9430
3717.0000 527 496 0.9412
3719.0000 527 497 0.9431
3725.0000 528 497 0.9413
3727.0000 528 498 0.9432
3730.0000 529 498 0.9414
3730.0000 529 499 0.9433
3732.0000 529 500 0.9452
3739.0000 530 500 0.9434
3747.0000 531 500 0.9416
3750.0000 531 501 0.9435
3756.0000 532 501 0.9417
3759.0000 532 502 0.9436
3764.0000 533 502 0.9418
3772.0000 534 502 0.9401
3772.0000 534 503 0.9419
3780.0000 535 503 0.9402
3785.0000 535 504 0.9421
3787.0000 536 504 0.9403
3796.0000 537 504 0.9385
3801.0000 537 505 0.9404
3805.0000 538 505 0.9387
3807.0000 538 506 0.9405
3810.0000 538 507 0.9424
3812.0000 539 507 0.9406
3814.0000 539 508 0.9425
3817.0000 540 508 0.9407
3826.0000 541 508 0.9390
3833.0000 542 508 0.9373
3838.0000 543 508 0.9355
3838.0000 543 509 0.9374
3838.0000 543 510 0.9392
3845.0000 544 510 0.9375
3845.0000 544 511 0.9393
3852.0000 545 511 0.9376
3855.0000 545 512 0.9394
3858.0000 546 512 0.9377
3863.0000 547 512 0.9360
3872.0000 548 512 0.9343
3876.0000 548 513 0.9361
3877.0000 548 514 0.9380
3880.0000 549 514 0.9362
3888.0000 550 514 0.9345
3890.0000 550 515 0.9364
3897.0000 551 515 0.9347
3897.0000 551 516 0.9365
3903.0000 552 516 0.9348
3905.0000 552 517 0.9366
3909.0000 553 517 0.9349
3915.0000 554 517 0.9332
3916.0000 554 518 0.9350
3920.0000 554 519 0.9368
3922.0000 555 519 0.9351
3922.0000 555 520 0.9369
3926.0000 555 521 0.9387
3927.0000 556 521 0.9371
3927.0000 556 522 0.9388
3934.0000 557 522 0.9372
3942.0000 558 522 0.9355
3942.0000 558 523 0.9373
3946.0000 558 524 0.9391
3947.0000 559 524 0.9374
3947.0000 559 525 0.9392
3949.0000 559 526 0.9410
3950.0000 559 527 0.9428
3954.0000 560 527 0.9411
3959.0000 560 528 0.9429
3963.0000 561 528 0.9412
3966.0000 561 529 0.9430
3969.0000 561 530 0.9447
3970.0000 562 530 0.9431
3978.0000 563 530 0.9414
3981.0000 563 531 0.9432
3984.0000 563 532 0.9449
3985.0000 564 532 0.9433
3990.0000 565 532 0.9416
3997.0000 566 532 0.9399
4002.0000 567 532 0.9383
4002.0000 567 533 0.9400
4011.0000 568 533 0.9384
4013.0000 568 534 0.9401
4017.0000 569 534 0.9385
4023.0000 570 534 0.9368
4023.0000 570 535 0.9386
4030.0000 571 535 0.9370
4038.0000 572 535 0.9353
4040.0000 572 536 0.9371
4042.0000 572 537 0.9388
4044.0000 572 538 0.9406
4046.0000 573 538 0.9389
4046.0000 573 539 0.9407
4046.0000 573 540 0.9424
4046.0000 573 541 0.9442
4052.0000 574 541 0.9425
4052.0000 574 542 0.9443
4056.0000 574 543 0.9460
4058.0000 574 544 0.9477
4061.0000 575 544 0.9461
4063.0000 575 545 0.9478
4067.0000 576 545 0.9462
4067.0000 576 546 0.9479
4072.0000 576 547 0.9497
4076.0000 577 547 0.9480
4083.0000 578 547 0.9464
4089.0000 578 548 0.9481
4091.0000 579 548 0.9465
4096.0000 580 548 0.9448
4105.0000 581 548 0.9432
4106.0000 581 549 0.9449
4112.0000 581 550 0.9466
4113.0000 582 550 0.9450
4113.0000 582 551 0.9467
4115.0000 582 552 0.9485
4122.0000 583 552 0.9468
4123.0000 583 553 0.9485
4127.0000 584 553 0.9469
4128.0000 584 554 0.9486
4135.0000 585 554 0.9470
4139.0000 585 555 0.9487
4143.0000 586 555 0.9471
4145.0000 586 556 0.9488
4150.0000 586 557 0.9505
4152.0000 587 557 0.9489
4156.0000 587 558 0.9506
4157.0000 588 558 0.9490
4161.0000 588 559 0.9507
4166.0000 589 559 0.9491
4170.0000 589 560 0.9508
4173.0000 589 561 0.9525
4174.0000 590 561 0.9508
4176.0000 590 562 0.9525
4181.0000 591 562 0.9509
4181.0000 591 563 0.9526
4184.0000 591 564 0.9543
4186.0000 592 564 0.9527
4189.0000 592 565 0.9544
4192.0000 593 565 0.9528
4197.0000 593 566 0.9545
4200.0000 593 567 0.9562
4201.0000 594 567 0.9545
4202.0000 594 568 0.9562
4203.0000 594 569 0.9579
4208.0000 595 569 0.9563
4208.0000 595 570 0.9580
4216.0000 596 570 0.9564
4220.0000 596 571 0.9581
4223.0000 597 571 0.9564
4225.0000 597 572 0.9581
4229.0000 598 572 0.9565
4230.0000 598 573 0.9582
4234.0000 598 574 0.9599
4235.0000 599 574 0.9583
4241.0000 600 574 0.9567
4249.0000 600 575 0.9583
4250.0000 601 575 0.9567
4252.0000 601 576 0.9584
4255.0000 602 576 0.9568
4264.0000 603 576 0.9552
4272.0000 604 576 0.9536
4277.0000 605 576 0.9521
4278.0000 605 577 0.9537
4286.0000 606 577 0.9521
4291.0000 607 577 0.9506
4296.0000 608 577 0.9490
4298.0000 608 578 0.9507
4302.0000 609 578 0.9491
4307.0000 609 579 0.9507
4309.0000 610 579 0.9492
4311.0000 610 580 0.9508
4312.0000 610 581 0.9525
4315.0000 611 581 0.9509
4320.0000 612 581 0.9493
4329.0000 613 581 0.9478
4335.0000 614 581 0.9463
4343.0000 615 581 0.9447
4351.0000 616 581 0.9432
4356.0000 617 581 0.9417
4360.0000 617 582 0.9433
4361.0000 618 582 0.9417
4368.0000 619 582 0.9402
4375.0000 620 582 0.9387
4376.0000 620 583 0.9403
4376.0000 620 584 0.9419
4381.0000 621 584 0.9404
4385.0000 621 585 0.9420
4390.0000 622 585 0.9405
4392.0000 622 586 0.9421
4392.0000 622 587 0.9437
4396.0000 623 587 0.9422
4398.0000 623 588 0.9438
4404.0000 624 588 0.9423
4405.0000 624 589 0.9439
4413.0000 625 589 0.9424
4413.0000 625 590 0.9440
4419.0000 625 591 0.9456
4420.0000 625 592 0.9472
4421.0000 626 592 0.9457
4426.0000 627 592 0.9442
4427.0000 627 593 0.9458
4429.0000 627 594 0.9474
4431.0000 628 594 0.9459
4437.0000 629 594 0.9444
4438.0000 629 595 0.9459
4441.0000 629 596 0.9475
4443.0000 629 597 0.9491
4446.0000 630 597 0.9476
4451.0000 630 598 0.9492
4452.0000 631 598 0.9477
4455.0000 631 599 0.9493
4458.0000 632 599 0.9478
4464.0000 632 600 0.9494
4465.0000 633 600 0.9479
4471.0000 634 600 0.9464
4471.0000 634 601 0.9479
4475.0000 634 602 0.9495
4476.0000 635 602 0.9480
4482.0000 636 602 0.9465
4486.0000 636 603 0.9481
4487.0000 637 603 0.9466
4494.0000 638 603 0.9451
4503.0000 639 603 0.9437
4504.0000 639 604 0.9452
4511.0000 640 604 0.9438
4517.0000 641 604 0.9423
4525.0000 642 604 0.9408
4527.0000 642 605 0.9424
4530.0000 643 605 0.9409
4536.0000 644 605 0.9394
4536.0000 644 606 0.9410
4542.0000 644 607 0.9425
4545.0000 645 607 0.9411
4553.0000 646 607 0.9396
4555.0000 646 608 0.9412
4558.0000 647 608 0.9397
4558.0000 647 609 0.9413
4567.0000 648 609 0.9398
4567.0000 648 610 0.9414
4569.0000 648 611 0.9429
4574.0000 649 611 0.9414
4574.0000 649 612 0.9430
4580.0000 649 613 0.9445
4582.0000 650 613 0.9431
4583.0000 650 614 0.9446
4584.0000 650 615 0.9462
4588.0000 651 615 0.9447
4593.0000 651 616 0.9462
4594.0000 652 616 0.9448
4599.0000 653 616 0.9433
4603.0000 653 617 0.9449
4604.0000 653 618 0.9464
4607.0000 654 618 0.9450
4612.0000 655 618 0.9435
4621.0000 656 618 0.9421
4623.0000 656 619 0.9436
4626.0000 656 620 0.9451
4627.0000 657 620 0.9437
4634.0000 658 620 0.9422
4642.0000 659 620 0.9408
4647.0000 659 621 0.9423
4651.0000 660 621 0.9409
4654.0000 660 622 0.9424
4655.0000 660 623 0.9439
4657.0000 661 623 0.9425
4657.0000 661 624 0.9440
4663.0000 662 624 0.9426
4663.0000 662 625 0.9441
4669.0000 663 625 0.9427
4671.0000 663 626 0.9442
4673.0000 663 627 0.9457
4674.0000 663 628 0.9472
4678.0000 664 628 0.9458
4684.0000 665 628 0.9444
4684.0000 665 629 0.9459
4690.0000 665 630 0.9474
4691.0000 666 630 0.9459
4697.0000 667 630 0.9445
4703.0000 667 631 0.9460
4704.0000 667 632 0.9475
4706.0000 668 632 0.9461
4710.0000 668 633 0.9476
4712.0000 669 633 0.9462
4712.0000 669 634 0.9477
4720.0000 670 634 0.9463
4728.0000 671 634 0.9449
4736.0000 671 635 0.9463
4737.0000 672 635 0.9449
4738.0000 672 636 0.9464
4744.0000 673 636 0.9450
4748.0000 673 637 0.9465
4752.0000 674 637 0.9451
4756.0000 674 638 0.9466
4756.0000 674 639 0.9481
4757.0000 675 639 0.9467
4763.0000 675 640 0.9481
4766.0000 676 640 0.9467
4767.0000 676 641 0.9482
4768.0000 676 642 0.9497
4769.0000 676 643 0.9512
4770.0000 676 644 0.9527
4771.0000 676 645 0.9541
4772.0000 677 645 0.9527
4773.0000 677 646 0.9542
4781.0000 678 646 0.9528
4786.0000 679 646 0.9514
4792.0000 680 646 0.9500
4793.0000 680 647 0.9515
4796.0000 680 648 0.9529
4797.0000 680 649 0.9544
4799.0000 681 649 0.9530
4799.0000 681 650 0.9545
4804.0000 682 650 0.9531
4805.0000 682 651 0.9545
4807.0000 682 652 0.9560
4809.0000 683 652 0.9546
4810.0000 683 653 0.9561
4815.0000 684 653 0.9547
4819.0000 684 654 0.9561
4822.0000 685 654 0.9547
4824.0000 685 655 0.9562
4831.0000 686 655 0.9548
4834.0000 686 656 0.9563
4838.0000 686 657 0.9577
4839.0000 687 657 0.9563
4845.0000 688 657 0.9549
4850.0000 688 658 0.9564
4854.0000 689 658 0.9550
4859.0000 689 659 0.9565
4861.0000 689 660 0.9579
4862.0000 690 660 0.9565
4864.0000 690 661 0.9580
4866.0000 690 662 0.9594
4867.0000 691 662 0.9580
4874.0000 692 662 0.9566
4879.0000 692 663 0.9581
4881.0000 693 663 0.9567
4884.0000 693 664 0.9582
4890.0000 694 664 0.9568
4893.0000 694 665 0.9582
4896.0000 695 665 0.9568
4900.0000 695 666 0.9583
4902.0000 696 666 0.9569
4905.0000 696 667 0.9583
4906.0000 696 668 0.9598
4908.0000 697 668 0.9584
4912.0000 697 669 0.9598
4917.0000 698 669 0.9585
4919.0000 698 670 0.9599
4923.0000 699 670 0.9585
4928.0000 700 670 0.9571
4930.0000 700 671 0.9586
4930.0000 700 672 0.9600
4937.0000 701 672 0.9586
4937.0000 701 673 0.9601
4945.0000 702 673 0.9587
4950.0000 703 673 0.9573
4959.0000 704 673 0.9560
4963.0000 704 674 0.9574
4964.0000 705 674 0.9560
4970.0000 706 674 0.9547
4970.0000 706 675 0.9561
4976.0000 706 676 0.9575
4978.0000 707 676 0.9562
4983.0000 708 676 0.9548
4985.0000 708 677 0.9562
4988.0000 709 677 0.9549
4997.0000 710 677 0.9535
5004.0000 711 677 0.9522
5006.0000 711 678 0.9536
5013.0000 712 678 0.9522
5019.0000 713 678 0.9509
5023.0000 713 679 0.9523
5026.0000 713 680 0.9537
5028.0000 714 680 0.9524
5028.0000 714 681 0.9538
5030.0000 714 682 0.9552
5035.0000 714 683 0.9566
5036.0000 715 683 0.9552
5044.0000 716 683 0.9539
5044.0000 716 684 0.9553
5053.0000 717 684 0.9540
5054.0000 717 685 0.9554
5055.0000 717 686 0.9568
5056.0000 717 687 0.9582
5058.0000 718 687 0.9568
5061.0000 718 688 0.9582
5063.0000 718 689 0.9596
5067.0000 719 689 0.9583
5072.0000 719 690 0.9597
5073.0000 720 690 0.9583
5073.0000 720 691 0.9597
5077.0000 720 692 0.9611
5080.0000 720 693 0.9625
5081.0000 721 693 0.9612
5083.0000 721 694 0.9626
5084.0000 721 695 0.9639
5086.0000 722 695 0.9626
5087.0000 722 696 0.9640
5088.0000 722 697 0.9654
5093.0000 723 697 0.9640
5099.0000 724 697 0.9627
5101.0000 724 698 0.9641
5104.0000 724 699 0.9655
5104.0000 724 700 0.9669
5108.0000 725 700 0.9655
5112.0000 725 701 0.9669
5116.0000 726 701 0.9656
5124.0000 727 701 0.9642
5127.0000 727 702 0.9656
5133.0000 728 702 0.9643
5134.0000 728 703 0.9657
5142.0000 729 703 0.9643
5144.0000 729 704 0.9657
5147.0000 730 704 0.9644
5149.0000 730 705 0.9658
5151.0000 730 706 0.9671
5153.0000 730 707 0.9685
5155.0000 731 707 0.9672
5161.0000 732 707 0.9658
5163.0000 732 708 0.9672
5166.0000 733 708 0.9659
5170.0000 733 709 0.9673
5172.0000 733 710 0.9686
5175.0000 734 710 0.9673
5180.0000 735 710 0.9660
5185.0000 735 711 0.9673
5186.0000 736 711 0.9660
5188.0000 736 712 0.9674
5195.0000 737 712 0.9661
5198.0000 737 713 0.9674
5202.0000 738 713 0.9661
5206.0000 738 714 0.9675
5209.0000 739 714 0.9662
5214.0000 739 715 0.9675
5218.0000 740 715 0.9662
5219.0000 740 716 0.9676
5222.0000 740 717 0.9689
5224.0000 741 717 0.9676
5232.0000 742 717 0.9663
5234.0000 742 718 0.9677
5239.0000 743 718 0.9664
5242.0000 743 719 0.9677
5244.0000 744 719 0.9664
5250.0000 745 719 0.9651
5251.0000 745 720 0.9664
5251.0000 745 721 0.9678
5256.0000 746 721 0.9665
5264.0000 747 721 0.9652
5273.0000 748 721 0.9639
5275.0000 748 722 0.9652
5282.0000 749 722 0.9640
5284.0000 749 723 0.9653
5288.0000 749 724 0.9666
5290.0000 750 724 0.9653
5292.0000 750 725 0.9667
5298.0000 751 725 0.9654
5303.0000 751 726 0.9667
5305.0000 752 726 0.9654
5305.0000 752 727 0.9668
5312.0000 753 727 0.9655
5317.0000 753 728 0.9668
5320.0000 754 728 0.9655
5324.0000 754 729 0.9668
5325.0000 754 730 0.9682
5327.0000 754 731 0.9695
5328.0000 755 731 0.9682
5335.0000 756 731 0.9669
5340.0000 756 732 0.9683
5342.0000 756 733 0.9696
5344.0000 757 733 0.9683
5347.0000 757 734 0.9696
5352.0000 758 734 0.9683
5359.0000 759 734 0.9671
5366.0000 760 734 0.9658
5372.0000 761 734 0.9645
5373.0000 761 735 0.9658
5379.0000 762 735 0.9646
5384.0000 763 735 0.9633
5386.0000 763 736 0.9646
5389.0000 764 736 0.9634
5395.0000 765 736 0.9621
5396.0000 765 737 0.9634
5402.0000 766 737 0.9621
5404.0000 766 738 0.9634
5408.0000 766 739 0.9648
5411.0000 767 739 0.9635
5415.0000 767 740 0.9648
5417.0000 768 740 0.9635
5423.0000 769 740 0.9623
5429.0000 770 740 0.9610
5433.0000 770 741 0.9623
5438.0000 771 741 0.9611
5438.0000 771 742 0.9624
5444.0000 772 742 0.9611
5452.0000 773 742 0.9599
5457.0000 774 742 0.9587
5466.0000 775 742 0.9574
5472.0000 776 742 0.9562
5476.0000 776 743 0.9575
5477.0000 776 744 0.9588
5480.0000 777 744 0.9575
5482.0000 777 745 0.9588
5484.0000 777 746 0.9601
5485.0000 777 747 0.9614
5489.0000 778 747 0.9602
5489.0000 778 748 0.9614
5495.0000 778 749 0.9627
5496.0000 778 750 0.9640
5497.0000 779 750 0.9628
5498.0000 779 751 0.9641
5498.0000 779 752 0.9653
5504.0000 780 752 0.9641
5508.0000 780 753 0.9654
5511.0000 781 753 0.9641
5514.0000 781 754 0.9654
5518.0000 782 754 0.9642
5519.0000 782 755 0.9655
5523.0000 783 755 0.9642
5524.0000 783 756 0.9655
5529.0000 783 757 0.9668
5530.0000 784 757 0.9656
5534.0000 784 758 0.9668
5537.0000 785 758 0.9656
5546.0000 786 758 0.9644
5550.0000 786 759 0.9656
5552.0000 786 760 0.9669
5554.0000 786 761 0.9682
5555.0000 787 761 0.9670
5562.0000 787 762 0.9682
5564.0000 788 762 0.9670
5573.0000 789 762 0.9658
5577.0000 789 763 0.9670
5581.0000 790 763 0.9658
5590.0000 791 763 0.9646
5594.0000 791 764 0.9659
5595.0000 792 764 0.9646
5595.0000 792 765 0.9659
5597.0000 792 766 0.9672
5603.0000 793 766 0.9660
5603.0000 793 767 0.9672
5606.0000 793 768 0.9685
5607.0000 793 769 0.9697
5607.0000 793 770 0.9710
5610.0000 794 770 0.9698
5611.0000 794 771 0.9710
5616.0000 794 772 0.9723
5618.0000 795 772 0.9711
5624.0000 796 772 0.9698
5633.0000 797 772 0.9686
5637.0000 797 773 0.9699
5638.0000 798 773 0.9687
5639.0000 798 774 0.9699
5646.0000 799 774 0.9687
5646.0000 799 775 0.9700
5654.0000 800 775 0.9688
5663.0000 801 775 0.9675
5663.0000 801 776 0.9688
5668.0000 802 776 0.9676
5674.0000 802 777 0.9688
5677.0000 803 777 0.9676
5685.0000 804 777 0.9664
5687.0000 804 778 0.9677
5687.0000 804 779 0.9689
5689.0000 804 780 0.9701
5691.0000 804 781 0.9714
5694.0000 805 781 0.9702
5695.0000 805 782 0.9714
5699.0000 805 783 0.9727
5700.0000 806 783 0.9715
5701.0000 806 784 0.9727
5701.0000 806 785 0.9739
5706.0000 807 785 0.9727
5708.0000 807 786 0.9740
5715.0000 808 786 0.9728
5719.0000 808 787 0.9740
5720.0000 809 787 0.9728
5727.0000 809 788 0.9740
5728.0000 810 788 0.9728
5730.0000 810 789 0.9741
5735.0000 811 789 0.9729
5742.0000 812 789 0.9717
5748.0000 813 789 0.9705
5754.0000 814 789 0.9693
5756.0000 814 790 0.9705
5757.0000 814 791 0.9717
5759.0000 815 791 0.9706
5759.0000 815 792 0.9718
5766.0000 816 792 0.9706
5772.0000 817 792 0.9694
5780.0000 818 792 0.9682
5782.0000 818 793 0.9694
5787.0000 819 793 0.9683
5792.0000 820 793 0.9671
5799.0000 821 793 0.9659
5799.0000 821 794 0.9671
5808.0000 822 794 0.9659
5810.0000 822 795 0.9672
5816.0000 823 795 0.9660
5823.0000 823 796 0.9672
5824.0000 823 797 0.9684
5825.0000 824 797 0.9672
5826.0000 824 798 0.9684
5826.0000 824 799 0.9697
5833.0000 825 799 0.9685
5839.0000 826 799 0.9673
5841.0000 826 800 0.9685
5844.0000 827 800 0.9674
5847.0000 827 801 0.9686
5852.0000 828 801 0.9674
5854.0000 828 802 0.9686
5856.0000 828 803 0.9698
5860.0000 829 803 0.9686
5863.0000 829 804 0.9698
5863.0000 829 805 0.9710
5867.0000 830 805 0.9699
5876.0000 831 805 0.9687
5884.0000 832 805 0.9675
5884.0000 832 806 0.9688
5890.0000 832 807 0.9700
5892.0000 833 807 0.9688
5894.0000 833 808 0.9700
5901.0000 834 808 0.9688
5906.0000 834 809 0.9700
5908.0000 834 810 0.9712
5908.0000 834 811 0.9724
5910.0000 835 811 0.9713
5912.0000 835 812 0.9725
5913.0000 835 813 0.9737
5913.0000 835 814 0.9749
5918.0000 835 815 0.9760
5919.0000 836 815 0.9749
5924.0000 837 815 0.9737
5928.0000 837 816 0.9749
5932.0000 838 816 0.9737
5939.0000 839 816 0.9726
5946.0000 840 816 0.9714
5949.0000 840 817 0.9726
5951.0000 841 817 0.9715
5959.0000 842 817 0.9703
5967.0000 842 818 0.9715
5968.0000 843 818 0.9703
5971.0000 843 819 0.9715
5974.0000 844 819 0.9704
5981.0000 844 820 0.9716
5982.0000 845 820 0.9704
5987.0000 845 821 0.9716
5989.0000 846 821 0.9704
5993.0000 846 822 0.9716
5995.0000 847 822 0.9705
5997.0000 847 823 0.9717
5999.0000 847 824 0.9728
6000.0000 848 824 0.9717
6008.0000 849 824 0.9706
6015.0000 850 824 0.9694
6023.0000 851 824 0.9683
6025.0000 851 825 0.9694
6030.0000 852 825 0.9683
6035.0000 853 825 0.9672
6041.0000 854 825 0.9660
6045.0000 854 826 0.9672
6047.0000 855 826 0.9661
6050.0000 855 827 0.9673
6054.0000 856 827 0.9661
6061.0000 857 827 0.9650
6068.0000 858 827 0.9639
6068.0000 858 828 0.9650
6070.0000 858 829 0.9662
6072.0000 858 830 0.9674
6077.0000 859 830 0.9662
6081.0000 859 831 0.9674
6085.0000 860 831 0.9663
6087.0000 860 832 0.9674
6094.0000 861 832 0.9663
6100.0000 861 833 0.9675
6102.0000 861 834 0.9686
6103.0000 862 834 0.9675
6103.0000 862 835 0.9687
6109.0000 862 836 0.9698
6110.0000 863 836 0.9687
6114.0000 863 837 0.9699
6116.0000 864 837 0.9688
6120.0000 864 838 0.9699
6123.0000 865 838 0.9688
6127.0000 865 839 0.9699
6129.0000 866 839 0.9688
6137.0000 867 839 0.9677
6139.0000 867 840 0.9689
6146.0000 868 840 0.9677
6155.0000 869 840 0.9666
6161.0000 870 840 0.9655
6169.0000 871 840 0.9644
6175.0000 872 840 0.9633
6183.0000 873 840 0.9622
6188.0000 873 841 0.9633
6190.0000 874 841 0.9622
6190.0000 874 842 0.9634
6197.0000 874 843 0.9645
6199.0000 875 843 0.9634
6201.0000 875 844 0.9646
6203.0000 875 845 0.9657
6205.0000 876 845 0.9646
6211.0000 877 845 0.9635
6213.0000 877 846 0.9647
6216.0000 878 846 0.9636
6217.0000 878 847 0.9647
6221.0000 879 847 0.9636
6228.0000 880 847 0.9625
6233.0000 881 847 0.9614
6237.0000 881 848 0.9625
6242.0000 882 848 0.9615
6248.0000 882 849 0.9626
6250.0000 882 850 0.9637
6251.0000 883 850 0.9626
6254.0000 883 851 0.9638
6257.0000 884 851 0.9627
6257.0000 884 852 0.9638
6262.0000 885 852 0.9627
6263.0000 885 853 0.9638
6269.0000 886 853 0.9628
6276.0000 887 853 0.9617
6278.0000 887 854 0.9628
6284.0000 888 854 0.9617
6284.0000 888 855 0.9628
6289.0000 889 855 0.9618
6290.0000 889 856 0.9629
6294.0000 889 857 0.9640
6296.0000 889 858 0.9651
6297.0000 890 858 0.9640
6300.0000 890 859 0.9652
6306.0000 891 859 0.9641
6306.0000 891 860 0.9652
6314.0000 892 860 0.9641
6323.0000 893 860 0.9630
6324.0000 893 861 0.9642
6328.0000 894 861 0.9631
6334.0000 895 861 0.9620
6340.0000 896 861 0.9609
6343.0000 896 862 0.9621
6349.0000 897 862 0.9610
6358.0000 898 862 0.9599
6366.0000 899 862 0.9588
6368.0000 899 863 0.9600
6373.0000 900 863 0.9589
6378.0000 901 863 0.9578
6386.0000 902 863 0.9568
6390.0000 902 864 0.9579
6391.0000 902 865 0.9590
6394.0000 902 866 0.9601
6395.0000 903 866 0.9590
6400.0000 904 866 0.9580
6405.0000 905 866 0.9569
6405.0000 905 867 0.9580
6406.0000 905 868 0.9591
6412.0000 906 868 0.9581
6416.0000 906 869 0.9592
6418.0000 907 869 0.9581
6425.0000 907 870 0.9592
6426.0000 908 870 0.9581
6432.0000 908 871 0.9593
6433.0000 909 871 0.9582
6440.0000 910 871 0.9571
6448.0000 911 871 0.9561
6453.0000 911 872 0.9572
6456.0000 912 872 0.9561
6460.0000 912 873 0.9572
6461.0000 913 873 0.9562
6464.0000 913 874 0.9573
6467.0000 914 874 0.9562
6476.0000 915 874 0.9552
6481.0000 915 875 0.9563
6483.0000 916 875 0.9552
6486.0000 916 876 0.9563
6488.0000 916 877 0.9574
6489.0000 917 877 0.9564
6489.0000 917 878 0.9575
6491.0000 917 879 0.9586
6492.0000 917 880 0.9597
6493.0000 917 881 0.9607
6497.0000 917 882 0.9618
6498.0000 918 882 0.9608
6506.0000 919 882 0.9597
6509.0000 919 883 0.9608
6511.0000 920 883 0.9598
6520.0000 921 883 0.9587
6520.0000 921 884 0.9598
6522.0000 921 885 0.9609
6526.0000 922 885 0.9599
6530.0000 922 886 0.9610
6533.0000 923 886 0.9599
6535.0000 923 887 0.9610
6538.0000 924 887 0.9600
6543.0000 924 888 0.9610
6543.0000 924 889 0.9621
6545.0000 925 889 0.9611
6554.0000 926 889 0.9600
6556.0000 926 890 0.9611
6561.0000 927 890 0.9601
6567.0000 927 891 0.9612
6569.0000 928 891 0.9601
6569.0000 928 892 0.9612
6571.0000 928 893 0.9623
6577.0000 929 893 0.9612
6583.0000 930 893 0.9602
6591.0000 931 893 0.9592
6600.0000 932 893 0.9582
6604.0000 932 894 0.9592
6605.0000 933 894 0.9582
6607.0000 933 895 0.9593
6613.0000 934 895 0.9582
6613.0000 934 896 0.9593
6621.0000 935 896 0.9583
6622.0000 935 897 0.9594
6627.0000 936 897 0.9583
6628.0000 936 898 0.9594
6631.0000 936 899 0.9605
6633.0000 937 899 0.9594
6634.0000 937 900 0.9605
6638.0000 938 900 0.9595
6642.0000 938 901 0.9606
6643.0000 939 901 0.9595
6645.0000 939 902 0.9606
6648.0000 940 902 0.9596
6657.0000 941 902 0.9586
6657.0000 941 903 0.9596
6659.0000 941 904 0.9607
6662.0000 942 904 0.9597
6663.0000 942 905 0.9607
6664.0000 942 906 0.9618
6665.0000 942 907 0.9628
6667.0000 942 908 0.9639
6669.0000 943 908 0.9629
6669.0000 943 909 0.9639
6671.0000 943 910 0.9650
6676.0000 944 910 0.9640
6678.0000 944 911 0.9650
6685.0000 945 911 0.9640
6686.0000 945 912 0.9651
6686.0000 945 913 0.9661
6687.0000 945 914 0.9672
6689.0000 945 915 0.9683
6692.0000 946 915 0.9672
6694.0000 946 916 0.9683
6699.0000 947 916 0.9673
6700.0000 947 917 0.9683
6701.0000 947 918 0.9694
6702.0000 947 919 0.9704
6704.0000 947 920 0.9715
6706.0000 948 920 0.9705
6711.0000 949 920 0.9694
6717.0000 950 920 0.9684
6722.0000 951 920 0.9674
6722.0000 951 921 0.9685
6727.0000 951 922 0.9695
6730.0000 952 922 0.9685
6731.0000 952 923 0.9695
6733.0000 952 924 0.9706
6739.0000 953 924 0.9696
6739.0000 953 925 0.9706
6745.0000 954 925 0.9696
6753.0000 955 925 0.9686
6762.0000 956 925 0.9676
6767.0000 956 926 0.9686
6768.0000 956 927 0.9697
6771.0000 957 927 0.9687
6780.0000 958 927 0.9676
6780.0000 958 928 0.9687
6786.0000 959 928 0.9677
6789.0000 959 929 0.9687
6793.0000 959 930 0.9698
6794.0000 959 931 0.9708
6795.0000 960 931 0.9698
6804.0000 961 931 0.9688
6804.0000 961 932 0.9698
6809.0000 962 932 0.9688
6810.0000 962 933 0.9699
6811.0000 962 934 0.9709
6814.0000 962 935 0.9719
6815.0000 962 936 0.9730
6816.0000 963 936 0.9720
6823.0000 964 936 0.9710
6823.0000 964 937 0.9720
6825.0000 964 938 0.9730
6828.0000 964 939 0.9741
6830.0000 965 939 0.9731
6838.0000 966 939 0.9720
6844.0000 967 939 0.9710
6848.0000 967 940 0.9721
6850.0000 968 940 0.9711
6858.0000 969 940 0.9701
6863.0000 969 941 0.9711
6864.0000 970 941 0.9701
6866.0000 970 942 0.9711
6871.0000 971 942 0.9701
6876.0000 971 943 0.9712
6878.0000 972 943 0.9702
6885.0000 973 943 0.9692
6890.0000 974 943 0.9682
6896.0000 975 943 0.9672
6901.0000 976 943 0.9662
6909.0000 977 943 0.9652
6911.0000 977 944 0.9662
6916.0000 977 945 0.9672
6918.0000 978 945 0.9663
6926.0000 978 946 0.9673
6927.0000 979 946 0.9663
6930.0000 979 947 0.9673
6934.0000 980 947 0.9663
6941.0000 981 947 0.9653
6941.0000 981 948 0.9664
6948.0000 982 948 0.9654
6957.0000 983 948 0.9644
6963.0000 983 949 0.9654
6964.0000 984 949 0.9644
6970.0000 984 950 0.9654
6971.0000 984 951 0.9665
6972.0000 985 951 0.9655
6973.0000 985 952 0.9665
6975.0000 985 953 0.9675
6977.0000 986 953 0.9665
6981.0000 986 954 0.9675
6982.0000 987 954 0.9666
6982.0000 987 955 0.9676
6983.0000 987 956 0.9686
6984.0000 987 957 0.9696
6988.0000 988 957 0.9686
6992.0000 988 958 0.9696
6996.0000 989 958 0.9687
7004.0000 989 959 0.9697
7005.0000 990 959 0.9687
7007.0000 990 960 0.9697
7009.0000 990 961 0.9707
7011.0000 991 961 0.9697
7020.0000 992 961 0.9688
7024.0000 992 962 0.9698
7027.0000 993 962 0.9688
7031.0000 993 963 0.9698
7034.0000 994 963 0.9688
7038.0000 994 964 0.9698
7042.0000 995 964 0.9688
7048.0000 996 964 0.9679
7049.0000 996 965 0.9689
7055.0000 997 965 0.9679
7060.0000 997 966 0.9689
7064.0000 998 966 0.9679
7064.0000 998 967 0.9689
7067.0000 998 968 0.9699
7071.0000 999 968 0.9690
7073.0000 999 969 0.9700
7076.0000 1000 969 0.9690
7082.0000 1001 969 0.9680
7090.0000 1002 969 0.9671
7097.0000 1003 969 0.9661
7101.0000 1003 970 0.9671
7101.0000 1003 971 0.9681
7102.0000 1004 971 0.9671
7107.0000 1004 972 0.9681
7109.0000 1005 972 0.9672
7118.0000 1006 972 0.9662
7124.0000 1007 972 0.9652
7130.0000 1008 972 0.9643
7139.0000 1009 972 0.9633
7144.0000 1010 972 0.9624
7146.0000 1010 973 0.9634
7153.0000 1011 973 0.9624
7158.0000 1011 974 0.9634
7160.0000 1012 974 0.9625
7162.0000 1012 975 0.9634
7163.0000 1012 976 0.9644
7167.0000 1013 976 0.9635
7174.0000 1013 977 0.9645
7176.0000 1014 977 0.9635
7176.0000 1014 978 0.9645
7177.0000 1014 979 0.9655
7183.0000 1015 979 0.9645
7187.0000 1015 980 0.9655
7189.0000 1016 980 0.9646
7194.0000 1016 981 0.9656
7198.0000 1017 981 0.9646
7205.0000 1018 981 0.9637
7205.0000 1018 982 0.9646
7207.0000 1018 983 0.9656
7207.0000 1018 984 0.9666
7211.0000 1019 984 0.9657
7217.0000 1020 984 0.9647
7222.0000 1021 984 0.9638
7225.0000 1021 985 0.9647
7229.0000 1022 985 0.9638
7233.0000 1022 986 0.9648
7237.0000 1023 986 0.9638
7244.0000 1024 986 0.9629
7247.0000 1024 987 0.9639
7247.0000 1024 988 0.9648
7248.0000 1024 989 0.9658
7253.0000 1025 989 0.9649
7260.0000 1026 989 0.9639
7268.0000 1027 989 0.9630
7275.0000 1028 989 0.9621
7275.0000 1028 990 0.9630
7284.0000 1029 990 0.9621
7292.0000 1030 990 0.9612
7292.0000 1030 991 0.9621
7297.0000 1031 991 0.9612
7305.0000 1032 991 0.9603
7307.0000 1032 992 0.9612
7311.0000 1033 992 0.9603
7314.0000 1033 993 0.9613
7318.0000 1034 993 0.9603
7318.0000 1034 994 0.9613
7324.0000 1034 995 0.9623
7327.0000 1035 995 0.9614
7334.0000 1036 995 0.9604
7336.0000 1036 996 0.9614
7338.0000 1036 997 0.9624
7338.0000 1036 998 0.9633
7341.0000 1037 998 0.9624
7343.0000 1037 999 0.9634
7350.0000 1038 999 0.9624
7357.0000 1038 1000 0.9634
7359.0000 1039 1000 0.9625
7365.0000 1040 1000 0.9615
7366.0000 1040 1001 0.9625
7367.0000 1040 1002 0.9635
7371.0000 1040 1003 0.9644
7373.0000 1041 1003 0.9635
7375.0000 1041 1004 0.9645
7377.0000 1041 1005 0.9654
7378.0000 1042 1005 0.9645
7383.0000 1043 1005 0.9636
7392.0000 1044 1005 0.9626
7395.0000 1044 1006 0.9636
7397.0000 1045 1006 0.9627
7399.0000 1045 1007 0.9636
7404.0000 1046 1007 0.9627
7411.0000 1047 1007 0.9618
7418.0000 1048 1007 0.9609
7420.0000 1048 1008 0.9618
7422.0000 1048 1009 0.9628
7424.0000 1049 1009 0.9619
7426.0000 1049 1010 0.9628
7429.0000 1049 1011 0.9638
7430.0000 1050 1011 0.9629
7436.0000 1051 1011 0.9619
7441.0000 1052 1011 0.9610
7443.0000 1052 1012 0.9620
7444.0000 1052 1013 0.9629
7448.0000 1053 1013 0.9620
7457.0000 1054 1013 0.9611
7465.0000 1055 1013 0.9602
7473.0000 1055 1014 0.9611
7474.0000 1056 1014 0.9602
7482.0000 1057 1014 0.9593
7484.0000 1057 1015 0.9603
7487.0000 1058 1015 0.9594
7493.0000 1059 1015 0.9585
7493.0000 1059 1016 0.9594
7495.0000 1059 1017 0.9603
7495.0000 1059 1018 0.9613
7502.0000 1060 1018 0.9604
7507.0000 1061 1018 0.9595
7513.0000 1062 1018 0.9586
7514.0000 1062 1019 0.9595
7514.0000 1062 1020 0.9605
7517.0000 1062 1021 0.9614
7519.0000 1063 1021 0.9605
7519.0000 1063 1022 0.9614
7525.0000 1064 1022 0.9605
7527.0000 1064 1023 0.9615
7533.0000 1064 1024 0.9624
7534.0000 1065 1024 0.9615
7534.0000 1065 1025 0.9624
7542.0000 1066 1025 0.9615
7550.0000 1067 1025 0.9606
7556.0000 1068 1025 0.9597
7558.0000 1068 1026 0.9607
7562.0000 1069 1026 0.9598
7564.0000 1069 1027 0.9607
7569.0000 1069 1028 0.9616
7570.0000 1070 1028 0.9607
7572.0000 1070 1029 0.9617
7574.0000 1070 1030 0.9626
7576.0000 1071 1030 0.9617
7582.0000 1071 1031 0.9627
7585.0000 1072 1031 0.9618
7589.0000 1072 1032 0.9627
7594.0000 1073 1032 0.9618
7596.0000 1073 1033 0.9627
7599.0000 1073 1034 0.9637
7601.0000 1073 1035 0.9646
7601.0000 1073 1036 0.9655
7602.0000 1074 1036 0.9646
7607.0000 1074 1037 0.9655
7609.0000 1075 1037 0.9647
7617.0000 1076 1037 0.9638
7625.0000 1077 1037 0.9629
7628.0000 1077 1038 0.9638
7630.0000 1078 1038 0.9629
7635.0000 1079 1038 0.9620
7643.0000 1079 1039 0.9629
7644.0000 1080 1039 0.9620
7652.0000 1081 1039 0.9611
7657.0000 1082 1039 0.9603
7662.0000 1083 1039 0.9594
7667.0000 1084 1039 0.9585
7668.0000 1084 1040 0.9594
7670.0000 1084 1041 0.9603
7671.0000 1084 1042 0.9613
7671.0000 1084 1043 0.9622
7672.0000 1085 1043 0.9613
7680.0000 1086 1043 0.9604
7688.0000 1087 1043 0.9595
7692.0000 1087 1044 0.9604
7697.0000 1088 1044 0.9596
7697.0000 1088 1045 0.9605
7705.0000 1088 1046 0.9614
7706.0000 1089 1046 0.9605
7713.0000 1090 1046 0.9596
7713.0000 1090 1047 0.9606
7721.0000 1091 1047 0.9597
7729.0000 1092 1047 0.9588
7730.0000 1092 1048 0.9597
7737.0000 1092 1049 0.9606
7738.0000 1093 1049 0.9597
7738.0000 1093 1050 0.9607
7739.0000 1093 1051 0.9616
7741.0000 1093 1052 0.9625
7743.0000 1094 1052 0.9616
7748.0000 1095 1052 0.9607
7749.0000 1095 1053 0.9616
7753.0000 1096 1053 0.9608
7756.0000 1096 1054 0.9617
7758.0000 1096 1055 0.9626
7762.0000 1097 1055 0.9617
7762.0000 1097 1056 0.9626
7770.0000 1098 1056 0.9617
7776.0000 1099 1056 0.9609
7781.0000 1099 1057 0.9618
7785.0000 1100 1057 0.9609
7791.0000 1101 1057 0.9600
7795.0000 1101 1058 0.9609
7796.0000 1102 1058 0.9601
7797.0000 1102 1059 0.9610
7800.0000 1102 1060 0.9619
7804.0000 1103 1060 0.9610
7809.0000 1103 1061 0.9619
7810.0000 1103 1062 0.9628
7811.0000 1104 1062 0.9620
7819.0000 1104 1063 0.9629
7820.0000 1105 1063 0.9620
7822.0000 1105 1064 0.9629
7826.0000 1106 1064 0.9620
7832.0000 1107 1064 0.9612
7833.0000 1107 1065 0.9621
7837.0000 1107 1066 0.9630
7839.0000 1108 1066 0.9621
7845.0000 1109 1066 0.9612
7854.0000 1110 1066 0.9604
7860.0000 1110 1067 0.9613
7863.0000 1111 1067 0.9604
7869.0000 1111 1068 0.9613
7870.0000 1112 1068 0.9604
7871.0000 1112 1069 0.9613
7873.0000 1112 1070 0.9622
7877.0000 1113 1070 0.9614
7879.0000 1113 1071 0.9623
7882.0000 1113 1072 0.9632
7882.0000 1113 1073 0.9641
7884.0000 1114 1073 0.9632
7891.0000 1115 1073 0.9623
7892.0000 1115 1074 0.9632
7895.0000 1115 1075 0.9641
7897.0000 1116 1075 0.9633
7902.0000 1117 1075 0.9624
7906.0000 1117 1076 0.9633
7906.0000 1117 1077 0.9642
7908.0000 1117 1078 0.9651
7910.0000 1118 1078 0.9642
7918.0000 1119 1078 0.9634
7919.0000 1119 1079 0.9643
7920.0000 1119 1080 0.9651
7923.0000 1120 1080 0.9643
7928.0000 1121 1080 0.9634
7934.0000 1122 1080 0.9626
7934.0000 1122 1081 0.9635
7939.0000 1123 1081 0.9626
7943.0000 1123 1082 0.9635
7944.0000 1124 1082 0.9626
7944.0000 1124 1083 0.9635
7946.0000 1124 1084 0.9644
7946.0000 1124 1085 0.9653
7950.0000 1125 1085 0.9644
7958.0000 1126 1085 0.9636
7962.0000 1126 1086 0.9645
7965.0000 1126 1087 0.9654
7966.0000 1127 1087 0.9645
7967.0000 1127 1088 0.9654
7969.0000 1127 1089 0.9663
7973.0000 1128 1089 0.9654
7974.0000 1128 1090 0.9663
7979.0000 1128 1091 0.9672
7980.0000 1129 1091 0.9663
7981.0000 1129 1092 0.9672
7987.0000 1130 1092 0.9664
7996.0000 1131 1092 0.9655
8005.0000 1132 1092 0.9647
8008.0000 1132 1093 0.9655
8008.0000 1132 1094 0.9664
8009.0000 1132 1095 0.9673
8011.0000 1133 1095 0.9665
8018.0000 1134 1095 0.9656
8019.0000 1134 1096 0.9665
8026.0000 1135 1096 0.9656
8027.0000 1135 1097 0.9665
8035.0000 1136 1097 0.9657
8035.0000 1136 1098 0.9665
8040.0000 1137 1098 0.9657
8045.0000 1138 1098 0.9649
8047.0000 1138 1099 0.9657
8052.0000 1139 1099 0.9649
8052.0000 1139 1100 0.9658
8057.0000 1140 1100 0.9649
8063.0000 1141 1100 0.9641
8064.0000 1141 1101 0.9649
8065.0000 1141 1102 0.9658
8066.0000 1141 1103 0.9667
8069.0000 1142 1103 0.9658
8074.0000 1143 1103 0.9650
8074.0000 1143 1104 0.9659
8076.0000 1143 1105 0.9668
8078.0000 1143 1106 0.9676
8079.0000 1144 1106 0.9668
8084.0000 1145 1106 0.9659
8085.0000 1145 1107 0.9668
8087.0000 1145 1108 0.9677
8087.0000 1145 1109 0.9686
8092.0000 1146 1109 0.9677
8094.0000 1146 1110 0.9686
8101.0000 1147 1110 0.9677
8110.0000 1148 1110 0.9669
8116.0000 1148 1111 0.9678
8117.0000 1149 1111 0.9669
8119.0000 1149 1112 0.9678
8123.0000 1149 1113 0.9687
8124.0000 1150 1113 0.9678
8124.0000 1150 1114 0.9687
8125.0000 1150 1115 0.9696
8133.0000 1151 1115 0.9687
8138.0000 1152 1115 0.9679
8144.0000 1153 1115 0.9670
8145.0000 1153 1116 0.9679
8148.0000 1153 1117 0.9688
8153.0000 1154 1117 0.9679
8162.0000 1155 1117 0.9671
8169.0000 1156 1117 0.9663
8178.0000 1157 1117 0.9654
8182.0000 1157 1118 0.9663
8184.0000 1158 1118 0.9655
8186.0000 1158 1119 0.9663
8189.0000 1158 1120 0.9672
8191.0000 1159 1120 0.9664
8197.0000 1159 1121 0.9672
8199.0000 1160 1121 0.9664
8199.0000 1160 1122 0.9672
8201.0000 1160 1123 0.9681
8204.0000 1161 1123 0.9673
8206.0000 1161 1124 0.9681
8207.0000 1161 1125 0.9690
8208.0000 1161 1126 0.9699
8209.0000 1161 1127 0.9707
8212.0000 1162 1127 0.9699
8218.0000 1163 1127 0.9690
8222.0000 1163 1128 0.9699
8223.0000 1164 1128 0.9691
8227.0000 1164 1129 0.9699
8231.0000 1165 1129 0.9691
8235.0000 1165 1130 0.9700
8235.0000 1165 1131 0.9708
8239.0000 1166 1131 0.9700
8241.0000 1166 1132 0.9708
8247.0000 1167 1132 0.9700
8247.0000 1167 1133 0.9709
8253.0000 1167 1134 0.9717
8256.0000 1168 1134 0.9709
8258.0000 1168 1135 0.9717
8264.0000 1169 1135 0.9709
8264.0000 1169 1136 0.9718
8272.0000 1170 1136 0.9709
8279.0000 1171 1136 0.9701
8286.0000 1171 1137 0.9710
8287.0000 1172 1137 0.9701
8293.0000 1173 1137 0.9693
8294.0000 1173 1138 0.9702
8295.0000 1173 1139 0.9710
8300.0000 1173 1140 0.9719
8302.0000 1174 1140 0.9710
8308.0000 1175 1140 0.9702
8317.0000 1176 1140 0.9694
8320.0000 1176 1141 0.9702
8321.0000 1176 1142 0.9711
8325.0000 1177 1142 0.9703
8332.0000 1178 1142 0.9694
8340.0000 1179 1142 0.9686
8345.0000 1180 1142 0.9678
8345.0000 1180 1143 0.9686
8346.0000 1180 1144 0.9695
8349.0000 1180 1145 0.9703
8354.0000 1181 1145 0.9695
8359.0000 1182 1145 0.9687
8359.0000 1182 1146 0.9695
8360.0000 1182 1147 0.9704
8366.0000 1183 1147 0.9696
8366.0000 1183 1148 0.9704
8369.0000 1183 1149 0.9713
8369.0000 1183 1150 0.9721
8372.0000 1183 1151 0.9730
8374.0000 1184 1151 0.9721
8376.0000 1184 1152 0.9730
8382.0000 1185 1152 0.9722
8382.0000 1185 1153 0.9730
8390.0000 1186 1153 0.9722
8396.0000 1186 1154 0.9730
8397.0000 1187 1154 0.9722
8398.0000 1187 1155 0.9730
8399.0000 1187 1156 0.9739
8400.0000 1187 1157 0.9747
8403.0000 1188 1157 0.9739
8410.0000 1189 1157 0.9731
8411.0000 1189 1158 0.9739
8416.0000 1190 1158 0.9731
8417.0000 1190 1159 0.9739
8417.0000 1190 1160 0.9748
8418.0000 1190 1161 0.9756
8418.0000 1190 1162 0.9765
8421.0000 1191 1162 0.9757
8425.0000 1191 1163 0.9765
8426.0000 1192 1163 0.9757
8427.0000 1192 1164 0.9765
8428.0000 1192 1165 0.9773
8430.0000 1192 1166 0.9782
8435.0000 1193 1166 0.9774
8441.0000 1194 1166 0.9765
8445.0000 1194 1167 0.9774
8446.0000 1194 1168 0.9782
8447.0000 1195 1168 0.9774
8451.0000 1195 1169 0.9782
8451.0000 1195 1170 0.9791
8454.0000 1195 1171 0.9799
8455.0000 1196 1171 0.9791
8464.0000 1197 1171 0.9783
8468.0000 1197 1172 0.9791
8472.0000 1198 1172 0.9783
8478.0000 1198 1173 0.9791
8481.0000 1199 1173 0.9783
8483.0000 1199 1174 0.9791
8488.0000 1200 1174 0.9783
8488.0000 1200 1175 0.9792
8497.0000 1201 1175 0.9784
8506.0000 1202 1175 0.9775
8508.0000 1202 1176 0.9784
8511.0000 1203 1176 0.9776
8511.0000 1203 1177 0.9784
8513.0000 1203 1178 0.9792
8516.0000 1204 1178 0.9784
8519.0000 1204 1179 0.9792
8524.0000 1205 1179 0.9784
8526.0000 1205 1180 0.9793
8530.0000 1206 1180 0.9784
8535.0000 1207 1180 0.9776
8536.0000 1207 1181 0.9785
8542.0000 1207 1182 0.9793
8544.0000 1208 1182 0.9785
8547.0000 1208 1183 0.9793
8549.0000 1209 1183 0.9785
8549.0000 1209 1184 0.9793
8554.0000 1209 1185 0.9801
8556.0000 1210 1185 0.9793
8561.0000 1211 1185 0.9785
8569.0000 1212 1185 0.9777
8578.0000 1213 1185 0.9769
8578.0000 1213 1186 0.9777
8580.0000 1213 1187 0.9786
8584.0000 1213 1188 0.9794
8584.0000 1213 1189 0.9802
8585.0000 1214 1189 0.9794
8593.0000 1215 1189 0.9786
8594.0000 1215 1190 0.9794
8597.0000 1215 1191 0.9802
8599.0000 1216 1191 0.9794
8608.0000 1217 1191 0.9786
8617.0000 1218 1191 0.9778
8620.0000 1218 1192 0.9787
8622.0000 1219 1192 0.9779
8631.0000 1220 1192 0.9770
8633.0000 1220 1193 0.9779
8637.0000 1220 1194 0.9787
8640.0000 1221 1194 0.9779
8640.0000 1221 1195 0.9787
8642.0000 1221 1196 0.9795
8647.0000 1222 1196 0.9787
8654.0000 1223 1196 0.9779
8655.0000 1223 1197 0.9787
8659.0000 1224 1197 0.9779
8665.0000 1225 1197 0.9771
8672.0000 1226 1197 0.9763
8672.0000 1226 1198 0.9772
8672.0000 1226 1199 0.9780
8679.0000 1227 1199 0.9772
8679.0000 1227 1200 0.9780
8682.0000 1227 1201 0.9788
8686.0000 1228 1201 0.9780
8691.0000 1228 1202 0.9788
8693.0000 1229 1202 0.9780
8701.0000 1230 1202 0.9772
8703.0000 1230 1203 0.9780
8706.0000 1231 1203 0.9773
8712.0000 1232 1203 0.9765
8712.0000 1232 1204 0.9773
8719.0000 1233 1204 0.9765
8721.0000 1233 1205 0.9773
8722.0000 1233 1206 0.9781
8724.0000 1234 1206 0.9773
8724.0000 1234 1207 0.9781
8729.0000 1235 1207 0.9773
8735.0000 1236 1207 0.9765
8741.0000 1236 1208 0.9773
8743.0000 1237 1208 0.9766
8748.0000 1237 1209 0.9774
8749.0000 1238 1209 0.9766
8749.0000 1238 1210 0.9774
8753.0000 1238 1211 0.9782
8757.0000 1239 1211 0.9774
8759.0000 1239 1212 0.9782
8763.0000 1240 1212 0.9774
8772.0000 1241 1212 0.9766
8778.0000 1242 1212 0.9758
8778.0000 1242 1213 0.9767
8780.0000 1242 1214 0.9775
8784.0000 1243 1214 0.9767
8790.0000 1244 1214 0.9759
8794.0000 1244 1215 0.9767
8798.0000 1245 1215 0.9759
8801.0000 1245 1216 0.9767
8801.0000 1245 1217 0.9775
8803.0000 1245 1218 0.9783
8804.0000 1246 1218 0.9775
8812.0000 1247 1218 0.9767
8814.0000 1247 1219 0.9775
8820.0000 1248 1219 0.9768
8822.0000 1248 1220 0.9776
8825.0000 1249 1220 0.9768
8832.0000 1250 1220 0.9760
8837.0000 1251 1220 0.9752
8846.0000 1252 1220 0.9744
8847.0000 1252 1221 0.9752
8851.0000 1253 1221 0.9745
8860.0000 1254 1221 0.9737
8861.0000 1254 1222 0.9745
8865.0000 1255 1222 0.9737
8867.0000 1255 1223 0.9745
8867.0000 1255 1224 0.9753
8870.0000 1256 1224 0.9745
8872.0000 1256 1225 0.9753
8873.0000 1256 1226 0.9761
8874.0000 1256 1227 0.9769
8874.0000 1256 1228 0.9777
8876.0000 1256 1229 0.9785
8878.0000 1257 1229 0.9777
8880.0000 1257 1230 0.9785
8885.0000 1258 1230 0.9777
8892.0000 1259 1230 0.9770
8900.0000 1260 1230 0.9762
8909.0000 1261 1230 0.9754
8911.0000 1261 1231 0.9762
8918.0000 1262 1231 0.9754
8922.0000 1262 1232 0.9762
8925.0000 1263 1232 0.9755
8925.0000 1263 1233 0.9762
8926.0000 1263 1234 0.9770
8931.0000 1264 1234 0.9763
8934.0000 1264 1235 0.9771
8939.0000 1265 1235 0.9763
8940.0000 1265 1236 0.9771
8943.0000 1265 1237 0.9779
8944.0000 1266 1237 0.9771
8953.0000 1267 1237 0.9763
8959.0000 1268 1237 0.9756
8961.0000 1268 1238 0.9763
8966.0000 1268 1239 0.9771
8966.0000 1268 1240 0.9779
8967.0000 1269 1240 0.9771
8975.0000 1270 1240 0.9764
8977.0000 1270 1241 0.9772
8981.0000 1271 1241 0.9764
8990.0000 1272 1241 0.9756
8999.0000 1273 1241 0.9749
9006.0000 1274 1241 0.9741
9015.0000 1275 1241 0.9733
9021.0000 1276 1241 0.9726
9028.0000 1277 1241 0.9718
9030.0000 1277 1242 0.9726
9031.0000 1277 1243 0.9734
9036.0000 1278 1243 0.9726
9037.0000 1278 1244 0.9734
9039.0000 1278 1245 0.9742
9043.0000 1279 1245 0.9734
9048.0000 1279 1246 0.9742
9052.0000 1280 1246 0.9734
9056.0000 1280 1247 0.9742
9060.0000 1281 1247 0.9735
9066.0000 1282 1247 0.9727
9074.0000 1283 1247 0.9719
9081.0000 1284 1247 0.9712
9086.0000 1285 1247 0.9704
9093.0000 1286 1247 0.9697
9093.0000 1286 1248 0.9705
9100.0000 1287 1248 0.9697
9107.0000 1288 1248 0.9689
9107.0000 1288 1249 0.9697
9107.0000 1288 1250 0.9705
9114.0000 1289 1250 0.9697
9119.0000 1290 1250 0.9690
9120.0000 1290 1251 0.9698
9127.0000 1291 1251 0.9690
9129.0000 1291 1252 0.9698
9134.0000 1292 1252 0.9690
9134.0000 1292 1253 0.9698
9140.0000 1293 1253 0.9691
9141.0000 1293 1254 0.9698
9147.0000 1294 1254 0.9691
9152.0000 1294 1255 0.9699
9153.0000 1295 1255 0.9691
9158.0000 1296 1255 0.9684
9160.0000 1296 1256 0.9691
9167.0000 1297 1256 0.9684
9169.0000 1297 1257 0.9692
9176.0000 1298 1257 0.9684
9176.0000 1298 1258 0.9692
9176.0000 1298 1259 0.9700
9177.0000 1298 1260 0.9707
9184.0000 1298 1261 0.9715
9185.0000 1299 1261 0.9707
9191.0000 1300 1261 0.9700
9194.0000 1300 1262 0.9708
9200.0000 1301 1262 0.9700
9206.0000 1301 1263 0.9708
9208.0000 1302 1263 0.9700
9208.0000 1302 1264 0.9708
9212.0000 1302 1265 0.9716
9216.0000 1303 1265 0.9708
9217.0000 1303 1266 0.9716
9223.0000 1304 1266 0.9709
9226.0000 1304 1267 0.9716
9229.0000 1305 1267 0.9709
9231.0000 1305 1268 0.9716
9234.0000 1305 1269 0.9724
9238.0000 1306 1269 0.9717
9245.0000 1307 1269 0.9709
9248.0000 1307 1270 0.9717
9253.0000 1308 1270 0.9709
9260.0000 1309 1270 0.9702
9263.0000 1309 1271 0.9710
9264.0000 1309 1272 0.9717
9268.0000 1310 1272 0.9710
9272.0000 1310 1273 0.9718
9275.0000 1311 1273 0.9710
9283.0000 1312 1273 0.9703
9288.0000 1312 1274 0.9710
9289.0000 1313 1274 0.9703
9294.0000 1313 1275 0.9711
9295.0000 1314 1275 0.9703
9300.0000 1315 1275 0.9696
9307.0000 1316 1275 0.9688
9308.0000 1316 1276 0.9696
9316.0000 1317 1276 0.9689
9324.0000 1318 1276 0.9681
9330.0000 1319 1276 0.9674
9331.0000 1319 1277 0.9682
9338.0000 1320 1277 0.9674
9338.0000 1320 1278 0.9682
9347.0000 1321 1278 0.9674
9349.0000 1321 1279 0.9682
9355.0000 1322 1279 0.9675
9362.0000 1323 1279 0.9667
9364.0000 1323 1280 0.9675
9366.0000 1323 1281 0.9683
9368.0000 1323 1282 0.9690
9369.0000 1324 1282 0.9683
9370.0000 1324 1283 0.9690
9378.0000 1325 1283 0.9683
9384.0000 1326 1283 0.9676
9390.0000 1327 1283 0.9668
9397.0000 1328 1283 0.9661
9397.0000 1328 1284 0.9669
9404.0000 1328 1285 0.9676
9405.0000 1329 1285 0.9669
9412.0000 1330 1285 0.9662
9413.0000 1330 1286 0.9669
9418.0000 1331 1286 0.9662
9424.0000 1332 1286 0.9655
9427.0000 1332 1287 0.9662
9430.0000 1333 1287 0.9655
9435.0000 1333 1288 0.9662
9436.0000 1333 1289 0.9670
9438.0000 1334 1289 0.9663
9443.0000 1335 1289 0.9655
9449.0000 1336 1289 0.9648
9451.0000 1336 1290 0.9656
9455.0000 1336 1291 0.9663
9458.0000 1337 1291 0.9656
9462.0000 1337 1292 0.9663
9463.0000 1337 1293 0.9671
9463.0000 1337 1294 0.9678
9465.0000 1338 1294 0.9671
9465.0000 1338 1295 0.9679
9466.0000 1338 1296 0.9686
9467.0000 1338 1297 0.9694
9468.0000 1338 1298 0.9701
9471.0000 1338 1299 0.9709
9473.0000 1339 1299 0.9701
9475.0000 1339 1300 0.9709
9477.0000 1339 1301 0.9716
9478.0000 1340 1301 0.9709
9478.0000 1340 1302 0.9716
9487.0000 1341 1302 0.9709
9490.0000 1341 1303 0.9717
9493.0000 1342 1303 0.9709
9502.0000 1343 1303 0.9702
9507.0000 1344 1303 0.9695
9508.0000 1344 1304 0.9702
9511.0000 1344 1305 0.9710
9513.0000 1344 1306 0.9717
9514.0000 1345 1306 0.9710
9519.0000 1346 1306 0.9703
9519.0000 1346 1307 0.9710
9521.0000 1346 1308 0.9718
9528.0000 1347 1308 0.9710
9530.0000 1347 1309 0.9718
9534.0000 1348 1309 0.9711
9539.0000 1349 1309 0.9703
9539.0000 1349 1310 0.9711
9539.0000 1349 1311 0.9718
9547.0000 1350 1311 0.9711
9550.0000 1350 1312 0.9719
9554.0000 1351 1312 0.9711
9556.0000 1351 1313 0.9719
9560.0000 1351 1314 0.9726
9563.0000 1352 1314 0.9719
9572.0000 1353 1314 0.9712
9577.0000 1354 1314 0.9705
9583.0000 1354 1315 0.9712
9585.0000 1355 1315 0.9705
9589.0000 1355 1316 0.9712
9593.0000 1356 1316 0.9705
9595.0000 1356 1317 0.9712
9602.0000 1357 1317 0.9705
9607.0000 1358 1317 0.9698
9616.0000 1359 1317 0.9691
9620.0000 1359 1318 0.9698
9625.0000 1360 1318 0.9691
9626.0000 1360 1319 0.9699
9632.0000 1361 1319 0.9691
9641.0000 1362 1319 0.9684
9643.0000 1362 1320 0.9692
9648.0000 1363 1320 0.9685
9657.0000 1364 1320 0.9677
9666.0000 1365 1320 0.9670
9670.0000 1365 1321 0.9678
9671.0000 1366 1321 0.9671
9677.0000 1367 1321 0.9663
9686.0000 1368 1321 0.9656
9689.0000 1368 1322 0.9664
9694.0000 1369 1322 0.9657
9695.0000 1369 1323 0.9664
9696.0000 1369 1324 0.9671
9702.0000 1370 1324 0.9664
9704.0000 1370 1325 0.9672
9707.0000 1370 1326 0.9679
9709.0000 1371 1326 0.9672
9717.0000 1372 1326 0.9665
9723.0000 1372 1327 0.9672
9726.0000 1373 1327 0.9665
9726.0000 1373 1328 0.9672
9732.0000 1374 1328 0.9665
9740.0000 1375 1328 0.9658
9744.0000 1375 1329 0.9665
9746.0000 1375 1330 0.9673
9749.0000 1376 1330 0.9666
9752.0000 1376 1331 0.9673
9754.0000 1376 1332 0.9680
9755.0000 1376 1333 0.9688
9756.0000 1377 1333 0.9680
9759.0000 1377 1334 0.9688
9762.0000 1378 1334 0.9681
9764.0000 1378 1335 0.9688
9768.0000 1379 1335 0.9681
9771.0000 1379 1336 0.9688
9775.0000 1380 1336 0.9681
9778.0000 1380 1337 0.9688
9781.0000 1381 1337 0.9681
9785.0000 1381 1338 0.9689
9787.0000 1382 1338 0.9682
9787.0000 1382 1339 0.9689
9789.0000 1382 1340 0.9696
9793.0000 1382 1341 0.9703
9796.0000 1383 1341 0.9696
9803.0000 1383 1342 0.9704
9804.0000 1384 1342 0.9697
9812.0000 1385 1342 0.9690
9812.0000 1385 1343 0.9697
9815.0000 1385 1344 0.9704
9821.0000 1386 1344 0.9697
9828.0000 1386 1345 0.9704
9829.0000 1386 1346 0.9711
9830.0000 1387 1346 0.9704
9832.0000 1387 1347 0.9712
9834.0000 1387 1348 0.9719
9836.0000 1387 1349 0.9726
9838.0000 1388 1349 0.9719
9843.0000 1389 1349 0.9712
9849.0000 1390 1349 0.9705
9850.0000 1390 1350 0.9712
9850.0000 1390 1351 0.9719
9851.0000 1390 1352 0.9727
9857.0000 1391 1352 0.9720
9860.0000 1391 1353 0.9727
9864.0000 1392 1353 0.9720
9871.0000 1393 1353 0.9713
9872.0000 1393 1354 0.9720
9876.0000 1393 1355 0.9727
9877.0000 1394 1355 0.9720
9879.0000 1394 1356 0.9727
9882.0000 1395 1356 0.9720
9890.0000 1396 1356 0.9713
9899.0000 1397 1356 0.9707
9905.0000 1397 1357 0.9714
9905.0000 1397 1358 0.9721
9906.0000 1397 1359 0.9728
9908.0000 1398 1359 0.9721
9908.0000 1398 1360 0.9728
9913.0000 1399 1360 0.9721
9913.0000 1399 1361 0.9728
9913.0000 1399 1362 0.9736
9917.0000 1399 1363 0.9743
9921.0000 1400 1363 0.9736
9922.0000 1400 1364 0.9743
9928.0000 1401 1364 0.9736
9935.0000 1402 1364 0.9729
9937.0000 1402 1365 0.9736
9937.0000 1402 1366 0.9743
9940.0000 1402 1367 0.9750
9940.0000 1402 1368 0.9757
9940.0000 1402 1369 0.9765
9942.0000 1403 1369 0.9758
9942.0000 1403 1370 0.9765
9942.0000 1403 1371 0.9772
9945.0000 1403 1372 0.9779
9949.0000 1404 1372 0.9772
9951.0000 1404 1373 0.9779
9957.0000 1405 1373 0.9772
9964.0000 1406 1373 0.9765
9966.0000 1406 1374 0.9772
9970.0000 1407 1374 0.9765
9978.0000 1408 1374 0.9759
9981.0000 1408 1375 0.9766
9984.0000 1409 1375 0.9759
9991.0000 1410 1375 0.9752
9995.0000 1410 1376 0.9759
9998.0000 1411 1376 0.9752
10000.0000 1411 1377 0.9759
