# Scenario da_sprayandwait2
# distance at msg send, delivery time, hop count, MSG_ID
22.2825 2.0000 1 M11
167.6064 52.0000 2 M4
67.6363 77.0000 3 M1
195.4771 100.0000 3 M3
131.3930 29.0000 4 M16
90.7869 9.0000 3 M22
29.7302 2.0000 1 M26
211.7436 90.0000 4 M19
473.5999 148.0000 1 M15
168.9704 9.0000 4 M36
463.4051 214.0000 4 M10
51.2570 4.0000 1 M41
87.5639 12.0000 2 M44
204.1584 71.0000 2 M38
81.9485 39.0000 2 M43
80.5863 138.0000 2 M32
227.6074 206.0000 2 M23
70.9652 4.0000 2 M55
225.0310 327.0000 4 M9
372.4283 385.0000 2 M2
205.7747 76.0000 1 M47
157.7779 88.0000 4 M46
132.3784 46.0000 1 M56
54.7688 10.0000 3 M62
263.0506 311.0000 4 M20
208.6809 90.0000 3 M54
467.7694 269.0000 4 M30
170.8915 29.0000 3 M66
68.3009 23.0000 1 M70
546.1570 352.0000 1 M25
119.0636 20.0000 3 M73
462.2130 179.0000 2 M51
60.2007 261.0000 2 M39
280.8881 123.0000 4 M64
502.3631 355.0000 2 M33
409.4504 244.0000 2 M52
594.5887 258.0000 4 M50
205.8326 92.0000 1 M74
48.1304 2.0000 1 M87
664.1410 188.0000 3 M63
634.0859 177.0000 3 M65
692.5779 588.0000 4 M7
631.1191 434.0000 1 M31
80.1946 22.0000 2 M90
144.3946 100.0000 3 M81
170.7963 137.0000 3 M77
154.3668 272.0000 1 M58
143.9156 108.0000 4 M83
228.7212 301.0000 2 M57
207.7322 62.0000 4 M92
226.7532 529.0000 2 M28
18.2856 2.0000 1 M101
72.5627 17.0000 3 M99
407.1774 642.0000 3 M12
235.6053 82.0000 1 M91
479.2410 535.0000 3 M29
651.8156 278.0000 1 M67
282.1734 657.0000 4 M17
571.2946 683.0000 1 M14
374.4639 537.0000 1 M35
217.5617 173.0000 2 M86
151.4502 80.0000 1 M100
339.3434 190.0000 3 M85
153.1438 28.0000 3 M108
170.1887 68.0000 4 M102
287.9187 563.0000 4 M34
217.0380 236.0000 1 M80
302.5878 389.0000 3 M59
207.4341 114.0000 4 M98
243.9575 61.0000 4 M107
348.1236 193.0000 3 M89
90.3668 17.0000 2 M117
373.0753 820.0000 2 M5
394.7168 312.0000 4 M78
383.0614 308.0000 1 M79
15.8595 2.0000 1 M122
79.5552 7.0000 3 M123
385.6920 416.0000 3 M68
321.4696 604.0000 2 M45
264.3874 583.0000 1 M48
373.0740 168.0000 3 M106
71.8467 340.0000 2 M82
293.4360 501.0000 2 M61
406.9548 423.0000 3 M72
92.9045 19.0000 3 M130
78.0639 6.0000 2 M132
29.8107 2.0000 1 M133
181.0772 212.0000 3 M103
376.8638 149.0000 3 M113
208.1048 159.0000 1 M112
35.9209 2.0000 1 M137
389.8797 216.0000 2 M105
101.5368 11.0000 3 M136
273.8644 788.0000 1 M27
181.4692 762.0000 2 M37
80.6077 10.0000 2 M145
581.8225 877.0000 1 M21
177.2796 54.0000 1 M140
231.5258 65.0000 4 M141
269.6662 209.0000 4 M120
470.7553 470.0000 2 M84
137.2125 380.0000 2 M96
376.3994 282.0000 1 M111
470.8764 588.0000 1 M69
99.5864 61.0000 2 M147
195.1731 249.0000 2 M119
386.7226 361.0000 2 M104
280.3305 114.0000 3 M142
524.2495 338.0000 1 M109
440.7510 436.0000 3 M95
40.9168 2.0000 1 M161
24.6165 2.0000 1 M164
444.2304 360.0000 1 M114
180.2790 96.0000 3 M154
417.7309 524.0000 1 M93
237.7013 99.0000 3 M157
343.2828 1146.0000 3 M8
214.4619 680.0000 4 M75
533.3003 425.0000 3 M110
433.8231 331.0000 1 M124
187.0071 36.0000 1 M167
669.2846 523.0000 1 M97
523.1626 410.0000 1 M116
203.5424 96.0000 4 M162
113.9549 19.0000 2 M174
9.0795 2.0000 1 M178
96.7302 239.0000 3 M146
153.3501 228.0000 3 M148
654.2976 770.0000 4 M71
84.0923 8.0000 3 M180
686.4223 655.0000 3 M88
40.8596 10.0000 1 M182
129.5462 61.0000 1 M176
432.3075 332.0000 3 M138
437.6084 262.0000 3 M149
312.1400 100.0000 2 M172
400.9394 416.0000 1 M126
24.5157 3.0000 1 M187
298.7276 1268.0000 4 M6
413.4052 224.0000 3 M155
616.4829 1226.0000 2 M13
355.9889 383.0000 4 M134
617.0454 1162.0000 3 M24
142.7950 359.0000 3 M139
359.9112 1052.0000 1 M40
179.7721 533.0000 3 M115
212.6091 69.0000 4 M183
641.6545 1009.0000 3 M49
410.7172 355.0000 4 M143
611.2453 985.0000 2 M53
240.1832 463.0000 2 M127
372.5788 124.0000 4 M179
686.0041 1079.0000 2 M42
297.1698 211.0000 3 M166
270.7426 174.0000 2 M173
712.6321 482.0000 2 M129
251.6476 150.0000 1 M177
543.4156 336.0000 1 M151
251.0105 510.0000 1 M125
137.5202 198.0000 1 M171
503.3394 478.0000 2 M131
218.8677 299.0000 2 M158
340.2661 286.0000 1 M160
64.8283 8.0000 2 M201
392.8279 339.0000 3 M153
395.3830 590.0000 3 M118
159.4193 76.0000 3 M193
593.3830 573.0000 2 M121
126.8474 286.0000 2 M163
15.7971 2.0000 1 M204
170.0404 203.0000 4 M175
107.1745 56.0000 1 M197
73.4703 46.0000 4 M199
497.8420 321.0000 2 M159
374.2161 373.0000 3 M152
32.3503 2.0000 1 M205
320.7646 258.0000 2 M168
652.1382 1314.0000 2 M18
182.7838 440.0000 1 M144
696.3762 769.0000 2 M94
169.0529 152.0000 4 M188
57.3164 379.0000 2 M156
323.2694 942.0000 4 M76
146.4552 58.0000 3 M203
14.4201 2.0000 1 M211
135.9813 160.0000 2 M190
139.8599 19.0000 3 M209
511.9728 296.0000 1 M170
47.5756 2.0000 1 M214
216.6345 212.0000 3 M186
62.0025 6.0000 1 M217
184.5313 85.0000 3 M207
218.9845 218.0000 1 M192
178.2826 36.0000 3 M219
287.1954 642.0000 2 M135
11.0200 2.0000 1 M227
327.4008 149.0000 3 M208
48.6658 494.0000 2 M165
122.9767 375.0000 1 M184
225.5875 1265.0000 2 M60
339.8615 421.0000 2 M181
126.9874 283.0000 2 M202
95.9841 9.0000 3 M240
252.7386 84.0000 4 M229
158.8334 348.0000 3 M198
488.9563 368.0000 1 M196
67.1006 11.0000 2 M249
198.3005 99.0000 3 M237
361.8948 612.0000 2 M169
338.7666 507.0000 4 M185
150.5318 47.0000 4 M252
42.7314 2.0000 1 M258
352.4748 154.0000 3 M238
299.3615 466.0000 2 M195
209.0348 391.0000 4 M206
141.4493 12.0000 4 M262
313.3549 817.0000 1 M150
420.1215 351.0000 2 M215
297.7037 256.0000 3 M230
288.8137 361.0000 2 M216
390.0459 285.0000 2 M228
158.2555 507.0000 2 M200
21.6649 2.0000 1 M269
139.6418 1002.0000 2 M128
200.4994 211.0000 1 M241
144.6811 592.0000 4 M189
124.2294 577.0000 3 M191
389.3725 198.0000 2 M245
200.7483 357.0000 1 M222
282.1275 427.0000 1 M213
64.4631 4.0000 2 M272
189.4866 71.0000 3 M263
477.1479 308.0000 2 M231
80.5823 6.0000 2 M273
389.2423 289.0000 3 M234
21.5851 2.0000 1 M274
459.8698 584.0000 3 M194
537.6739 222.0000 1 M246
49.0778 2.0000 1 M276
217.6614 398.0000 2 M221
246.8627 385.0000 1 M224
140.8989 311.0000 1 M235
195.6239 383.0000 3 M225
404.5677 230.0000 4 M248
247.9681 211.0000 3 M251
93.1916 6.0000 3 M279
94.5640 336.0000 1 M233
136.3912 27.0000 2 M281
134.3294 306.0000 4 M244
359.6667 138.0000 3 M267
459.1385 352.0000 3 M239
273.6198 209.0000 2 M259
404.7124 334.0000 3 M242
464.8581 491.0000 3 M220
425.3777 171.0000 2 M265
158.1863 45.0000 1 M284
233.0511 81.0000 2 M280
99.5327 9.0000 4 M292
309.6048 452.0000 2 M232
407.8699 312.0000 4 M254
98.0257 18.0000 2 M295
244.7246 526.0000 3 M223
227.9399 305.0000 2 M256
260.8116 158.0000 1 M277
66.1565 6.0000 1 M299
402.0236 229.0000 3 M268
223.2262 77.0000 4 M293
510.8733 284.0000 1 M266
302.9492 410.0000 3 M250
102.1513 679.0000 2 M212
243.7974 471.0000 2 M243
147.0867 134.0000 2 M291
231.3131 711.0000 1 M210
466.4937 358.0000 2 M260
320.0344 137.0000 1 M294
336.2738 194.0000 4 M286
129.6290 26.0000 3 M310
21.9036 2.0000 1 M315
289.7823 364.0000 2 M264
121.4928 219.0000 4 M288
206.5325 663.0000 4 M226
351.7048 596.0000 2 M236
311.1740 529.0000 3 M247
368.4355 259.0000 3 M285
113.1214 9.0000 3 M321
29.2334 2.0000 1 M322
120.0296 157.0000 1 M300
260.4586 102.0000 3 M309
500.6118 160.0000 4 M301
221.7155 78.0000 4 M313
246.4252 323.0000 1 M278
235.4187 294.0000 1 M283
555.0476 353.0000 2 M275
160.5446 63.0000 2 M317
229.2764 61.0000 3 M318
294.7556 226.0000 4 M296
384.5009 412.0000 2 M271
154.2956 169.0000 2 M306
225.9909 801.0000 3 M218
17.2291 2.0000 1 M333
410.7526 263.0000 1 M297
259.9704 371.0000 3 M282
215.6858 519.0000 3 M261
300.3117 455.0000 1 M270
341.9352 180.0000 2 M312
181.0954 61.0000 2 M329
359.1601 158.0000 2 M316
49.6464 2.0000 1 M339
31.1830 2.0000 1 M340
322.7413 131.0000 2 M323
311.2797 105.0000 2 M327
7.5893 2.0000 1 M343
213.0243 620.0000 4 M257
237.1286 305.0000 2 M303
85.2528 6.0000 3 M347
369.8069 164.0000 2 M326
194.0813 78.0000 3 M341
260.8206 714.0000 2 M253
189.3788 361.0000 1 M304
136.1214 44.0000 1 M349
214.9028 141.0000 3 M336
342.6560 136.0000 2 M338
242.4622 66.0000 2 M353
238.6981 238.0000 2 M330
186.4676 434.0000 2 M302
324.0998 193.0000 3 M337
241.6424 779.0000 4 M255
32.1830 2.0000 1 M365
285.7846 73.0000 4 M356
271.7702 438.0000 3 M305
31.2930 2.0000 1 M370
351.1098 589.0000 2 M287
183.7640 143.0000 1 M351
106.0494 9.0000 2 M373
142.7692 43.0000 2 M369
281.5522 96.0000 2 M361
124.0264 397.0000 1 M319
598.2961 543.0000 1 M298
113.4002 500.0000 2 M307
46.7778 2.0000 1 M380
165.1567 27.0000 4 M379
58.0191 4.0000 2 M382
352.2266 126.0000 1 M363
248.6826 355.0000 2 M332
34.2765 2.0000 1 M383
246.4820 388.0000 1 M328
418.9165 266.0000 1 M345
331.0876 123.0000 3 M367
161.3649 72.0000 3 M376
303.2738 89.0000 3 M374
229.7180 297.0000 3 M344
27.1615 2.0000 1 M387
299.9173 330.0000 1 M342
568.5607 393.0000 2 M334
40.2330 2.0000 1 M390
288.3369 535.0000 1 M314
347.9017 554.0000 2 M311
48.1012 5.0000 2 M391
247.8271 727.0000 2 M289
120.1163 589.0000 3 M308
227.5789 154.0000 3 M372
188.1101 216.0000 2 M362
234.1197 78.0000 2 M384
15.1252 2.0000 1 M395
249.1147 112.0000 2 M381
258.9729 224.0000 3 M366
20.1598 2.0000 1 M399
143.8028 551.0000 3 M324
372.6767 377.0000 3 M348
134.2797 46.0000 1 M397
91.3918 136.0000 3 M385
95.0787 18.0000 1 M402
66.4100 9.0000 4 M405
82.4419 8.0000 4 M406
121.2369 54.0000 3 M403
142.1162 113.0000 2 M396
195.7043 174.0000 1 M388
356.7915 377.0000 1 M360
340.7152 328.0000 4 M368
175.4690 636.0000 2 M325
313.6691 670.0000 3 M320
239.9347 189.0000 2 M389
10.4742 2.0000 1 M421
153.9830 324.0000 2 M375
479.6061 444.0000 1 M357
194.9764 140.0000 3 M401
151.7379 499.0000 4 M350
166.4506 54.0000 4 M415
92.5683 7.0000 2 M422
101.8762 83.0000 3 M411
100.4571 10.0000 3 M423
355.2758 480.0000 2 M354
455.1539 335.0000 3 M377
276.9386 417.0000 1 M364
108.3234 656.0000 3 M331
77.9292 6.0000 3 M426
102.5829 71.0000 3 M417
289.1095 239.0000 4 M393
335.2746 524.0000 2 M352
78.0186 4.0000 2 M427
233.2002 572.0000 1 M346
331.5217 404.0000 2 M371
10.1429 2.0000 1 M428
239.9423 511.0000 4 M355
124.3175 7.0000 3 M430
25.5004 2.0000 1 M431
175.2489 505.0000 3 M359
256.5601 167.0000 1 M409
96.1496 6.0000 2 M432
55.5070 5.0000 2 M434
195.6759 1032.0000 3 M290
65.9104 9.0000 4 M436
430.0540 551.0000 4 M358
217.7632 159.0000 2 M416
197.6302 225.0000 2 M407
144.3797 132.0000 2 M420
145.1720 181.0000 2 M414
214.0014 264.0000 3 M404
119.0235 357.0000 2 M392
117.5341 484.0000 1 M378
68.6455 4.0000 2 M445
117.5058 258.0000 1 M410
208.4371 79.0000 2 M435
63.8843 65.0000 3 M439
161.6816 206.0000 3 M419
24.8952 2.0000 1 M448
586.3834 254.0000 2 M413
535.9372 304.0000 2 M408
528.9073 467.0000 1 M386
63.6382 84.0000 1 M441
197.5904 152.0000 1 M433
322.3454 91.0000 2 M443
333.7566 124.0000 2 M440
205.2517 52.0000 3 M451
342.9237 259.0000 2 M424
186.0170 172.0000 3 M437
630.3535 436.0000 3 M400
2.3980 2.0000 1 M462
233.9746 59.0000 2 M455
262.4149 89.0000 4 M452
141.3379 27.0000 2 M460
340.9053 338.0000 3 M418
121.5903 307.0000 3 M425
27.8557 2.0000 1 M468
228.0936 87.0000 3 M457
13.4826 2.0000 1 M469
224.5137 46.0000 1 M464
80.0029 309.0000 1 M429
29.4556 6.0000 1 M471
279.6724 165.0000 2 M450
341.7234 205.0000 1 M447
338.8243 275.0000 2 M438
212.8294 231.0000 2 M444
80.2104 8.0000 3 M476
390.1892 141.0000 3 M458
393.8758 105.0000 4 M463
291.7265 177.0000 3 M454
28.4445 2.0000 1 M478
216.6365 128.0000 3 M461
288.1619 116.0000 2 M465
325.9966 217.0000 2 M453
138.4924 77.0000 3 M472
174.9011 74.0000 2 M474
331.2632 333.0000 2 M442
238.9035 284.0000 2 M456
345.0419 263.0000 1 M459
183.5870 50.0000 4 M489
179.6445 73.0000 3 M486
178.1432 13.0000 4 M496
377.8349 719.0000 3 M398
256.0262 101.0000 4 M484
175.7018 75.0000 1 M488
134.2902 11.0000 4 M498
89.1793 6.0000 3 M500
47.7983 7.0000 2 M501
278.4794 1193.0000 2 M335
456.9328 184.0000 2 M479
151.0217 49.0000 2 M499
110.3752 93.0000 1 M493
72.9043 18.0000 2 M505
126.9101 122.0000 3 M490
5.1943 2.0000 1 M508
160.1529 826.0000 2 M394
80.8224 6.0000 2 M510
166.8759 114.0000 3 M497
367.5212 331.0000 2 M466
122.5337 17.0000 2 M513
312.9265 88.0000 2 M504
162.9129 332.0000 2 M470
67.2417 6.0000 3 M517
221.3379 360.0000 2 M467
119.1957 66.0000 3 M509
117.1088 24.0000 3 M516
28.8360 2.0000 1 M519
254.9735 324.0000 3 M475
47.6059 6.0000 2 M526
493.1439 375.0000 3 M473
40.4898 2.0000 1 M528
154.1666 51.0000 3 M521
75.1329 828.0000 1 M412
192.3585 606.0000 3 M446
140.8624 20.0000 3 M530
199.4397 101.0000 2 M520
369.3231 94.0000 4 M523
62.0870 54.0000 3 M531
238.9939 641.0000 3 M449
439.9960 380.0000 2 M485
13.1136 2.0000 1 M539
220.8008 361.0000 3 M492
67.7078 5.0000 2 M542
83.2408 89.0000 1 M532
0.5837 3.0000 1 M545
72.0657 4.0000 2 M548
407.7037 217.0000 1 M518
37.3786 2.0000 1 M550
472.7632 267.0000 2 M514
431.6770 488.0000 3 M483
121.3041 7.0000 3 M553
294.8762 133.0000 3 M536
300.0260 64.0000 4 M546
259.8875 517.0000 1 M482
350.1832 197.0000 2 M529
335.9715 116.0000 2 M541
391.8062 150.0000 1 M537
310.0018 475.0000 1 M491
486.3420 336.0000 3 M511
134.1434 28.0000 3 M555
583.4116 556.0000 2 M481
404.6556 571.0000 1 M480
275.5156 152.0000 4 M540
187.6687 264.0000 3 M527
59.8419 6.0000 3 M563
149.4017 60.0000 2 M558
269.5020 521.0000 2 M494
94.7055 652.0000 4 M477
231.7183 177.0000 3 M547
443.7120 407.0000 3 M515
82.4950 54.0000 4 M565
102.3918 23.0000 4 M570
155.5310 600.0000 1 M487
493.1340 201.0000 3 M544
42.2947 6.0000 2 M573
58.6471 4.0000 2 M574
293.9488 155.0000 2 M552
33.9486 2.0000 1 M575
94.7301 489.0000 1 M506
446.9181 517.0000 3 M503
658.1015 325.0000 3 M533
131.4740 172.0000 1 M557
331.3603 566.0000 4 M502
359.4801 613.0000 3 M495
134.6410 418.0000 3 M524
404.1939 343.0000 4 M535
135.5952 32.0000 1 M580
142.5966 17.0000 4 M583
2.0535 2.0000 1 M586
270.4426 270.0000 1 M549
136.3194 472.0000 2 M522
85.5983 9.0000 3 M587
538.7481 468.0000 3 M525
170.4751 401.0000 3 M534
222.6319 371.0000 3 M538
361.1254 105.0000 1 M577
358.2249 230.0000 3 M560
366.9228 242.0000 3 M559
202.5925 227.0000 2 M562
170.6598 183.0000 3 M569
260.7530 582.0000 4 M512
39.7404 2.0000 1 M594
244.1262 81.0000 3 M584
288.9791 129.0000 3 M579
36.6863 2.0000 1 M597
100.6479 14.0000 3 M596
508.0941 204.0000 3 M571
241.4697 68.0000 3 M591
4.0707 2.0000 1 M601
269.2476 267.0000 4 M568
407.2072 124.0000 2 M590
438.4381 344.0000 1 M561
156.1920 273.0000 2 M572
195.6707 310.0000 3 M567
206.6108 64.0000 2 M608
176.2199 56.0000 2 M612
199.0963 241.0000 1 M585
263.2705 50.0000 3 M614
10.0407 2.0000 1 M622
170.9963 106.0000 4 M606
25.2589 2.0000 1 M623
167.3015 103.0000 3 M609
680.6139 486.0000 1 M556
51.5922 6.0000 2 M625
212.2757 505.0000 1 M554
115.5198 23.0000 1 M624
69.6713 263.0000 3 M589
243.2836 161.0000 1 M605
278.0424 544.0000 1 M551
315.4431 82.0000 3 M618
268.2656 122.0000 3 M613
264.3618 112.0000 3 M615
313.1190 200.0000 1 M603
161.2096 474.0000 3 M566
107.5275 10.0000 4 M633
335.6283 231.0000 2 M602
525.9217 269.0000 1 M599
40.3766 2.0000 1 M642
105.3585 698.0000 3 M543
427.3293 301.0000 3 M600
134.1081 68.0000 4 M637
215.1919 366.0000 1 M593
173.7567 50.0000 1 M641
316.0927 983.0000 3 M507
62.1875 16.0000 1 M647
166.7791 27.0000 3 M646
81.4535 53.0000 2 M643
322.6369 132.0000 3 M631
50.2992 19.0000 4 M649
189.9020 490.0000 3 M582
151.6541 418.0000 3 M592
46.9610 2.0000 1 M656
163.9466 27.0000 3 M653
483.5732 439.0000 3 M595
449.1443 303.0000 2 M616
125.5530 88.0000 3 M648
234.9389 348.0000 3 M610
520.2858 282.0000 2 M621
226.5322 303.0000 3 M619
199.5074 170.0000 1 M639
140.2467 689.0000 2 M564
437.0866 617.0000 1 M576
254.5424 214.0000 2 M635
69.3506 6.0000 2 M667
130.5295 278.0000 3 M627
493.6300 228.0000 1 M636
497.3586 201.0000 4 M640
212.9719 315.0000 2 M626
109.3898 447.0000 3 M607
132.6741 20.0000 3 M671
111.4127 19.0000 3 M672
347.6921 105.0000 4 M660
51.1232 43.0000 2 M670
93.2938 10.0000 2 M675
242.6207 77.0000 3 M666
247.8794 135.0000 2 M658
179.2113 498.0000 1 M604
441.6515 177.0000 4 M652
112.7892 336.0000 3 M629
391.7453 257.0000 1 M644
71.1615 10.0000 1 M679
697.9118 209.0000 3 M651
114.9829 121.0000 3 M664
56.5520 6.0000 2 M681
491.3966 349.0000 3 M632
54.8803 6.0000 3 M682
216.6189 47.0000 4 M677
21.7556 2.0000 1 M685
289.1483 403.0000 4 M628
316.4712 154.0000 3 M665
149.8113 19.0000 3 M686
299.0935 544.0000 2 M611
186.7225 52.0000 4 M683
94.0132 10.0000 2 M689
117.3786 21.0000 2 M688
447.5576 433.0000 3 M630
204.0874 92.0000 2 M680
281.7282 788.0000 2 M581
230.2090 743.0000 2 M588
99.4280 822.0000 2 M578
625.1550 299.0000 2 M654
196.8604 255.0000 1 M661
451.4062 563.0000 2 M617
1.6940 2.0000 1 M700
250.9919 218.0000 2 M669
328.5124 171.0000 2 M676
204.1257 294.0000 3 M663
65.4977 6.0000 2 M705
218.0823 137.0000 3 M687
9.9181 2.0000 1 M708
516.5704 254.0000 3 M674
324.6122 149.0000 3 M692
236.7978 282.0000 2 M673
242.2784 50.0000 3 M707
49.6573 2.0000 1 M714
160.5900 90.0000 2 M702
551.3336 573.0000 1 M634
283.4913 273.0000 1 M678
46.5254 2.0000 1 M717
255.4888 241.0000 2 M684
44.1465 3.0000 1 M718
128.8875 400.0000 2 M662
60.0633 5.0000 2 M719
187.1753 461.0000 4 M655
399.7772 107.0000 3 M706
228.9174 130.0000 3 M703
36.7066 2.0000 1 M721
189.1604 709.0000 2 M620
227.6382 83.0000 2 M711
234.8228 859.0000 2 M598
4.0304 2.0000 1 M724
380.0402 398.0000 3 M668
155.4757 477.0000 3 M657
364.4017 567.0000 3 M645
247.4737 83.0000 2 M716
470.3842 552.0000 3 M650
11.2127 2.0000 1 M729
395.3810 259.0000 2 M694
310.2413 249.0000 2 M696
183.5664 117.0000 3 M715
21.8950 2.0000 1 M732
51.8866 4.0000 2 M733
272.8013 175.0000 2 M710
464.1941 691.0000 3 M638
32.4135 2.0000 1 M736
117.6740 18.0000 3 M735
51.1463 4.0000 1 M738
282.5687 572.0000 1 M659
146.6778 338.0000 3 M693
55.4002 4.0000 1 M740
176.9174 101.0000 1 M728
628.3231 334.0000 3 M697
227.8545 232.0000 2 M713
216.3320 178.0000 1 M720
19.2368 2.0000 1 M748
441.0152 347.0000 3 M701
456.2295 195.0000 4 M723
39.1172 2.0000 1 M750
347.7554 386.0000 4 M698
231.8965 189.0000 3 M726
72.9541 5.0000 2 M753
214.6957 216.0000 4 M725
196.8677 61.0000 2 M747
54.9715 45.0000 3 M749
267.6034 165.0000 4 M734
327.7364 383.0000 3 M704
138.4669 42.0000 1 M752
243.5607 123.0000 2 M745
40.1454 2.0000 1 M763
80.6521 30.0000 4 M760
47.5840 2.0000 1 M766
172.6812 73.0000 2 M756
226.5319 63.0000 2 M758
56.7104 4.0000 2 M770
226.5138 79.0000 3 M759
141.0534 148.0000 2 M755
467.3875 615.0000 2 M690
121.5970 38.0000 2 M772
227.4047 61.0000 1 M769
59.7336 562.0000 2 M699
137.6064 72.0000 1 M768
400.6931 239.0000 4 M746
262.6717 349.0000 2 M730
346.5473 343.0000 3 M731
470.8288 259.0000 1 M743
75.4933 4.0000 2 M780
200.4428 142.0000 2 M761
242.9629 395.0000 2 M727
134.8109 113.0000 1 M767
68.4668 6.0000 2 M783
382.4532 448.0000 1 M722
153.6424 683.0000 2 M691
389.8587 539.0000 2 M712
216.7826 234.0000 3 M754
459.1681 318.0000 1 M744
62.8409 4.0000 2 M789
484.8121 370.0000 3 M741
259.6077 138.0000 2 M774
295.5717 67.0000 2 M784
48.0919 8.0000 2 M792
143.4895 25.0000 4 M790
186.4232 398.0000 3 M739
513.4002 169.0000 3 M771
232.5172 623.0000 1 M709
162.4165 150.0000 2 M775
101.1080 19.0000 2 M795
190.7598 93.0000 3 M786
416.0646 750.0000 4 M695
174.5254 152.0000 1 M781
103.0194 285.0000 3 M764
80.6840 10.0000 2 M803
41.1486 2.0000 1 M804
236.8330 152.0000 3 M785
145.7295 81.0000 2 M794
242.9753 397.0000 3 M751
176.4379 219.0000 1 M777
436.2325 183.0000 4 M782
176.7606 357.0000 2 M757
14.4891 2.0000 1 M807
133.8379 25.0000 1 M805
92.7747 7.0000 3 M809
13.4058 2.0000 1 M810
20.3963 2.0000 1 M814
133.1440 378.0000 3 M762
130.1833 135.0000 4 M796
153.5340 330.0000 2 M773
97.1477 12.0000 2 M819
123.5306 68.0000 2 M812
236.5477 169.0000 1 M800
117.9145 76.0000 1 M813
319.9034 163.0000 3 M801
122.0850 60.0000 4 M816
83.8494 141.0000 3 M806
159.6482 358.0000 3 M778
72.8283 10.0000 3 M827
131.2847 48.0000 4 M822
226.9876 195.0000 1 M802
180.9272 299.0000 3 M788
248.0185 412.0000 3 M776
246.6620 118.0000 1 M817
14.8151 2.0000 1 M833
127.8374 511.0000 4 M765
392.7125 262.0000 3 M799
181.0723 275.0000 1 M797
263.5547 177.0000 3 M811
317.4912 718.0000 3 M737
182.3311 37.0000 3 M831
62.3645 8.0000 3 M835
361.6816 431.0000 1 M779
195.4162 65.0000 3 M832
201.9062 377.0000 3 M791
120.0239 20.0000 3 M841
354.1854 165.0000 1 M823
179.9659 120.0000 3 M830
171.5501 761.0000 3 M742
43.6489 2.0000 1 M847
291.2049 444.0000 3 M787
144.4391 10.0000 4 M850
58.7341 4.0000 2 M854
526.8488 258.0000 4 M820
143.5402 38.0000 3 M852
93.3043 35.0000 1 M853
54.0179 4.0000 2 M858
569.6618 322.0000 1 M815
16.7914 2.0000 1 M860
201.2114 39.0000 3 M857
677.1583 263.0000 2 M826
117.1680 56.0000 4 M855
80.7000 141.0000 1 M843
443.7465 289.0000 1 M824
114.8101 131.0000 1 M846
529.6532 294.0000 1 M825
26.9723 2.0000 1 M867
556.7353 473.0000 2 M808
285.8206 266.0000 2 M837
132.6881 28.0000 3 M871
338.1091 147.0000 3 M856
91.7930 4.0000 2 M875
39.3222 2.0000 1 M877
249.2950 579.0000 2 M798
59.9215 4.0000 2 M881
161.1472 87.0000 2 M870
375.7503 291.0000 4 M842
214.3463 160.0000 4 M861
387.0687 477.0000 2 M818
503.8715 403.0000 2 M829
292.9947 132.0000 2 M868
248.0406 101.0000 1 M873
460.1280 389.0000 3 M834
210.6141 139.0000 3 M869
353.2746 173.0000 4 M865
512.9771 354.0000 2 M840
441.8114 367.0000 2 M839
341.6846 82.0000 4 M882
255.9522 266.0000 3 M859
228.9528 258.0000 1 M863
430.0792 200.0000 3 M874
409.3777 134.0000 1 M884
289.0933 386.0000 3 M849
96.2183 10.0000 3 M903
109.1660 72.0000 2 M895
101.6495 147.0000 1 M886
48.5799 119.0000 4 M891
418.3142 148.0000 2 M888
225.5334 75.0000 2 M901
144.0143 42.0000 1 M907
313.7959 124.0000 3 M896
62.8390 5.0000 2 M915
319.5158 281.0000 4 M876
71.0809 5.0000 2 M916
610.2719 557.0000 3 M838
497.4236 468.0000 3 M851
222.2223 52.0000 2 M910
87.9250 170.0000 4 M893
130.3656 49.0000 2 M911
427.0859 247.0000 2 M885
273.1105 417.0000 2 M862
109.4250 16.0000 2 M919
217.5710 254.0000 2 M887
412.7090 535.0000 2 M848
75.3333 5.0000 2 M924
211.1145 254.0000 1 M889
26.4080 2.0000 1 M926
274.8503 253.0000 4 M892
186.7400 102.0000 1 M914
31.3589 2.0000 1 M928
180.5276 115.0000 2 M917
22.3657 2.0000 1 M933
215.2964 814.0000 4 M821
402.1584 196.0000 1 M908
94.8033 1025.0000 4 M793
464.6293 231.0000 1 M904
285.2138 201.0000 3 M909
510.9124 790.0000 2 M828
41.7717 2.0000 1 M939
54.0597 683.0000 2 M844
243.0524 740.0000 2 M836
340.5518 86.0000 3 M929
66.5488 7.0000 3 M941
141.1119 38.0000 3 M936
163.9516 29.0000 4 M938
259.5459 143.0000 1 M922
92.1431 9.0000 3 M942
29.1354 2.0000 1 M944
441.0857 175.0000 4 M920
178.0123 38.0000 4 M940
21.8090 2.0000 1 M945
357.2597 303.0000 3 M902
311.5989 328.0000 3 M899
334.4255 584.0000 2 M864
46.1791 2.0000 1 M947
277.8181 69.0000 3 M937
375.8331 476.0000 1 M880
256.0902 177.0000 1 M925
488.0537 552.0000 2 M872
221.6873 515.0000 2 M878
110.5073 360.0000 2 M900
209.6830 156.0000 2 M930
434.1187 470.0000 1 M890
545.2944 419.0000 3 M897
231.4522 50.0000 3 M952
139.4812 660.0000 1 M866
181.9046 388.0000 3 M905
139.7860 23.0000 3 M957
225.0154 392.0000 1 M906
236.4937 99.0000 1 M949
297.6984 453.0000 2 M898
242.6099 69.0000 2 M954
104.3364 6.0000 3 M962
190.8545 602.0000 2 M879
25.8820 2.0000 1 M964
583.5346 228.0000 2 M932
366.3174 350.0000 1 M918
384.9174 302.0000 2 M927
159.4652 538.0000 3 M894
56.0950 38.0000 2 M966
26.1694 2.0000 1 M977
134.1149 247.0000 2 M943
224.1337 393.0000 2 M923
227.5340 72.0000 1 M969
736.0497 480.0000 3 M913
224.9204 271.0000 3 M946
250.4696 74.0000 1 M975
172.2893 53.0000 1 M978
110.1830 991.0000 4 M845
156.3033 18.0000 3 M983
203.7811 137.0000 1 M967
158.5692 260.0000 4 M951
653.7037 527.0000 1 M912
268.0449 120.0000 1 M970
231.1618 44.0000 4 M982
188.2942 224.0000 2 M958
269.1978 290.0000 3 M950
210.0151 82.0000 3 M979
202.3216 238.0000 4 M959
360.5831 201.0000 3 M965
376.5565 425.0000 1 M934
419.4453 287.0000 2 M956
75.9010 5.0000 2 M997
167.6828 186.0000 2 M972
69.3275 85.0000 3 M987
34.6153 2.0000 1 M999
214.3742 850.0000 1 M883
311.7171 395.0000 3 M948
262.4675 303.0000 2 M961
271.0586 141.0000 3 M990
223.4188 224.0000 2 M980
348.8092 185.0000 1 M986
130.3272 10.0000 4 M1011
69.8279 7.0000 3 M1013
161.4505 58.0000 2 M1006
332.6759 113.0000 2 M998
470.5077 223.0000 3 M984
60.5425 5.0000 2 M1016
530.5395 466.0000 1 M953
45.7313 2.0000 1 M1018
385.1595 317.0000 3 M974
624.4379 229.0000 3 M989
110.4774 73.0000 3 M1012
387.6555 108.0000 2 M1009
321.9407 220.0000 3 M993
247.4429 627.0000 1 M935
230.6597 522.0000 1 M955
309.9581 162.0000 2 M1008
159.4175 716.0000 3 M931
77.7746 22.0000 3 M1030
245.3214 276.0000 2 M995
155.4519 304.0000 2 M992
332.7598 541.0000 3 M960
469.6301 350.0000 3 M988
213.8617 140.0000 2 M1017
614.7275 402.0000 1 M981
416.1534 255.0000 3 M1004
129.8797 32.0000 2 M1036
159.2833 138.0000 2 M1022
172.8506 111.0000 3 M1026
487.6409 199.0000 1 M1014
241.6996 301.0000 2 M1000
78.5504 12.0000 1 M1043
38.4951 2.0000 1 M1045
0.3416 2.0000 1 M1048
191.4571 185.0000 4 M1023
250.6059 906.0000 2 M921
292.3778 88.0000 4 M1037
8.2262 2.0000 1 M1052
176.0503 227.0000 2 M1020
208.3530 69.0000 3 M1046
31.1494 2.0000 1 M1057
66.8926 166.0000 3 M1035
37.7332 2.0000 1 M1059
250.3207 71.0000 1 M1049
255.9027 78.0000 3 M1051
267.3731 122.0000 4 M1044
183.7985 701.0000 2 M963
248.7551 669.0000 2 M968
430.7773 626.0000 2 M976
170.4691 499.0000 4 M994
173.9439 452.0000 3 M1001
36.0610 2.0000 1 M1068
162.9253 440.0000 2 M1007
285.7333 460.0000 3 M1005
70.9195 10.0000 3 M1069
314.5831 352.0000 1 M1021
205.2688 69.0000 3 M1062
234.5722 124.0000 4 M1055
37.6861 2.0000 1 M1073
435.6729 249.0000 1 M1038
265.5718 76.0000 3 M1064
400.9942 283.0000 3 M1034
220.6205 57.0000 2 M1067
217.0822 743.0000 4 M973
159.7634 26.0000 3 M1076
201.7675 149.0000 2 M1063
279.0812 580.0000 2 M1002
311.1778 293.0000 3 M1042
103.7729 36.0000 2 M1079
94.7616 25.0000 2 M1084
72.1701 9.0000 3 M1087
257.9962 733.0000 2 M985
80.9691 7.0000 3 M1089
179.0970 228.0000 3 M1060
349.6154 440.0000 1 M1031
218.0438 86.0000 2 M1081
183.2436 67.0000 3 M1085
233.3907 165.0000 2 M1071
576.1298 496.0000 4 M1025
270.2189 214.0000 2 M1066
126.6323 101.0000 1 M1082
92.6963 551.0000 2 M1019
224.0962 137.0000 4 M1080
47.4457 4.0000 1 M1101
133.0186 54.0000 2 M1094
278.6941 516.0000 2 M1029
206.1062 129.0000 3 M1086
77.4362 762.0000 2 M996
201.7599 345.0000 1 M1056
424.4720 335.0000 1 M1058
197.2861 736.0000 2 M1003
425.8392 693.0000 3 M1010
93.6328 6.0000 2 M1110
218.1188 140.0000 3 M1092
153.1611 32.0000 2 M1108
234.5430 416.0000 1 M1054
290.9983 868.0000 1 M991
507.2329 509.0000 1 M1041
317.0873 577.0000 3 M1032
162.3874 171.0000 3 M1091
340.1703 712.0000 1 M1015
248.3977 1035.0000 4 M971
260.9659 244.0000 4 M1083
286.4063 88.0000 2 M1105
106.4947 9.0000 3 M1118
276.5455 223.0000 1 M1088
61.4512 50.0000 1 M1114
155.0510 195.0000 1 M1095
242.0662 676.0000 1 M1027
239.2720 120.0000 4 M1106
26.7501 2.0000 1 M1124
63.9015 4.0000 2 M1126
397.1825 133.0000 3 M1107
268.5968 104.0000 3 M1111
393.8276 124.0000 3 M1109
410.0608 365.0000 1 M1075
370.3449 241.0000 1 M1093
258.3300 268.0000 4 M1090
290.9139 597.0000 1 M1047
440.1941 197.0000 2 M1104
191.4145 379.0000 3 M1078
181.2487 660.0000 4 M1039
493.7348 493.0000 3 M1065
185.5349 24.0000 4 M1133
32.1719 2.0000 1 M1138
142.9951 47.0000 4 M1132
232.3021 557.0000 2 M1061
456.7808 142.0000 3 M1120
406.7752 313.0000 2 M1096
185.8295 304.0000 3 M1098
293.1355 451.0000 3 M1077
212.6380 150.0000 2 M1121
67.3926 810.0000 4 M1028
279.1238 325.0000 2 M1097
248.7783 502.0000 1 M1072
45.0050 2.0000 1 M1146
505.3736 320.0000 1 M1102
1.4893 2.0000 1 M1149
559.0512 675.0000 4 M1053
142.1831 222.0000 3 M1117
484.2128 321.0000 1 M1103
62.0440 275.0000 1 M1112
658.4888 372.0000 3 M1099
50.4601 4.0000 1 M1157
205.6664 102.0000 2 M1145
70.3846 824.0000 3 M1040
343.7288 247.0000 4 M1125
232.5753 66.0000 2 M1151
31.2025 2.0000 1 M1160
150.2474 636.0000 1 M1070
229.1626 63.0000 1 M1153
156.2914 778.0000 4 M1050
435.4694 270.0000 3 M1123
75.4411 159.0000 2 M1141
187.5764 442.0000 3 M1100
113.8419 269.0000 1 M1127
137.5665 262.0000 4 M1128
56.0034 10.0000 1 M1165
394.2542 267.0000 1 M1129
54.4143 1009.0000 4 M1024
80.3740 947.0000 2 M1033
99.7130 367.0000 2 M1116
477.3937 246.0000 3 M1137
204.3016 184.0000 3 M1148
40.9444 2.0000 1 M1173
414.4046 382.0000 2 M1119
127.5465 386.0000 2 M1122
287.2026 197.0000 3 M1150
143.3820 133.0000 1 M1162
199.6156 29.0000 4 M1176
54.9238 4.0000 2 M1180
65.9396 5.0000 2 M1181
384.0096 191.0000 2 M1156
82.3164 7.0000 2 M1182
259.0155 122.0000 1 M1167
256.8148 767.0000 2 M1074
317.3647 149.0000 3 M1164
11.2208 2.0000 1 M1184
223.2897 110.0000 2 M1170
120.3826 117.0000 1 M1171
364.5896 341.0000 1 M1140
13.7368 2.0000 1 M1187
139.6777 365.0000 4 M1136
236.7530 155.0000 1 M1168
61.6906 7.0000 2 M1189
149.5870 27.0000 4 M1186
394.7012 317.0000 3 M1147
390.6459 256.0000 1 M1155
223.2181 85.0000 3 M1179
105.4059 274.0000 2 M1154
367.7710 441.0000 3 M1130
58.4136 4.0000 1 M1192
252.4292 63.0000 2 M1185
152.1496 367.0000 2 M1144
432.6473 425.0000 1 M1135
145.3924 10.0000 4 M1194
187.7978 122.0000 3 M1178
54.6260 4.0000 1 M1197
407.2459 460.0000 1 M1134
58.4072 28.0000 4 M1196
78.0867 7.0000 2 M1199
17.3499 2.0000 1 M1202
600.2081 459.0000 4 M1139
469.3553 188.0000 3 M1177
173.8257 280.0000 2 M1166
37.8293 2.0000 1 M1205
61.0813 6.0000 1 M1206
151.6384 176.0000 3 M1183
245.1509 245.0000 2 M1174
104.7319 61.0000 1 M1200
661.4861 363.0000 2 M1159
302.7245 440.0000 1 M1152
250.6586 511.0000 4 M1142
207.4211 181.0000 3 M1188
313.7152 320.0000 4 M1169
262.8824 83.0000 1 M1203
180.2727 150.0000 4 M1195
533.0144 312.0000 3 M1175
8.6811 2.0000 1 M1220
240.3962 563.0000 3 M1143
400.9740 143.0000 2 M1201
176.2823 98.0000 2 M1208
114.8750 106.0000 1 M1209
158.7948 55.0000 4 M1218
375.9502 237.0000 4 M1193
253.8185 392.0000 3 M1172
443.0795 464.0000 4 M1163
301.7881 275.0000 3 M1190
127.3737 168.0000 4 M1207
63.4434 6.0000 2 M1231
10.5164 2.0000 1 M1233
227.3056 166.0000 3 M1210
119.4752 45.0000 2 M1227
173.3212 864.0000 3 M1113
107.1602 89.0000 4 M1224
81.2097 6.0000 2 M1237
289.5308 81.0000 2 M1226
148.6180 10.0000 4 M1238
374.0870 782.0000 2 M1131
27.0399 2.0000 1 M1242
178.7900 209.0000 3 M1214
276.3970 223.0000 2 M1213
94.1342 11.0000 2 M1244
515.1003 912.0000 3 M1115
43.3721 2.0000 1 M1247
28.4245 2.0000 1 M1248
217.6290 225.0000 3 M1219
150.8591 132.0000 3 M1235
300.5111 683.0000 1 M1158
13.7153 2.0000 1 M1255
528.9081 303.0000 2 M1212
231.0446 101.0000 4 M1241
187.3106 670.0000 3 M1161
278.8187 111.0000 4 M1240
252.7298 268.0000 2 M1217
16.4770 2.0000 1 M1257
33.2698 2.0000 1 M1261
279.2749 257.0000 1 M1225
228.1374 65.0000 2 M1254
201.7259 75.0000 1 M1253
300.9502 136.0000 4 M1245
257.1849 205.0000 3 M1236
139.4809 303.0000 2 M1221
143.4906 124.0000 4 M1251
130.4876 48.0000 2 M1262
84.8642 66.0000 3 M1260
22.5763 2.0000 1 M1270
26.4063 2.0000 1 M1277
229.7714 377.0000 1 M1223
70.8211 212.0000 3 M1249
208.2665 282.0000 4 M1239
200.2077 455.0000 1 M1215
152.6760 495.0000 3 M1211
143.7902 154.0000 1 M1265
92.8875 47.0000 2 M1281
143.1218 14.0000 4 M1286
163.6934 648.0000 3 M1198
408.0303 530.0000 4 M1216
195.3554 713.0000 1 M1191
446.1590 429.0000 2 M1232
176.8845 25.0000 4 M1291
20.8862 2.0000 1 M1296
183.1280 83.0000 1 M1285
321.0906 284.0000 1 M1259
132.7888 155.0000 3 M1276
205.7497 37.0000 4 M1293
125.8661 8.0000 3 M1298
98.7771 9.0000 3 M1299
181.9578 53.0000 1 M1295
624.8797 255.0000 3 M1267
190.8922 488.0000 2 M1234
182.6743 103.0000 1 M1289
205.2258 174.0000 1 M1280
540.1368 715.0000 3 M1204
56.0187 11.0000 1 M1304
500.2739 464.0000 3 M1243
262.6920 332.0000 2 M1264
422.6108 274.0000 3 M1272
189.8191 105.0000 1 M1297
217.9598 307.0000 2 M1271
437.0199 424.0000 1 M1256
361.3709 349.0000 1 M1268
350.5992 197.0000 3 M1292
120.8711 8.0000 3 M1319
49.1807 2.0000 1 M1321
86.6360 532.0000 3 M1250
279.9695 285.0000 4 M1284
299.4906 73.0000 3 M1314
99.1047 8.0000 2 M1323
190.4794 382.0000 4 M1275
441.9939 368.0000 1 M1278
74.5426 16.0000 2 M1328
394.6453 734.0000 1 M1229
150.7443 111.0000 2 M1318
277.1769 437.0000 2 M1273
139.7494 206.0000 2 M1307
665.6817 570.0000 3 M1258
71.7701 4.0000 2 M1337
151.2957 316.0000 1 M1294
670.8525 538.0000 2 M1263
340.4387 249.0000 2 M1303
197.4605 780.0000 2 M1228
37.4469 2.0000 1 M1338
207.4589 821.0000 1 M1222
479.8160 770.0000 1 M1230
353.0371 200.0000 3 M1311
153.8162 370.0000 3 M1288
54.8644 5.0000 2 M1339
217.8838 299.0000 1 M1300
171.2801 240.0000 4 M1310
564.4781 228.0000 1 M1312
158.6713 20.0000 3 M1342
262.1850 150.0000 3 M1324
30.5637 2.0000 1 M1346
80.2134 23.0000 3 M1344
590.8081 595.0000 2 M1266
207.4315 115.0000 3 M1332
251.2581 746.0000 3 M1246
86.0158 9.0000 4 M1350
191.2704 593.0000 3 M1269
313.7898 245.0000 2 M1320
259.4452 151.0000 2 M1334
107.2414 476.0000 3 M1290
400.0586 360.0000 1 M1309
569.4022 208.0000 3 M1331
209.8145 58.0000 4 M1355
181.6937 38.0000 4 M1361
71.4774 64.0000 3 M1360
611.0620 406.0000 1 M1313
3.9111 2.0000 1 M1369
174.2262 388.0000 1 M1317
478.4232 295.0000 3 M1330
532.2858 623.0000 3 M1287
324.7614 488.0000 2 M1306
113.1201 205.0000 3 M1349
480.8265 259.0000 2 M1341
275.4048 686.0000 2 M1282
298.7960 106.0000 3 M1363
505.6264 350.0000 1 M1329
401.4952 530.0000 1 M1305
210.6727 409.0000 2 M1322
21.4707 3.0000 1 M1379
175.7885 578.0000 3 M1301
220.1413 577.0000 3 M1302
322.6648 273.0000 2 M1345
1.3036 2.0000 1 M1382
566.1801 363.0000 3 M1333
514.8791 226.0000 2 M1354
274.6182 103.0000 3 M1371
348.2045 772.0000 3 M1279
313.4777 151.0000 4 M1367
67.8128 8.0000 3 M1386
41.7443 2.0000 1 M1387
218.0166 227.0000 2 M1358
634.3603 243.0000 3 M1356
262.5754 844.0000 2 M1274
453.7343 597.0000 2 M1308
110.5167 8.0000 3 M1389
361.7325 553.0000 4 M1316
188.9980 34.0000 4 M1388
330.4082 260.0000 2 M1359
211.4624 98.0000 1 M1381
629.9333 527.0000 3 M1325
293.4905 219.0000 2 M1368
144.1356 428.0000 1 M1340
189.7601 96.0000 4 M1385
309.7914 839.0000 2 M1283
301.5120 109.0000 3 M1384
213.3817 60.0000 3 M1391
344.7606 281.0000 2 M1362
528.5455 280.0000 4 M1364
41.6075 2.0000 1 M1402
338.6400 184.0000 3 M1377
232.3788 191.0000 3 M1376
167.7215 368.0000 4 M1353
194.5002 167.0000 2 M1380
328.2170 552.0000 2 M1327
69.0707 37.0000 4 M1398
22.9618 2.0000 1 M1404
41.3550 2.0000 1 M1406
192.8068 104.0000 4 M1394
97.9087 269.0000 3 M1373
344.8933 334.0000 2 M1365
185.4736 -1.0000 -1 M1378
67.0150 -1.0000 -1 M1411
111.9147 -1.0000 -1 M1335
547.1677 -1.0000 -1 M1336
346.6963 -1.0000 -1 M1374
512.1057 -1.0000 -1 M1375
113.0620 -1.0000 -1 M1410
242.2005 -1.0000 -1 M1370
430.9104 -1.0000 -1 M1372
79.4816 -1.0000 -1 M1252
560.0446 -1.0000 -1 M1347
596.2807 -1.0000 -1 M1348
421.8083 -1.0000 -1 M1343
333.6815 -1.0000 -1 M1383
335.7295 -1.0000 -1 M1357
80.3859 -1.0000 -1 M1315
267.4231 -1.0000 -1 M1390
293.7364 -1.0000 -1 M1352
349.7894 -1.0000 -1 M1396
336.9962 -1.0000 -1 M1397
298.0886 -1.0000 -1 M1399
302.0530 -1.0000 -1 M1392
296.1385 -1.0000 -1 M1393
121.7722 -1.0000 -1 M1351
177.3016 -1.0000 -1 M1395
327.5553 -1.0000 -1 M1405
410.8177 -1.0000 -1 M1407
315.1845 -1.0000 -1 M1400
528.9049 -1.0000 -1 M1401
173.0496 -1.0000 -1 M1326
426.3971 -1.0000 -1 M1403
413.2543 -1.0000 -1 M1408
308.2981 -1.0000 -1 M1409
288.2074 -1.0000 -1 M1366
