DA/da_large_100
(1, 34.6825482375768)
(2, 38.18942905393266)
(3, 14.438935000538965)
(4, 7.710826057274263)
(5, 2.335525133843556)
(6, 0.6377780173188172)
(7, 0.3772771370054975)
(8, 0.26409399590384824)
(9, 0.2119938198411843)
(10, 0.2048075886601272)
(11, 0.1563005281879918)
(12, 0.10779346771585642)
(13, 0.057489849448456753)
(14, 0.05569329165319248)
(15, 0.06467608062951385)
(16, 0.05569329165319248)
(17, 0.037727713700549746)
(18, 0.026948366928964105)
(19, 0.08084510078689232)
(20, 0.30361826739966224)
(21, 0)
