**** Histogram ****
(1, 49.513855128828396)
(2, 23.553719008264462)
(3, 11.74039863879436)
(4, 5.663587749149246)
(5, 2.6981040350024306)
(6, 1.3855128828390861)
(7, 0.9965969859017987)
(8, 1.1910549343704424)
(9, 0.48614487117160915)
(10, 0.4375303840544483)
(11, 0.21876519202722414)
(12, 0.48614487117160915)
(13, 0.24307243558580457)
(14, 0.2916869227029655)
(15, 0.21876519202722414)
(16, 0.07292173067574137)
(17, 0.07292173067574137)
(18, 0.07292173067574137)
(19, 0.04861448711716091)
(20, 0.12153621779290229)
(21, 0.07292173067574137)
(22, 0.09722897423432182)
(23, 0.07292173067574137)
(24, 0.024307243558580455)
(25, 0.21876519202722414)
(26, 0)
