**** Histogram ****
(1, 20.129011507397614)
(2, 14.906011007075978)
(3, 21.335144021156456)
(4, 16.648202415838753)
(5, 9.572225001786864)
(6, 4.788792795368451)
(7, 4.4975341290829824)
(8, 3.1716817954399255)
(9, 1.5920949181616753)
(10, 0.7308269601886928)
(11, 0.3663069115860196)
(12, 0.26802944750196556)
(13, 0.20370238010149383)
(14, 0.17153884640125794)
(15, 0.15724394253448645)
(16, 0.10542491601743978)
(17, 0.11971981988421126)
(18, 0.09113001215066828)
(19, 0.09649060110070759)
(20, 0.10721177900078621)
(21, 0.0679007933671646)
(22, 0.08755628618397542)
(23, 0.048245300550353795)
(24, 0.058966478450432416)
(25, 0.02501608176685012)
(26, 0.03216353370023586)
(27, 0.028589807733542992)
(28, 0.026802944750196553)
(29, 0.03752412265027518)
(30, 0.026802944750196553)
(31, 0.03573725966692874)
(32, 0.019655492816810807)
(33, 0.01786862983346437)
(34, 0.019655492816810807)
(35, 0.010721177900078621)
(36, 0.01608176685011793)
(37, 0.0339503966835823)
(38, 0.04645843756700736)
(39, 0.02501608176685012)
(40, 0.01786862983346437)
(41, 0.005360588950039311)
(42, 0.01250804088342506)
(43, 0.005360588950039311)
(44, 0.0)
(45, 0.021442355800157242)
(46, 0.010721177900078621)
(47, 0.010721177900078621)
(48, 0.008934314916732185)
(49, 0.001786862983346437)
(50, 0.18226002430133656)
(51, 0)
