739.8309816469906
354.0898705567115
391.1173255084184
251.51511637472368
648.4884643428563
182.53974740550575
884.598925360764
286.75429082550454
400.6988271698001
331.5574992064103
304.4262467177614
178.0272652234471
245.41411967348904
171.7927457354308
307.3843572734186
273.2456141953444
180.81146162176628
35.33570319318369
214.76867389211202
244.37159049363345
266.8460245578717
657.6568042549643
241.61996419638854
240.07679351244042
298.43933355286936
280.0066379338839
217.40242260430875
227.96703711095233
380.8313322717679
299.8441130583235
239.60031603793232
232.97907172723717
323.07384453977966
384.81716219412556
512.7311995342379
256.0525256446326
277.86209917910037
389.70915252228406
322.9488507864562
507.32568104774873
201.39830696652916
205.40311396606285
390.0397990249048
259.09170700813957
190.58366020668473
300.5702632908624
0.5066936832881765
114.48335980833326
443.5332715448276
221.89765647512286
167.25888084030157
155.8303571526376
11.75911844032089
305.71460434338405
235.61490482025647
232.68617851864815
199.6413142542125
643.4319225560521
250.3220279219663
253.84175715980882
360.7992022682047
330.78308590256256
720.8095144916174
301.1593174879881
247.56757539175305
341.8348170687459
572.3139006947058
174.9803033230428
171.04275308683827
231.83219210862808
863.8564777279789
247.23215400773006
260.8830570426735
36.76142494282067
168.2089770333605
763.909358403539
671.8008100070856
323.87835754676235
97.24528007100739
343.72180944196896
57.46394157950306
83.68684280032505
244.78924846518078
168.47997184699284
362.8269475697425
398.29198370220183
257.6092575667967
212.30583791626577
327.95524391822346
43.24774989572825
134.89118624402454
133.04852397983723
774.6086531353058
282.4495670195356
151.5670476252344
737.1922613889228
195.12143163228575
500.2872215758862
300.94102958534313
116.39187548440987
189.74100607965556
234.4687826036843
263.6179032793925
195.54154248184932
275.7809324370701
386.2506541847397
276.45682096089513
232.03104529941447
226.44585670678316
333.421898350216
358.8325703402891
219.90945637093603
538.4922191513132
442.1001058584709
143.06568707441556
523.3013393577082
721.9712326856475
462.0067530365018
245.78639420046738
236.74787394482428
489.06332461252987
292.324816107719
618.301714948735
218.97189514262573
548.067255184711
23.594552111394478
85.35408239382741
264.34234294601356
223.13350357787385
422.2849290927252
399.3286888777038
182.96957842343363
432.7988341568125
322.1305269330842
850.1055997276014
241.31703314672848
181.5512715431662
336.43610982401424
227.03847050528475
666.8197133583849
298.3596884762751
354.8572008315068
368.932332360484
351.7456863047569
265.5481444339257
429.58516436069294
276.44880601653676
182.49708906062824
160.13521476918322
201.23840641847073
197.77332340928933
308.23519482862685
365.8194048710084
307.00120384959973
94.94060235598772
30.822632594363313
28.429673063169503
60.93470685995635
197.71888489530102
337.8105565001224
232.60866701232771
222.65528393453496
275.9916187150593
374.463969244438
480.68578469905106
163.9900785405339
112.33059758361424
587.0095740067131
173.49776122425783
658.6149414515858
482.355699768229
199.22452335223352
52.87159848052215
270.23762510026245
359.74603011090767
448.71952269071517
135.81947354072145
232.22470448419335
191.190648346128
156.43338931269864
413.3995579914608
349.985553083834
226.9458496564621
271.75731053467024
195.30554398179606
192.40381045483946
201.60029637471644
344.90740713298374
544.7052915336401
120.24395690890879
342.21749988696865
282.6145356235884
573.3628479739841
150.89467592912752
88.1497698267467
40.25937890370824
475.9043387845204
172.20856833628568
628.7322943636809
354.8263446399669
393.5789808571935
179.59302362113795
276.91608055420875
143.38834538745596
218.06670246843532
610.1158702012926
152.51611437123938
47.20438465060579
869.8159378068394
635.8712894093568
162.34795029371128
19.00455420737535
149.10942941462076
599.3836702913829
580.6156696025753
169.71730048985046
4.936646596612263
358.6650743822738
37.25198520122103
591.9263760291037
470.0226359595572
52.85109709489734
694.3334427872815
135.35605103640228
371.36132341546
246.46318332900046
524.4698371577679
626.731410537448
236.95901439606132
387.9339167241915
334.25167752395464
262.7339107353291
249.79478073070095
170.04354304998196
2076.7415414603242
2265.4997888665507
3783.189518999049
71.2389908996131
411.0432067122125
42.48691534057889
104.5432470891459
420.6247624862631
62.309004581260865
302.423043014031
58.192089876278715
2744.0609159977075
1440.929332904309
1496.6549132268838
359.4300951843652
1898.755558007696
14.590991166805509
544.4387416031709
7325.519897484402
2315.377624332874
641.7775421527786
2359.0096973731693
2374.1335557008038
378.7101608040639
6.364154553026765
443.6466818748704
705.6097063460304
396.27232530142373
569.9594107112925
40.43615626916562
718.7757292841229
35.178123713974855
742.360469335461
479.4181339100196
302.4277053814458
428.26873491426886
1491.0574380394037
795.1281809100092
49.76057561412563
492.46116085823815
234.5144292594369
854.3785735027157
825.2373340893844
470.9273291045565
55.24020187400765
481.7112310803577
842.8206565443088
92.63292161414665
403.18185729682864
1066.9415050656216
90.25229115966158
302.1162736628521
98.28598901642454
565.5160901275476
97.87830199167911
320.42642888173486
19.938999712569967
1335.9877726123677
361.8022623789511
30.77079140452406
592.0795983145606
67.29403980291977
556.2210965842601
147.53570706271876
603.0210042650588
657.9357587261861
466.3077065168659
261.9126228904197
364.2580029318515
125.60128420299225
219.45218199317242
212.04669899699365
6.913056189538111
319.39196566048486
160.1991545783394
7.214455730922964
62.96677431759963
281.6982697825406
243.77172975643498
209.43730081502872
392.42564280846364
285.97075761376436
725.8551813741851
171.48151595461968
273.93675798403274
187.30599143198924
207.2060654181405
317.5089591469323
628.0621775391717
562.1785997627871
19.226462811673173
208.41695096548892
265.4276079771116
532.5998931541399
293.92253568683645
350.8067609864811
273.85704412334326
278.421506086137
487.20824621182237
140.65883070138807
275.38868730473223
310.7800848477509
598.759839145293
285.4425849494837
559.9527903809849
146.59098020658348
16.41042987501271
879.253621573647
800.4375930536046
603.497004889306
192.3979292616882
182.731768787467
446.12449389395533
467.40151732556114
242.63046099071835
301.9465930384322
497.9631156152145
320.8431956536433
322.62568927167104
178.35880787996848
290.35609489774833
370.50288104626816
42.6274699777523
160.88628604313726
118.8381991786373
299.0836059551366
297.5366779494161
540.039646209163
227.3266186127621
135.54419864660434
970.3726960168078
94.78494152573694
383.82689167230706
275.0432383095381
403.8049737427482
681.81010579642
507.52977329210125
187.04497844951675
586.3936388557331
181.70241200340752
845.4218359315419
414.0576209171677
300.5523060023488
26.223565951991077
393.98321696030143
157.87837458468493
473.13019751850607
306.5118458473862
687.324784890463
221.48755726636045
427.7593625165289
539.0587790339833
187.68850963170485
154.8410725541878
451.1266106041817
387.26295552836655
342.28769156348426
568.6856491696876
364.31726409989506
3.146655884187112
95.33005121986753
330.88761022317794
85.0639452648893
235.8577727640086
249.65157747818012
194.457810633422
112.73912836457293
406.77535722533503
276.6340193604783
292.4824318311739
246.51107128136755
217.91327108370297
250.65107458700186
181.42573079286376
266.2290033067384
226.8114509449606
186.37749851288027
155.7259520929092
252.21798590103754
342.782824986351
426.1371175140341
358.32024321074596
648.9717497958104
214.10544070715287
351.88612202798686
409.4256513305895
360.1471406301607
375.9696631310644
482.22554622704047
331.3154507330555
356.81930366978486
218.59780546333423
267.58646737533945
421.22879512261443
293.55766614903496
242.80353557867056
225.6124578990857
207.28563963025954
237.74722938154082
353.3004723147824
274.80081734650594
218.77639053879648
254.42995674225858
969.1421380673823
61.61492743075928
176.45889460081412
411.1317981032191
436.2548674867976
375.6679084783673
267.96527927778607
211.1230535679747
802.6657815850344
304.9636403376935
353.5108610277957
410.8807018124844
278.42307867443924
433.8918103260903
88.23495917892342
223.62109007739855
396.705761717114
222.13295662305245
269.14728105965514
478.8284348202051
405.35309379444516
131.98019631717216
123.21445008567571
405.66324243448616
235.83650736379604
204.2669309634257
667.9509408452116
428.23268178005446
113.87341854861324
229.75183492143606
296.67411822860186
402.501196865609
408.5868987949707
752.3533227466733
282.2699024526919
417.8291485174641
243.16958875232922
215.4040486971253
288.85563106765403
720.3836847311959
620.4620732228923
246.66598962856187
283.499787599756
309.9094744053655
1906.4475765734214
408.4929117628453
1122.0335698873719
1581.616895098965
1403.1132893221547
824.5464521931658
4021.2093572972335
1379.2055069776825
2380.450583376317
628.9549326527758
89.94977099101084
735.4527340791274
644.2931181869453
1992.2440175167553
823.0407059067766
8.463667192773755
873.8343633290224
579.4487904725602
46.6345586815296
495.19683710463505
49.25971241920888
475.52774267777204
121.83896194864246
568.7185264642194
97.6520108064417
803.6885335104951
689.2133624294333
283.41014044517806
76.34979209063522
1550.7669833593745
98.13638696478938
514.3118545865755
470.3674118272793
56.90297218856995
393.685373927432
94.82814433114527
8.376047331686095
501.7201363371032
529.7944759956163
451.18856644452535
98.12604926091808
454.5525207415085
437.10378522305655
261.29799611318526
238.2619633230321
352.77406109919934
561.2062564740174
107.47913227655499
469.1628233413844
565.9304019876035
163.89157498460054
343.7633649947329
229.87899750799352
298.3427602282354
342.4282571386484
271.2012923865859
479.13678000788786
63.83221015913023
621.0668604481334
277.4054102755672
58.69065734089145
266.4770927232794
174.9681087482386
849.2829375472702
617.4958678771436
194.63048583761883
283.81043433423656
300.0352180536172
423.7565767895778
115.82847772491573
70.32465134598033
385.7628166977697
561.970487335308
268.64617807031027
223.28293492914872
302.8291425600901
496.84323940601826
333.8857328355243
261.0356601974545
221.11075306052408
354.9952569841025
258.87020683129776
643.2717421624438
297.76822935393193
775.3120096941202
197.81215810679168
214.52620284206205
200.22534796538275
217.30922191546415
317.42678147365996
325.15078664224666
247.2473234142501
268.6254128177284
247.23997952783384
275.3269362697961
1043.1397422555729
293.10832219990516
227.84099545595564
777.2312306420899
488.1543379627401
54.69553057276789
28.205528740280897
745.4607117760024
287.4548305062326
305.2740325431714
345.0155791290081
441.0298618768802
466.72464336909616
581.3986561946494
194.5150503829318
514.5311956218407
293.3412880872228
124.17973918052985
124.89135582244649
314.988181340904
653.0414786786746
327.76920484794755
175.15998350086375
162.59971814587334
357.06169036480605
245.12508111109946
531.8913071034422
175.73121203164646
234.59405243101082
353.12110102485894
501.77244225602317
293.36135079532505
255.41889405183883
337.3478156064484
33.17291592780657
213.398554045918
471.8243597867495
15.469222202656965
492.9876439370728
225.62344524425134
232.56400908151045
856.1508796622115
365.8452871012805
366.25631346678324
323.27085539951076
233.85730731157446
307.0390420411495
453.46498731018164
418.3249265321897
246.00052432463917
345.575678991363
367.20192219450655
475.0437479361026
348.04872464810614
522.0316707855973
459.3778702203508
368.22686555843757
206.138431942004
123.97586683186
463.87714217326356
346.29638889270063
186.12089945335902
267.3252404920786
111.66271649906594
595.9917271629582
211.44153186837207
243.36390959398773
75.0292479467289
165.07930356567294
528.1612439925439
261.0934727161348
341.52684850079504
431.1591250187944
403.6208809751406
251.02195833970381
291.4084091507657
341.6253730872086
400.2554295480495
327.3655102987368
417.978406413833
127.8340945257487
704.9546819947655
379.2736324530815
124.27138836573613
236.17814388138686
504.2424285016423
147.53356119955606
650.1929051867028
3.3881247823501326
159.70574764727462
236.60167300475314
278.4760360473315
245.5097797498065
302.9812030435255
256.43076281307594
254.78676787970562
255.54408213914076
501.483757582605
372.5956997661274
52.716814545484795
445.14539097890065
740.3585521589403
347.42332680379604
317.3440848064256
280.520177748268
277.1288251468368
294.2394469836081
368.43840904510944
361.36547549050283
397.1014906901937
381.2152507052906
255.96135343098285
209.91534241288537
610.4046868319765
54.023073329598446
80.47670260406233
3536.3909299344978
4417.530039746748
378.1442911356262
2868.9344791272406
6304.093119028679
732.6863770994933
109.93435601464216
1096.1939382527717
1498.7075872601781
157.79451807679106
564.7136055567989
109.14461511597165
582.6499605739891
6.107572172548316
503.85042063646415
518.5692713100016
588.0432295683686
1058.9649679032382
321.75338363808623
47.62000435709888
434.6021067851344
3846.9709197591774
559.7542058573144
593.2585838844516
76.11377541738602
437.6237830930286
60.093612982898776
1543.787635275994
33.177901466655385
297.81036569613207
58.326795457329354
277.0139127588209
289.5929186531109
187.91655140189584
321.5548858693628
447.18174142032535
154.2191822882919
160.5544391849894
469.65594267222195
224.76471656332978
1122.0813426657887
125.42600325328021
264.43471106434663
737.7626829292203
191.5262525573362
302.7142208849955
436.0057367655818
211.63934983360377
641.9221496983737
254.75571330428193
391.3047704124756
285.6108085163596
502.3104706809954
13.701419367631388
235.44827285451186
290.00761256011106
368.26196371763444
181.00115542894673
216.33314198022026
273.35107081389424
447.7437480309354
774.5797487222267
289.2237839099653
719.3004789537563
932.215275696738
106.89307488472059
565.5461438373204
681.3244063787342
603.3225836107913
185.2263785994055
450.83342044337405
489.84559841043733
184.27092838820226
255.82269673365067
821.6204910165425
490.3999297866362
79.33421758493341
427.4972756072043
472.9580010609343
222.18820658862387
114.71646234236232
183.39584769790872
44.34268046208945
744.3029458328756
336.30050337787725
290.5837017631038
170.61470514735902
157.17936061449018
406.09094679287136
247.11288665475695
529.8081069911586
26.652085556270322
236.3090119343767
41.24420779833167
265.8135056900587
327.30570549832646
368.178840221457
327.1378815269027
301.5428557924356
350.5540430400656
289.7169012326367
313.6598569773905
319.18095544878634
726.5980737565369
196.9723706765708
902.96397062294
484.587448225303
310.6800356235872
190.10799840015443
410.0288247542212
161.42326926693204
338.4423784655464
439.32157098956486
233.12036513613566
265.99834452841935
24.579167950139208
342.6890675400439
152.6387944594835
515.2648881729176
398.4718076692534
325.3213810715338
287.8473565596478
335.51893230731184
296.4804031010485
251.7950415359237
301.0156368949647
463.0793623479585
78.0372371507874
412.33635865561973
531.6044931383267
450.67667449004057
282.4427217918592
145.4989671953308
59.57088706446575
339.63347480886387
257.4965252581351
430.03199048285205
450.5978512403435
279.20718163285795
292.2878509042946
201.07586589145342
319.9611959396225
174.3253656327563
230.3659657606388
264.94872217077545
419.48729890925233
107.65924550108866
671.4798225701657
300.8919623065626
368.41816384968934
269.33890531260295
620.6239909086844
592.7470863286208
861.2452384928865
780.2273586990659
52.05556882580913
297.5328898290272
122.9876204335742
246.95117231224685
479.304310557658
43.36969708364336
5030.07181310116
2107.998432235684
63.406069850779545
382.9244446261731
64.41274457395707
4366.257167792846
1510.0006779927653
1413.707759401173
2329.4116004522944
387.5269558787668
3552.6682770779507
471.00353927604533
481.1142615243202
955.4825038947133
481.72634328315735
1177.4593777759965
99.21294044661136
920.311427867443
1107.6432644118704
553.3341894802234
49.53406106401599
1511.7042984270456
90.86172579132653
1137.663505376551
29.897655502299358
1363.951006768718
607.4536150717054
598.0433833591851
612.090423328319
423.5502988572489
56.873989733779126
222.48076100739308
1075.316590927493
83.03353246524057
1233.5811940540407
332.36897350823176
279.27158769075515
352.56762248333973
60.28963279792674
536.0022996811999
268.16730900156654
253.96437744142168
725.3766736178172
638.5557016552943
578.0705357898469
409.3689581526178
486.7068321315646
283.3305412530417
376.78952086401114
376.7385066240431
81.24099700029365
216.9953638208326
122.5206386516411
75.12477807586765
459.22400904025744
293.86615293782233
469.40513673277565
21.07920226727947
935.7905428800789
236.70819743783238
201.9040640427579
635.378447875717
659.5941930930258
208.4824612076727
344.90460237113984
402.06025269574184
379.06722633073514
230.93019010356056
326.65457506649545
644.7937091296899
227.1863762741541
624.0701086139034
346.34863752999536
312.2184428213004
298.58553164738623
167.83004940732735
238.59443265035407
80.25676577778358
334.4682586641029
409.9188202992409
436.5347163656945
352.62830709645095
213.98360307242456
311.4265356663918
42.4689946337362
864.2979068496252
357.2062493874246
11.629679576063609
12.043133512027453
474.7207982936161
448.96570300907024
324.69867724094274
288.90174175693755
322.3974410624742
411.94724021506863
325.3547204515662
185.12529771897243
233.10586568026338
250.38208758523797
638.3009113890603
250.43250895876372
243.32801677715725
340.8699487924011
237.7847756045736
179.75337058690445
246.39494060189008
426.75017028740876
453.2659741528064
240.11201655821515
568.1065026890192
872.1642005696222
293.38327643559205
44.2454377278882
119.05724122302036
165.1930328169401
426.79611451415803
738.1978770638143
338.31073114632
418.3256251404855
285.4930868525389
214.58825582337886
226.0591898470575
62.48233990207609
24.511617744932664
245.42534874690864
245.84149955233443
747.7183510725772
716.3262984470896
250.015248797166
199.02087424584374
172.34958284734125
38.725289028308225
372.36959009607017
276.9167492128049
234.55152548523665
270.20805523156787
240.7938067070413
109.22317893957234
479.48395398226285
405.953477740597
176.57487858170134
789.9430150708131
373.3190641859874
323.5138527990948
99.250777991424
386.18511100176056
522.4938808428669
89.71696251227695
265.9053557789075
380.4325969250194
565.537242602406
278.11923069443037
472.16167501010386
51.23394081682386
563.6448094351626
68.56534171300234
4651.909784168212
2030.5374153510857
42.782170064166166
75.9126666829523
573.9692263433694
100.66862738916905
313.1585320888544
11.28257908095793
5585.22973583539
1908.2751100408495
55.351649261895474
524.2054134501176
601.3854133341346
2626.69970637223
508.57038848893717
463.2078043571013
111.52381462609083
788.3559311954002
388.4906999159598
346.17759810016605
54.180538402441925
1066.2583226517918
423.84489084083907
909.4825919511677
498.9894789960881
42.917135935316765
580.554940369434
651.570240154032
525.7568919393043
98.52375267069328
418.6637960611606
77.40494250334632
381.61529230445376
885.6225937074669
487.53153532067176
1645.9573856152435
963.8661661836513
207.68273955542645
263.70384112952706
1027.5684698291607
388.92100360380846
78.36922094575675
537.0178382314607
103.105646077649
467.64232634968994
12.965145281687
520.1518055163024
611.4170776242499
322.0176719834289
423.5859625928002
371.659299491242
231.13265412939472
214.39533631563768
189.24686984362324
267.59878778217785
460.4338562070884
709.0999751798072
26.98540278242899
402.4596380011508
176.36149438707434
617.7310940160705
141.57986103750045
139.44483176144604
528.4099835274837
20.77996897649882
155.65747969249696
193.90987457856681
443.41450245113356
336.805570620455
277.39831957983006
190.6463663732966
652.2500452041713
252.93099971086667
508.3459709522649
220.5491580922992
158.4845112250391
513.3608860526483
643.2365947740332
351.6608684524076
236.6276910091924
794.1817391974109
403.9363414904001
496.2266228472936
811.0720376323725
477.065574358965
330.18347435504074
208.67343400611844
643.029767267285
357.5832440838276
393.4756388088954
233.47460142345153
341.7268969657999
210.0486888370349
276.0065669643591
300.8959109331206
230.03273986708905
781.7324375972582
199.5033605556314
653.0412235772669
363.34421899757444
241.36659564586853
260.26282840230124
435.38509488952695
348.16998609889833
443.17057090438084
389.9631486805838
419.58484734467584
417.9087789256655
259.2181418532491
239.50982474880493
147.2584341751408
68.21406987188766
387.58682369777034
264.79022128279576
392.49588175529425
440.42212469597143
27.61797585887524
270.89021102895606
112.29166925696495
384.7208018605079
93.37340128860023
236.60263564923162
173.8310265336654
256.82871196678343
73.72857980951585
199.74989859140396
291.78954963397337
553.0517583667051
335.7832036961113
252.1257987313984
363.72465837560503
389.1818145239167
338.9141462926473
427.16429010256616
365.61034548255157
772.699693124674
488.1014136264812
132.92869234756472
180.78450520679962
98.26754223233729
112.34931110471734
168.58926188788064
259.02994070855493
413.6367407233647
396.3740688087528
40.27929804515516
478.8980410566482
39.99769340273372
779.9343723085523
6179.274042258558
59.13639376251649
59.152437271538545
485.9290283622337
59.31973355714865
557.022840788578
1042.3058625729861
4573.417881604231
1201.663834330739
3808.2682546535607
3672.394285900695
1367.9325563709167
742.5763957026211
592.1631629672427
136.1016893781216
252.94457342893475
550.2922703192153
1161.7746452952424
682.4824508994338
699.6525030696421
49.2160216226639
823.1695859491801
63.01571350653376
1544.319568046436
968.7033363690416
5.951450253372968
12.381726008803525
696.7060733661583
626.7733588246974
48.17235955143917
764.5698533453779
301.7874138556699
736.6921906651489
900.5447627946169
202.7622348486898
350.2761997551529
799.8039107414788
66.13516736865313
1922.9683777999917
52.50659457097572
482.60037490473223
5.291085926251981
974.454030247739
237.8323412099769
384.1214509030742
389.51081970590667
298.35957290316765
387.64577042063866
290.48420290109425
331.9109929916772
335.26232291497126
382.5247188431913
631.1678514295909
229.25805846979074
738.6069318335267
565.087518074738
188.3016314275028
215.8043985718923
178.66233663600997
179.62605358214296
233.52270230710747
214.85601382863751
323.7952485151018
307.00638881613486
283.216809365631
530.4693681154255
144.10671899630233
289.6056414462357
215.7037813754
462.2764838789135
435.2321788152399
308.1606167077125
385.1195971801585
679.8404425686554
276.0773333543166
356.16506950309576
386.83301827123796
536.250994334011
421.93660312852717
716.172801120747
248.1445168280752
132.15312031114445
249.36399226041794
316.38082565130753
135.5174259160067
144.67301608218077
656.2970123620198
913.6521749764972
253.7857296398986
207.0119506212518
211.50645371669157
204.98099917178502
274.9078902473643
406.5559561987893
252.20188971556263
432.23835564232104
263.4934519228923
322.15473711495906
389.36860583102407
346.5379818295414
332.4582360590739
181.28344571880007
572.354317623226
420.48866259550414
241.35649839553662
750.9500798844683
198.17171205224713
161.00594016539253
394.93985900174266
210.71317615280532
234.64790963408632
332.6967639388349
460.9883292729337
957.3150995549333
1962.9351836785117
2657.960177087443
100.31001080956071
4347.051589912302
1861.3488507168095
545.464702187779
935.2515425180818
1007.4326382900608
388.4710847086026
2336.890375554415
623.0528844217661
339.586241482702
85.84148250412568
435.5600033560904
712.8324090541364
815.5478638678524
1388.4107195221764
53.97688444381947
790.3740188872289
6.807522914702531
773.7225386650853
642.5567690110547
321.70889822974186
99.83031452194882
255.78124654448584
120.15648352814242
465.45561926781374
523.3087063920884
939.2426489472529
130.4588097627086
275.4281612448217
60.042674055676116
437.64141839352624
33.61877816557944
764.330048333914
671.2183400905119
833.8653702760712
590.423161777484
28.999564979431852
361.1322600403846
50.5673259836467
280.27952104168617
735.9567529670458
676.1584562800672
25.348395152269404
28.82110173796991
779.8024690704169
463.51048641828675
90.69739116179699
736.7337118066607
1560.730117663984
633.1681421587928
4.973194144373792
316.189581818388
333.7964560749797
179.7022921565108
546.1807982257278
420.3257146729384
399.2849238526396
400.04618648244923
830.4846620687695
204.56197234888623
637.5984009426493
265.4158610912036
169.76998273768731
211.45882307570355
217.16623920676284
220.45699249548852
292.0132953387383
544.7585624797357
225.6007535133217
124.1752626230359
476.84590923386486
243.96550200567526
360.68917335665265
343.86117330451543
372.3146822600015
523.5428714043742
204.18248796411626
426.02369353269205
351.40737763286415
382.73875492926345
381.65186227753657
249.33568916844888
451.41392159074894
430.16827819977516
213.74945760063474
406.94132008190445
126.35799067644257
130.0270756302598
480.59174293303295
188.70356919256483
6789.629993503007
1327.2802472866251
1759.9752995785257
633.976275393549
624.4218531035172
69.8050945308396
646.6637865094403
65.04894883095312
773.7444464377149
773.3387957094637
45.279435253144584
712.4496709599271
817.8390346557071
61.916771301375775
267.8018103275408
445.2099009296335
1289.922433144884
11.34457490933005
120.53429903471397
667.304664548099
60.4688873711807
502.94114832852074
771.3308959445312
679.6250764159404
985.2129662649695
109.28044844974829
610.8358706713325
72.87345995159376
782.4087465946632
132.88074199999392
1542.0766961979698
344.4154792573245
130.29038425683393
249.82646164526557
193.05950302679923
262.4073327039184
231.35526888076765
787.3379487667116
263.726726963504
362.49590193742915
334.2861046997268
366.3266973127529
394.00676178592266
166.7599157530458
736.2344571895037
334.2878171265029
482.9541354263756
259.70620763003444
435.91423756281984
357.4628961343442
253.6574386034108
42.022830844991404
332.2928600524465
223.5583534273428
228.1465000418575
518.8347770868204
2938.0995573305136
59.23216395368047
864.2063374578133
4133.745999504856
2119.8513215452167
86.98192103108227
316.63271411911774
59.15054097519601
2946.454903527826
1464.7270370576266
1849.6656540975537
3353.427193178662
2514.298908260925
2445.480315902176
2373.5951723322596
2748.6817658219243
44.39304212082425
565.8787199750313
362.9439328203091
964.2605574065251
704.392255878674
684.716254722141
721.7340111674021
2.191480832850175
2403.7286840610404
474.7316559997489
43.09286408116077
283.70654573827414
483.2553293275487
94.06785503462561
823.6760026666343
103.66501026354877
313.6027051514095
467.0082551535736
996.524243705205
835.103023259453
732.1907871143603
454.3161790862987
786.925603837265
54.960832971793025
709.4956238533723
47.381821885973295
700.752912509849
43.689918240898805
875.0539342556958
467.3086945376326
80.04889359554
816.2463588695955
145.00067210074485
689.1557505317919
2249.2519283870315
640.0204321672445
50.9559741062104
518.7955891080117
70.5881534799588
995.0931383979046
5817.649546730607
74.96313277496883
529.271470968811
103.5477141978406
354.6452138591428
66.79797151481512
1786.6345669901443
2276.369697080878
2262.0359607695186
3940.943276886332
2663.0250038245404
1704.5774264110341
1274.0948954733203
883.0898339148671
42.62928878859759
431.34304635670856
111.82756413937341
918.4769714945776
114.6864308156255
480.24603372197816
124.93782509725133
651.5096967522213
629.5659274562922
718.2217596744194
53.39223095340276
828.9545597466986
1447.57516758553
501.29782309294023
574.4572571068347
662.7101211360015
619.3689104956983
417.0198362733945
455.6980061190534
197.66490586288683
472.3081104414382
710.9449234528447
91.72123640240261
610.3252874648351
47.1249323582515
1408.6165286781124
142.5320851023589
557.1134291344752
668.5832036366937
336.6127600429031
189.57440767677576
160.79371117145115
26.971611096756078
41.84151559337192
186.01032600864073
32.02920906193913
564.505824745595
247.5609442128166
437.80144901807716
227.44132184058253
219.35436248648693
192.51075908477287
439.7155716295638
457.5466442464967
327.47176857274826
309.39295710939314
302.3974881101976
599.3707815453627
652.0838250375837
286.74706317010714
431.60076379632847
62.85399643717028
5.725512533212168
10.839912459505285
131.60551494519677
217.4314002792289
1.517984145787068
109.43064991985375
21.30125787693919
68.17066700510122
499.55249487183414
326.16977496917434
264.8024901519725
33.90048928061242
18.888669809682597
122.58244755589385
561.6311967791403
202.84300564562818
284.62706205604354
131.52244526185677
567.4844686393299
434.7298428583763
811.8810748192709
195.6547411776064
267.2702345996968
80.04474979214592
309.26941113443627
204.15637961854463
501.27129109127054
182.44750426760766
6.449465302444878
27.94107736863407
397.3984195711291
42.077375948720146
278.1738869429167
652.2882381804847
673.1950222991725
488.2611452133765
287.68187902771933
283.74873579878295
239.54138037612256
242.11764096052002
454.3205388346114
183.75653939770564
477.4625527713688
207.68235304204882
78.181768963781
373.4238691352184
255.01056041153788
256.9582471392023
39.29533754221484
666.9018396888005
240.71874403890797
297.3466715746508
406.04048272130785
59.59474215703449
496.32569675264676
68.29873906318608
48.07803506667915
438.64028249333023
198.72038398623954
177.2356770310762
48.85207093306235
690.6653052917077
266.5943258658326
303.4111375444968
259.601843646175
239.24859623034945
952.2756030860091
37.74545453661267
20.15044428886995
353.4073678446457
36.592149165695446
478.78565264684494
851.5254710598629
190.19822700903842
69.67351946600684
340.9902444997242
119.51077088576585
477.0199696705831
1470.0144150784226
335.15637342532807
531.1084660295226
32.41439221146334
68.60767017321905
133.70701543551604
137.17018016372617
140.09852007719974
427.4642731415995
129.3536369925946
144.43734530045685
287.03878538326535
245.03226064516866
113.8569132412913
84.15969448622855
110.12854965855422
168.04210460829427
177.6031443934753
182.89988281052229
210.2487181636916
139.31058866380135
70.82338125837214
451.9317724226421
331.66003511712825
136.28644821629678
106.68623090182155
200.53657868876235
580.7662026239959
239.60292782546912
21.300001277031697
556.2240089722109
457.34792059086976
242.60059109133908
111.25684528683601
142.85261838667105
614.3150195060616
763.2810984924604
533.5089843066307
134.17253782065427
625.240197854881
301.8591505918944
28.73968862549691
17.215515389679695
899.1049493994828
848.7299641653608
621.7936275392303
481.0798088212423
522.4079574135394
47.84682852877086
36.44343799371836
467.826819036286
778.2412640499188
455.69639883643686
50.683816205757466
359.5804717710362
809.0059593005053
49.11137896724131
605.2797639115579
82.11984681614831
411.17710230318835
100.22226251165102
69.58097884370227
505.45228496615346
91.16530683360634
293.2698615537374
600.7236786496524
854.0196103968101
461.07485657374764
307.9917464078726
731.0858773310401
669.817094844966
391.3363113357673
165.5860928964421
1105.2173812325964
408.8995626335727
716.4353809692693
1299.6357269186244
708.0432845585906
518.4138840795767
2315.4124242281173
619.8939238287867
1203.158484645125
56.843681908569124
1805.2835199898873
635.5650359218439
1288.7311628981288
23.401680489511364
660.5035248476233
551.3877311565498
1327.2531421517165
911.8890574916541
551.7447838476701
1225.876617296788
1781.1680850993062
287.94331636513743
2324.031121656359
40.72457205279625
387.5551367856806
796.0503527053352
24.813727458440553
3823.721100216244
267.5359434567313
2385.976606957945
370.9787138429401
16.991420046138956
813.6747750380846
36.36836692333691
1683.5726234229196
1339.2946679771094
36.168774806908914
5.833738676086796
1273.2475977484796
95.74200474734016
475.44101207742506
2955.0527547501456
1393.1397954203258
777.6075107281831
388.34959659486776
73.59943313429903
482.09860047906864
4.394141999970088
4854.383697681515
1499.8483449328614
1036.288540631047
1478.9543602027275
584.3280813575348
3057.0621324588487
1092.8615723353778
1572.8782065933656
1286.2215328380516
3.773692504430528
4362.014083375894
1311.5950717555297
399.3062516905211
462.1540517611528
90.82061584508506
96.2897522846049
364.98537733717603
80.68417272009447
481.9597012382601
296.84785871459553
501.7373730299305
60.94469931619142
33.56398691212826
665.1618642161357
352.8050034805692
837.2019852162703
535.8446245093264
189.67792992019167
538.0778609728341
408.91536790521513
35.00276600527832
24.577955007964192
188.35656476166696
194.85466032748081
169.02232286653452
79.3098173809758
147.45251419695705
9.722206351005639
1255.1086361244966
459.4598168484142
482.82997385560543
463.21276021113727
25.88441034225707
194.9262246811536
187.09998379864192
112.02604530017652
320.45840271621864
5.0055539349991705
24.10391475264214
192.1724755972209
465.8611897949131
264.2219556689797
335.72078436885204
130.15647181520853
478.07655199880355
488.90305619140236
70.1104196976521
67.61641353024606
586.7590948357165
320.24157536358325
291.1026304318639
151.35778273133474
20.348427940773036
362.94543456604697
25.24975055862342
36.757853524177335
47.93222293904546
10.162851859155126
151.31444359213765
445.1046227690863
344.5200509677461
81.72486278202632
107.2077389356723
296.44582006818564
100.17906978467681
446.9953989732703
192.820189885113
514.0376055920797
302.3924841123908
527.9894032878901
117.37462307989153
199.3579060897382
245.35432428577133
299.7039531124792
202.43240989671813
238.0489266497434
228.3349309793266
196.9824483329039
30.561127836374
18.606037912186366
200.73744088706553
815.4283265299637
818.3975655671492
114.79777533993934
52.548520925705134
102.33182724804578
363.68073019679014
553.1938159255164
269.36701404814767
476.8876139330673
180.63361584462427
157.64550513987888
193.17230991887664
434.9680732547031
452.7689716708528
599.4334688805939
365.10274366665817
578.050447937545
49.21004659500795
25.717385784955695
303.9333203382457
349.76809575380867
125.48589527870172
197.68140751548344
388.7315501586181
64.09651476556792
37.85400153899536
248.08081579011923
166.3990354139828
949.5365431540461
980.309505732695
339.1382408543218
50.44034515621206
302.2526289953744
567.0167448301377
969.256719087738
132.9504073834878
512.1443217622264
110.51779394930873
115.95905946224593
339.4604437961425
52.90065115762809
86.34559298048316
12.61737186501523
481.6482759169012
644.3663365589173
462.4100571337276
390.4385198476175
97.26486287389162
188.36387067726417
112.41794530516393
212.37979165650506
84.6754291278944
759.5355331339633
36.15351704746172
389.94484039419103
433.08435960558745
105.5159006995791
550.2752255481942
291.64929216835253
523.9992330774348
26.97225629748027
320.6100391047985
398.7670332408543
95.78945015270892
919.2114780230531
1152.0332584830585
141.50033541009907
245.10531773593175
98.97779724863358
44.82840226116059
1030.3306412398033
834.0850894308976
3143.307199051908
634.133467081303
786.3471257400952
1195.079406615152
532.8975869851274
1124.8012906899276
814.4294754773744
17.501051738171554
1014.8742813313343
2009.0649196041036
684.789415659061
44.19423759223719
648.791324353715
55.543877600362975
1205.7256431931764
1916.8825900261172
451.48710057921835
479.6621673845293
2587.2372996486547
47.2672466523627
11.652751195221754
50.6470404875663
1013.533173389123
367.56689647041094
4.3154533077677115
418.47550975291597
2653.9448898455403
1579.8281667267638
576.0444520710275
464.94438565473
980.154902423214
1852.6851845466836
1414.6401717400058
2220.030210666093
0.8324376189229952
450.2642918367319
1130.9892563220988
540.7319609888232
529.1919605958929
367.63797272510965
4450.64088688333
927.2142550503754
564.0735145972135
0.49517159584911496
1995.026633003854
1455.528922712626
1352.794354895037
5.348700881759214
2104.796445180323
1655.3780518005215
782.982666920555
2.562568973271482
1283.6771572654839
388.39001098696986
66.1646598438308
35.85489552260469
186.25351570773773
294.5226159668655
284.7552774626756
291.92954576439206
302.0628563761902
229.5628045462695
7.214152875018044
177.02285645837856
384.8460108309846
332.9512759972595
316.19210591340106
422.8950260218944
145.0842620979347
143.34166863210066
231.47694465096265
835.5237503324252
119.5797898568544
36.35122882638461
547.2608967605902
233.28560210991418
37.672747886641446
552.2849328793836
360.0065911953261
25.27633438545854
373.2295922794101
203.3675687434993
49.07571146935629
9.928774428923134
121.62676168215148
261.19907652649226
295.6197123700331
314.47802471619434
292.0169126230471
143.7813319230827
519.1435793650771
462.33966229480575
41.601723865095664
594.635929205394
202.5947739027706
195.32878175527367
13.772933491287404
405.1310505709407
378.8488115614882
96.48581779915366
404.67291555688826
392.95372407209015
94.0262822302775
275.8128666253051
753.2192042913612
153.42036749307385
116.68703030225402
70.98580945733352
128.6942496364113
183.67148463579133
24.180398244647222
49.37918989619038
33.070478836149505
267.3351280298225
511.95041142647415
103.4806386283708
41.516917607750656
368.92140442030177
584.7917164178753
158.0084019998103
241.05653028855977
775.2599564810398
178.85257331459343
170.05791277958633
477.9343683098823
562.2611719972037
18.984396507319616
385.27145413530343
1075.7664135342511
17.08770567389115
416.4123797065538
95.98452802881229
479.0877129800456
134.00995707365655
452.7062933751258
121.65590610643221
470.0030772905493
97.06443344803483
469.5424302571673
117.99158391549645
1487.89135287318
467.14773666484416
436.76129397726254
842.0724667319028
64.9273871903315
324.8530376807903
521.2814215858925
150.58416506308959
703.4043726005993
551.8555117620938
393.9988353085821
605.3629052572123
123.01584334779045
76.09807845358364
505.95147680795844
88.54590270160679
395.87630113306705
99.12951187340695
883.7648219653702
1392.8140408415275
510.9500463372988
266.23548210622903
460.4135730378166
36.528554828873894
841.9984234495441
795.313297069606
25.854567590274655
1336.023288021534
50.989461133038276
2607.275362520044
977.6509950729578
781.2519569194033
1437.8501103293302
2595.0468004738696
955.9352482452805
466.52571190418985
1980.3119290277355
1520.1857433398236
57.98201987176617
394.78456931626533
20.719839647041226
358.41565003314827
417.1254648679178
33.77936417813453
855.2139345772757
939.8722452990478
366.76191444920187
6.344109440923603
1921.802186135058
1462.0638663926975
54.0130516684776
383.06361281561567
364.42996895744454
455.1272796198027
923.6265404812002
1391.8343777146747
655.4084930884228
858.256332198629
760.5504553002702
891.567880652653
2412.2416879735356
734.1781601725024
1620.509944125547
551.0105230883146
1430.9672380331676
1082.5325625352043
0.2987141179187347
3437.6029789966105
537.8132163435866
427.0901708509009
819.3800763783911
82.03455914809865
612.4234384396927
1491.9653691628582
2347.2867984087625
1022.3140729027436
517.0850332213686
1794.3811083504693
118.68380884136877
195.723266428462
42.760014133286404
37.31882535950626
202.10644182756005
73.12810348025869
5.3580385927480165
227.47941684121906
445.7584099308997
651.7172926336034
196.29313601308604
246.1317809075781
491.2897475023583
976.1959439338034
600.0387784178483
312.940463755197
315.25398562678856
246.08850907742817
49.12920034185663
263.91284422814715
218.58886731310304
1.7360354987203692
207.8546555231415
277.9083435487105
183.1036879587475
650.0589281982054
55.04550077776662
14.857282397741983
195.85516181282446
86.21475276117371
204.29902587372044
239.65266693969852
258.2519966910072
264.9975994906249
400.0391824919593
163.06695229769412
155.57100246662958
332.8573789884822
102.62150786748771
865.9377956916014
798.3105109142889
221.35613053302404
50.43752530752499
510.94519553971713
327.1997751839199
358.7260730368871
239.22243178200915
198.33835037478457
69.49595005570336
125.67347357366452
267.23052867591315
255.29048117417227
1.2942953354365727
675.606619564691
564.072017239889
37.81497816448609
376.1640686960975
10.457385674356374
449.12981206284394
87.55168425293141
343.69554650938926
145.2648832620862
420.08868454732965
321.42105523097007
570.7569169653079
80.05526078822004
84.93802962123664
275.51846955228575
1377.3211604749122
154.85801373976574
406.74328728870023
163.53949654959706
824.4906661756413
116.06065478296841
350.33617287595735
464.6416268322864
114.9017434188471
345.7454071420201
751.8211863525833
534.68234392503
379.7243136017969
124.70696160531725
373.64963181817984
577.8918517484371
47.90716125547078
355.6986551137552
341.8524185678684
659.9359244273
800.3802920537692
75.07058209824754
301.7396004026041
1158.1495885145005
303.7753063544669
752.0103442369546
478.03669182952945
222.78819114223916
504.34066391463193
479.8662718949895
964.8167482018061
560.6526390020936
511.36347709738675
20.984963332869484
2434.750648004856
57.58561795756759
596.4030263606492
465.4731878145776
1194.2343796879484
935.3978913457101
514.6264102046202
1531.3925801411588
555.7822199083557
515.1482522778742
1574.2627691824819
840.3297424862203
622.0351188318436
491.6913954910451
3213.4831014992515
2094.552954257074
35.30235268371075
1023.363809383294
1943.909112429309
2584.8995739488546
645.6677640909381
1502.483764008959
1528.531846573309
1.0652492923454702
630.4396288095195
1318.6332649472306
2887.5739337695068
81.89905706530044
83.87245828997948
2963.0047172781333
714.2191645195126
4.713626802860745
492.46515089720924
0.4044766056995286
80.33068438718192
2055.110477479083
498.4918960217701
2524.056725917766
743.5610838934172
4.56199965619453
667.6138896303557
638.9390304423223
995.0136354616275
1044.3158225372954
1660.6408921204084
478.93805767195863
1526.218342500174
188.3469898068272
7.209902339130622
181.42653251800857
74.8880629824057
183.8565730820451
263.20097204481044
283.1709379234567
265.39111279421377
393.4832167540085
25.116122761287443
465.91538757771286
1178.5920487071753
19.547113247562265
653.593258633603
278.0893079030675
318.4116655798034
162.4380575698824
460.790539372314
350.773024100612
220.40858634203687
264.43747984015863
236.54702160601664
231.0096237828384
859.0484762572363
283.9972381387204
377.84473187322646
458.559768084765
352.1815675968405
86.60931904164272
42.59502594967444
253.56143177411423
207.28208703206292
521.3380091817735
454.50077272361614
1057.2759825597532
11.521360478856877
85.66046220945736
213.10298932512978
15.32158052277282
63.25958452798113
436.8226857409518
857.7772794174707
73.69688408351976
106.74195655997028
508.6552677443833
44.39924847163638
345.72515913671486
332.25461206987916
351.168935756717
108.60026567051727
251.82983225049202
86.98584197562968
59.45283799796607
564.612181568591
230.7496759114615
72.36132865527179
540.6810783351393
607.1916319663978
100.99656456349294
244.27540107465938
577.4463064837473
53.055651390413004
68.78852015898246
242.42994483960683
120.81004918774852
1000.1406063336899
345.53471562383766
34.02944225770989
705.5517362224127
266.90483451104956
132.8370519325872
597.9537339450535
478.8006390356031
541.1167032522694
55.793432552464765
1098.8030245727805
1542.2614199474829
971.6839642186296
538.2569270246786
574.7952186680486
547.4541915953623
1092.8006992365845
1161.4338562641851
1051.517159723595
411.2860405113852
954.2603321537927
581.4431641877591
649.121996784479
29.23203020257688
3109.948001026804
1031.0275354519636
1454.1088034418808
2294.606043878629
2683.396342495093
42.06754941196141
2613.1725738876703
2202.11036047625
1.5108582694119832
1638.9715713279538
625.8808161843754
1102.403818661961
4.110826793603337
3228.938976522182
1133.4292103705375
1146.0679607896654
4.260205632292582
1042.6602989675089
125.16274781224911
493.30842437521005
1125.5032031897454
647.6402475029399
865.8947611800986
488.5599679035149
690.7568945556795
1213.2420540574767
1085.8328257801386
579.206025350576
1660.7769594416668
343.38315300760144
541.3975389888536
716.2604936896128
600.6829603103361
98.41889793715836
393.7427031583875
944.1172981298287
547.3091136956682
314.66839899329443
82.13790168853302
302.65554984827577
1072.7153496408318
252.32324361008614
302.44984298951204
598.3837048331507
287.01674214727336
99.29385927045769
91.79891671002224
419.82788521162
57.861193637001634
60.017265358459554
396.242068754771
116.81392710048996
1716.4624312488745
456.6325045041756
486.8251812846647
64.06833605039083
26.960889529678752
349.9502223365921
103.47151492312469
267.0565020905583
310.96459257610786
111.85956046372212
1275.5743383387444
142.857686698595
573.7573980918432
1084.4740337250287
293.74562578534915
99.54005353650427
120.30904482258848
566.5326987491717
341.3724632338235
53.98606854693389
588.405453503623
1315.7173038802316
1475.8886241830178
1539.0289701021275
682.2643080319604
443.3239439183035
607.4710719891664
2975.1845577833105
32.34372942683967
1280.6258343686395
1405.308047666811
2282.280166696298
446.54539920190837
33.32174531819328
591.2363942858574
303.53531242396525
309.0687610489497
418.25374948262333
1643.711136233294
295.0209093604508
1031.1120300862149
25.675974314915038
320.1583026192102
1686.2656625775917
274.85721035960364
713.6323995173782
19.358053861427834
30.069971385934878
1651.9910910359117
308.5966864573975
980.3995796390655
34.263447604080284
347.5890534102109
1310.6181872349362
398.7932896548955
1970.9550008795356
78.91989911836708
758.7190743614992
554.9352755646842
468.2333354707898
1724.4430859445356
509.3624697532323
2225.819454414075
2635.7244842830914
1314.1105274024321
1910.370228600027
1132.1475304099604
455.4191825549151
4.229497748570793
4161.075400043112
2184.7292374120752
5.632746589324597
81.86979310952484
2963.899382587778
91.9167052954599
803.162056611131
1985.8813174525276
83.8186715749307
0.9750805032508651
1572.227684937292
2.941544801181408
190.02938258255642
163.5261801839007
111.37317130129907
129.85569203836474
91.73552343533345
101.7977583132872
62.29540736695708
129.51254009344507
13.028906225197261
25.33694245339757
98.54747415538213
117.4585213768828
26.933548390785063
61.684511155222935
132.0702561816588
198.05865919310327
281.3761955120917
56.69861390091637
88.52096315216886
19.9654283184027
139.3508852784721
258.6472196345885
68.5505335014559
103.9183677513397
73.36708898998586
133.80280242311437
90.19813930110558
202.77660187127367
141.37276567003119
295.7643289774269
78.46140975265916
84.165918000077
131.8344948315189
113.52008760616081
125.67756167779498
175.59924738157224
143.3768613207094
204.57019096449403
109.03786330550793
87.24013496519183
75.81179275915201
300.81544920369106
4.26403713999116
147.7460762272085
81.23047929650511
76.94849982050982
238.56168560904916
204.27835193583996
54.85347708237896
95.5257697324032
122.9828627183706
132.9959536945844
181.25531081026747
283.5984366409193
81.76329942070151
123.28632070171807
95.87748256169289
46.499061563104476
17.539869231765408
56.92640853503718
36.554684453588834
12.128914295618529
28.73719195869944
0.11399596172270776
62.00799760633049
34.2399249650166
59.80116383560153
35.3935049712552
74.7404355120766
79.30244851954944
38.562153553360986
27.830108199815186
58.05534878659637
40.69991003247287
24.886441826947248
14.15348924410273
31.69514032061261
14.027991056765131
13.659396707664655
8.313334012180349
19.348048029568872
18.500025412109153
19.401577734181046
23.230993835717527
7.218498256960629
68.94478353575414
59.071251328013204
36.79062439190693
39.522097302682596
40.95775904601578
7.266698440837899
18.96520007750587
21.429466442808007
27.617128241601677
55.56746756921348
31.31963080444075
39.37090076396635
36.85138676244242
66.15673352653448
53.04035961332738
46.42955446670476
0.3030854325652399
14.407524977034882
57.99855207103792
115.22803887968439
52.745176858582454
43.61804896905687
121.19935148465629
2.9409430646519468
64.1213627324787
40.55856458429207
35.58167098804188
127.15940526348277
48.577894522371025
41.540576404643616
38.46984267632433
11.279263272016578
55.6700492725231
25.35337559508025
31.136927542380363
39.955747194280775
20.94242012428549
51.16677141492255
23.31815821589953
32.13987824946889
46.45241078816434
22.842246531252385
42.31962254298378
57.472387781404905
74.83914519394784
410.0823493020673
1176.3941124498117
426.1616486599323
191.28491361193346
652.0988660730777
83.04109429928485
114.91085685156486
117.59582226368047
75.81978565481495
0.6236232605988334
97.82375840875102
1211.6594520397966
6.324574145389306
303.81588120444576
320.1448000559749
91.4600782244097
87.47833524638645
98.27315444171109
352.33234585332684
110.03602776154094
1079.4377989550694
8.338808680734473
1594.7810153153441
139.90414427068026
576.339306637994
3.8701255388095888
81.88800502495724
1528.2403471278617
675.755739971693
130.22669359080464
2753.1804937863812
147.37497948152122
136.7270474755269
84.8504441486748
1424.4660416052948
1529.5873496442855
253.1839761778756
447.36167682224186
0.6342782752963103
496.5805731623441
513.3981539823685
96.38658972473377
1484.7148947952508
1083.2776368653895
129.47670306080317
962.4065227634601
949.534587844144
509.3118250212383
2512.2900205028336
330.57701893120066
294.07957948791955
103.81800444837063
2.723583260367377
181.58047035965927
102.18296806206445
748.0197730347035
156.06141522013445
2.238051479357182
165.84413237667718
122.13429621266982
306.9031869332632
387.48754767799574
143.40681372654626
625.3681943636789
95.54688906065394
89.3436646859218
323.55662745012205
259.509742825177
4.3028296493348535
294.17753498091224
969.0416977776085
468.26820447122736
417.86788684313706
169.27240928499577
325.9010893439681
107.35042457372037
112.99755938019644
340.19861903391484
359.7822570245489
102.61305348011956
408.3144791255662
1156.737705349709
436.9607757778224
97.28305808638243
74.48176209240864
742.7365163480395
3.148504798363774
117.25955584729809
106.12131946646105
0.08219918842678453
79.21059865537063
100.33460328720321
1217.9261375409837
306.2474496586792
326.6913432427327
170.9094067078977
2.5000060954835135
92.01566830130014
357.34397894414815
114.71432179674957
425.2112676074257
662.2167122001274
1590.5158619235162
623.6806935929999
0.8175794499038602
68.50291709505655
0.006214199360329076
1093.0422463314098
415.5259088037783
669.9584363586653
112.66980596535905
2749.2505864116642
4.640133651739234
147.85653146437562
1651.931148583525
1534.9069925335916
252.47751626560057
0.6332511155214888
453.8738304474282
404.80901218565305
514.9932890289183
86.21226176188259
331.7863703016691
384.806563369792
741.0021417855846
992.549660758772
1050.6316817020925
241.5553661767908
6.991885754399846
674.6021120567375
132.3974510136013
494.3451311058516
3.1460606004302463
795.3995310584169
1.3079622953646322
1360.6321037341522
1113.2285667044707
73.77665647212484
79.1324353887095
84.41378205183588
87.96361221177995
756.879053268184
3.4600577376056663
335.16578122621286
123.75069368489585
302.2486484814542
549.761914220629
620.3062479571076
6.748661885304045
89.09253449584367
84.55526188146132
99.36936601569505
219.49001417306636
123.40641488339952
7.807714356332326
402.89650866365173
3.974843077366131
1456.3290252445822
0.05071179479909915
319.2862764203901
90.22944885860215
509.2598353609046
247.26888283674361
341.2460872682477
357.1740263891006
1720.9047900241567
18.00245065615968
116.56229539420076
91.15406629219171
123.53036355398001
73.07815068412162
145.56949030197984
111.4845880750645
138.97213260579997
98.0640118862134
3.5091746918890294
130.0881468403718
111.26168323632282
48.256821680952726
114.22366972642158
115.16662407268859
127.23789526183282
151.7807965737111
172.6118528518241
86.43231042464731
103.44859374008865
43.871028576561
21.87354877426924
84.87649212422866
48.21072615676121
95.5729641193011
98.94609940655846
103.27315141887448
71.7106510005242
43.56586409198735
80.59291998375375
4.238414972393002
21.743653149349484
83.95054069557591
34.01061588422999
93.6893207207113
172.02894162449957
12.529105314012668
141.83188872344
73.1529283579348
104.98158528512249
17.145227077145137
57.27290691671442
43.780946436213526
28.84846091198324
93.52046745320695
128.2614314240791
160.75694772768747
57.689350499267675
68.43131505654674
60.438711390003846
26.387599247480466
144.69852313821684
121.4069186104025
173.15086862178396
104.88540229017235
70.21716621254745
3.529197002420915
54.96882846722656
102.6693451646388
94.73841938527221
19.102009587966677
16.76620806692881
183.85828902193862
1234.1241580619917
819.166295133512
2931.130067205727
853.9181147642712
1298.2924331075747
1244.1199496904824
4269.614938113974
1639.3978252081552
779.4722299041205
5236.950049787778
657.9684989911639
3829.5544754273255
66.38024967090783
304.8952812890956
80.67170903434499
55.710035165233535
76.94666672783524
244.27009660649003
52.17933593059206
17.310204496506458
68.13674259745744
26.545967569054483
133.6351495700851
71.43579815101634
173.49048816434765
39.59131933967819
20.42652309920595
71.20239553599731
47.85457730876169
20.51373487778892
98.04632193219004
61.5261468573226
192.91640446589963
4.463478777927321
38.44379309233227
22.603884343263417
77.78630026454402
178.61514853162453
46.752252140799555
44.4914429073433
135.61801417737934
63.93805541704023
54.53116907261665
3.7379467023474717
29.54309642669432
9.324699100010548
194.19141603994558
80.94812387817456
101.96376835781666
13.464559332149292
20.746608292783094
69.09815034467101
71.64268707165138
27.096353221526442
97.69305780880131
248.41479476959648
32.83369344459152
45.672503645599136
0.12782436712404888
166.61691820490523
75.26409519600566
70.93545451883074
60.41451646099267
109.36695703433725
11.835357669578116
27.281681211119576
108.5734091966151
112.824032714042
69.71306022901899
217.86517073531013
20.746632864787898
81.41328801350937
56.676666851126356
160.08686114502598
111.45464363209067
78.16896891584474
70.6085145918405
58.649450667433484
42.776936940457745
186.0135000063965
85.34619875209263
15.108863587091946
40.41181166652294
240.61410749919753
455.5993346859426
49.26519208441107
544.2426773589762
60.299921812551474
455.8330003956521
31.465758059307063
4.340973947247221
31.590604828341384
70.34317660365514
325.19715695174136
390.58229424137926
11.283115481930963
378.5317010996714
4.213931032152686
120.61726335276262
44.85962278978377
2.7105177478852056
48.43208836038639
134.7030001015787
67.62905684933958
48.16729138415121
124.64224457159071
64.00433141379744
33.89454656144699
522.2826711370444
246.1054880544434
29.916345774233378
60.05326796134341
254.98942181501207
367.67580976173394
60.33564017765548
47.206611430031444
302.8860149380189
5.121529179237768
137.20544801057804
22.304786337053883
226.68249934428968
254.64275440814163
235.17472950866704
61.00986016968818
49.681487485255275
227.20603042411312
268.6750350921566
37.901754106990666
181.71353004165485
320.15349071030323
144.31766532131223
82.60275817755246
165.90686872647166
61.656361619519885
49.60585395287126
92.30690796365525
198.7099623242393
92.30384645021513
75.11153848010872
64.51275467810046
22.91648912452729
13.245529475267176
26.17890616857403
36.00961614548942
228.7327112769708
116.59712920247512
7.3597972735792325
201.9170605206451
181.41426444169252
2.187764801098865
346.820324013593
42.70065613914028
307.4328395816567
9.78379139631943
144.82541312905823
18.67307101503411
52.65465621271983
56.8970815959799
460.9052508492755
205.93992261160201
88.3206842010377
107.6570695767773
91.97287428832351
174.66359832438457
23.255939486396528
35.4080377171922
1.853396325212998
251.90807116984706
3.5763829233196702
3.8142834812497313
214.8872524343028
85.38142984406068
339.52638911333815
57.84560981230743
148.81725577885845
33.21151281136463
33.977111786231944
58.510003978432906
92.9929672481685
162.83791901361292
35.75726523457706
19.99828764672384
8.193152214883412
10.03767659832829
97.06681849664074
74.4059241403238
5.037332808998144
329.1728710466132
134.54834578949976
134.57719725873085
327.02308515928235
101.49781537662693
80.7003874262009
56.78300442402178
515.0801914555705
283.84806149252927
31.835213120921253
40.88837310643794
140.958826089809
47.235915858919725
88.02671514549093
152.87103883607415
256.65779258523617
36.97909982249257
374.7146277844431
20.467279093162688
110.65087449913699
30.83274980587703
158.74880431188285
311.34077844315107
180.508130799044
1.6187958194259409
3.2633998223027447
5.35808265920241
9.988550201607723
80.78471702306342
138.5445113226615
87.64763487191703
213.8767779701684
16.313227048804038
39.40003743782472
179.0368930613035
5.786808903785953
709.0537950431569
55.625225554608505
263.72908347921475
50.51565344085611
338.05174727701956
18.752036249552702
36.183326638366
362.1429666535166
38.488109900660675
513.9275575842239
324.0567367639419
61.149103138984174
269.32043563258776
192.10541573437195
90.73337508741997
145.86305944871037
57.247200478786
2.1647810150680016
85.7481279564663
86.62956164384514
87.52336700853266
219.11174859751736
3.839830247120517
330.52161287889703
116.35350487617234
38.37893215656277
12.371653874505682
14.618196971782709
312.58824185145113
2.9652712269198673
19.09050111328088
154.05021214030512
104.11424433025422
335.76097395895977
666.7464841714227
123.27051425559966
234.73177569893232
156.90111948613412
129.4545487007972
47.096744095981194
272.7586275483527
313.9720070164976
155.82062321879857
46.19542834852655
35.68700347633967
519.7096102910236
225.75315829300416
31.35568830619195
117.21656126762355
39.656600472024365
163.13384642761957
29.846971143153496
183.33133805998114
12.593785382352507
12.564447182221556
11.919354651801768
41.21951807654477
105.70686000947353
89.29360433171558
7.77338609196417
194.94730743241402
94.15172177999693
322.80644342068626
107.99992623319054
200.03001433397424
94.77724105493303
191.16968202854287
39.78426585256602
104.14432030166381
3.273202288565926
90.83593061262286
7.202514718068869
8.989268948464087
192.8867377022459
89.89529543973731
0.9733427166802358
99.7227595980662
1.077119497429976
7.649070428283267
58.76311785915232
3.029647516044406
65.38268916239076
4.902506898682532
116.01483852512183
28.378895829131125
67.172568009124
11.235988665941477
201.56549665397552
92.60292125039041
64.82939819944977
3.7877442335125124
0.6034254752494235
75.1019176998775
4.80556996255109
125.9080828090332
85.59194690039021
10.09299136536265
74.37453625508897
4.320222757336978
74.68884371727108
11.00303856367691
231.55718021495704
105.69764701789609
123.2498035509243
54.551072257978376
104.22493786972609
53.09851027946752
249.84041744869683
118.24217720718298
63.744192722605476
3.8402251700827037
113.27804823283714
74.32861696541295
134.42379594361591
139.5524374409124
59.75489016082793
66.54899831520379
89.02827436363077
0.523061269685968
2.235340641173025
78.83141330539092
99.74984448377108
0.3661676233732578
147.94193308584727
72.365896965709
74.36454085595051
8.176733533197876
132.18038624702695
11.437576076705227
185.13899484403555
95.1838097841628
67.69118502811307
11.938675885628982
122.03806711098514
57.33571946600114
211.21284241925605
104.84697691131532
141.44212522854832
9.81364618857333
182.1599444257081
94.19285146777565
111.72024493653771
50.6614229779525
149.557884918152
67.76481914945543
121.07859935978195
56.50599401303225
97.40172962457109
84.39519495311106
209.37945136318558
101.05764806874686
126.49481509695943
7.560853657179905
77.51437035767958
1.3242895535058778
115.4450011083045
62.612446760547755
136.9831206577419
65.49546636215018
79.87134162295479
65.42865090787745
78.15276846710731
18.318418733795625
89.39142737241292
4.101718190856076
204.12589672345828
88.93510162458796
76.04740674166158
4.6918070048607206
223.29556133372284
115.78142151445297
195.07531622735678
337.7430740579182
114.38377890650463
113.26308675028213
6.535145000028706
189.10532544857324
204.82200747072966
13.718085988283292
69.28885852532812
72.91574321710232
147.4537160392756
58.416192876853984
202.6418352917608
101.85509312730846
75.70924617473247
3.5283049952554393
73.78034326370107
113.81017031404281
1.1210374400670844
0.765765095626648
64.22768898971253
3.9520804676567423
84.8543949048476
2.1191476439184953
3.3301930551101577
61.89064739040441
4.3285186158018405
230.2473929674352
236.7240541539877
54.907683340231415
108.19679379962508
66.47953089788734
242.44341681478272
119.2839918307418
4.6409476273529435
63.545662003983125
121.25117335275263
54.561961492373484
1.0668643100889312
131.85866960501244
4.861556674306485
116.30527821803298
59.38102589699611
68.88017318814582
88.89039416877677
80.90234211185725
5.8358142369934285
80.24836805919858
14.48499961104244
149.30177168734008
70.09608687951732
15.051497370615834
61.96334219157234
147.13152212558452
201.7902009137415
85.18058791937892
73.90005318029762
125.62462212063474
281.14774474509795
94.81205014325678
145.26751650759616
193.85100601153317
212.1869972139657
56.131008120932165
141.2997379300341
77.8684530360897
120.74816217001899
184.38064684458732
259.77830478669784
100.61866544639815
139.37573202148815
2.9549194705177797
75.14630725079587
5.781261650712622
114.74392080430152
58.90564408859973
111.52986891582623
20.43855291825639
63.87541145803698
68.29850654670554
63.06082397044338
0.3755122454567754
1.1127500987786334
61.12093366696536
5.170528953482751
155.3573437919029
25.749632587701257
307.10846617577346
28.44764811474647
106.85245841992344
272.06606254602536
22.79664223572331
135.1005806122164
130.9997771578171
38.57430047640287
63.688775859315
108.46348978204992
309.90265016968783
49.0491691667321
143.536024891524
387.2385787665685
168.70123994005326
55.37821901095049
248.8008407763109
92.77466112158345
145.8115039791178
78.01331736552993
472.615106295676
43.894108318035705
90.41240888514494
50.36212599761893
3.858848912119356
526.3042178381675
31.552776967610043
359.3397177895831
3.972501374452804
22.058157878012025
3.367936798705159
0.7915284631608301
50.487739553153915
352.98877612021624
329.8719498489945
32.91483324907222
190.08959766519092
41.213482123486756
190.6215385484038
36.72085067715034
467.94603641755657
31.87433832469651
137.91583695222926
16.335555680014295
29.712736085474717
138.98718711248148
45.834069884677774
18.945737482883487
36.759592012303074
13.506979078778386
101.23285671143549
34.44978471650211
373.22707847874517
28.4338863637513
40.118952086548234
160.99686179248238
239.8753059029459
84.20749828627049
89.12622862292119
52.24251013559842
39.03067267933693
24.114050348045566
134.0111831018603
38.47250355499273
198.1519435089249
64.25625160088936
208.6160842362433
32.38721791350065
230.3901981260201
46.709524740719644
440.5791283250651
4.244594242776657
257.2148226137738
33.036049466326176
23.105119742935585
91.27578383699051
52.11859086110758
1.278327821871926
52.45266106789859
32.67920691449626
36.89116343834576
69.35056194692243
5.446635846344634
227.58105956320014
319.9150052677178
4.004158583748904
467.423233367816
698.7320662693478
179.7141930404814
14.639633558895184
152.81626296134345
321.95247778573776
37.069607241288395
155.52838183497715
29.224188760731522
176.36245547970339
205.94914657410845
0.33441637550913583
123.84289022310895
255.39571189140042
32.81769178682043
456.212820882557
261.4125744107632
35.66732686960677
155.28857122022237
18.573664091021783
10.366249941368551
424.4707173675233
38.695074634701996
282.4052438851577
28.541863418793582
107.38045838231756
350.64411178771934
87.62531894344647
198.79489287566867
3.16500709727552
33.3668145208776
355.1679159990399
37.22061860695794
15.30662776448844
164.13580923532936
42.23658524957136
175.14399755735212
22.54877936957746
12.601404656732484
10.65361786261019
0.7093830114463344
137.4828140304635
36.267064628689695
158.25563098700667
70.9451350140626
180.5334124720722
89.52535670363125
127.61290969191145
53.886394496059324
173.18775105915722
182.81174236122627
198.93575568579627
97.62825279404956
84.80783381399579
20.50829059488592
222.8308479435732
105.01645301921826
5.0824753159236025
106.78831832627111
54.966921504443235
106.61191224773165
1.5575338154867495
2.5657688129435883
72.39608409380662
2.4615144501799477
118.62318249279224
57.0508294766978
240.62879170041197
9.32132975819286
244.30468898149184
224.27365761827423
58.328213028010396
188.8108322821313
87.99430962184078
0.25012485507886595
124.35694213194574
56.77786996829991
203.8242138504861
90.21151454316714
196.64734726338702
98.93804508130779
161.01070122269903
80.08168617172942
133.76366619804685
73.14197900615909
120.17376997307292
1.8880597577053777
139.05317947002095
13.550261249828509
72.09311728384637
95.34966368460755
4.499840245240193
208.20507880007335
98.17502488242553
160.62544373317087
81.61660048505837
141.61438431774604
61.99269540102614
157.7826664110098
76.74498118467363
129.129191617606
57.100997608688886
112.62559768416486
7.943475473090075
4.685251287444771
109.25328573645311
56.72819668446755
171.99440272580978
85.10036878455139
214.20986041213655
103.50301850339292
108.7895533224555
248.42830650647738
86.98481588287541
90.92074985738145
8.525193714685884
74.95570077365119
1.6508518650771293
109.45757305903317
50.451577419562454
79.7036211022205
204.36131380099505
103.11692386269351
150.2974761417281
3.1959920435747335
156.0948516520093
75.09019863028334
2.004786612589669
1.5059873739974137
71.714582850238
2.3310135456595162
108.76179581062206
18.841664165351176
140.58295565012304
5.328370684958841
158.70652250107815
258.4983196049001
220.0047447729978
59.6722424154126
164.59685088015374
83.11063295521797
89.3330799401549
2.9017197730549924
216.38402170817358
181.32049752138005
24.195124509015386
231.2770481746254
120.6108713916326
106.25390144433413
162.73883607708967
24.987338665536754
79.39404529816238
2.3020349733392322
119.52334030523798
54.25832919276991
145.4284538756301
77.93682775341904
3.6100170842451007
255.03380950262135
122.71687631325449
108.1383205871357
48.008201629016185
189.4993734510158
87.68861601571916
121.46719382990705
63.98334070678129
206.10397445287072
100.28974232951896
190.14471636572944
90.37140340976202
161.5953503130704
77.29235337656064
127.89909079752488
62.94461004730147
144.212632361322
149.93110240097485
1.6798492153548068
70.09120277970214
10.842332885136784
336.5959416039159
286.1059888108466
228.62089657134038
63.65812879382065
243.87039267660475
126.14376320088195
53.553832292622246
111.7489490158141
137.4348048495549
51.337418267335124
260.40141562383815
209.9043839484475
106.75775817874182
105.42900397730227
49.445359253474635
191.51131662732587
84.06131325157185
91.63858880741464
8.41820156904214
71.18930493409061
110.5994180018406
134.84669036186824
2.800745028487654
208.89301874331977
104.90974597728746
168.5955270978302
131.33709156413533
23.32384639189695
74.37225802001194
80.48462221826958
110.09987500955685
138.7063842745829
118.47844415088004
186.9850058003238
192.53390823530526
24.27672677023793
37.261516482775164
267.8540196669745
40.084201170399865
301.51814613642887
637.9995649369428
158.75449908475343
31.05636028872823
300.5001615606516
14.531964903375865
847.6890103761052
168.84894446747785
6.898422797411968
322.8584663581423
150.62676402146735
185.53626853353126
136.12334896132597
355.15851447991736
27.292549821378998
41.472695349762034
18.75092426797073
330.49316270292
221.80019384886236
222.7113686390967
64.6786104516732
34.72192948231532
405.54170935392176
36.04163150480417
125.80518538633714
63.11286117004511
197.5395974932053
775.9982820970545
7.118341930723545
289.32482705870916
41.565475577304824
137.97818876224574
349.61399312363847
46.492424794199906
267.51191842787193
43.08055388877074
228.3828144644558
35.122577378624555
99.7588925342643
166.53003763419838
43.39356780350863
166.12628479244813
25.309376439743573
171.67089197441055
73.03857921134659
37.255868326839845
20.4627720434504
107.16739447978924
5.897606677005484
124.36586443284986
70.93692838896209
116.15673554108048
131.31192895333618
1.7564548961934179
91.52060514996356
4.202737340702242
352.4951276190375
127.65871934627103
182.16029387492108
24.845497319704464
64.22592647208353
259.2362577891174
106.67340328802902
104.09989187039628
53.93851133601083
117.18943107325049
0.8985242012900017
5.176714080673264
114.87603788711704
52.674673857687594
82.98152226178945
113.31304254665429
47.35075084594018
3.518948796562654
94.67308876957759
187.71515029094917
162.0932617959552
4.18198388511064
78.40002365139298
115.58779293649104
279.5522146279591
101.86007271512335
1.9163736984883144
195.8685524972757
87.44450261726979
118.88766590183059
0.8918603514339338
106.06481188021826
99.92878464746991
6.95734082609215
112.05502745816648
60.08326379326991
225.4506853670464
102.47979297858456
128.0976848704704
110.69437047574866
2.6666933673313906
0.17722308695374522
236.9560886527088
98.84761032706774
143.05993769614724
141.4604435734027
58.60811627115527
153.58762423381177
73.78435066928978
136.05855727237486
65.89505499079951
71.91458577743015
0.5838407826449838
116.70105173231968
197.8984240765767
280.11963917542926
108.76178454984074
194.61998386750383
93.51596542725201
134.4504585698469
68.73005695287156
86.68088211020586
4.0350246034531665
118.74226054541668
29.50913111556838
71.66505074188353
89.60440876320718
2.223468996498923
8.455665196857808
139.87572699618067
62.810867027679706
69.5357863855188
8.78297491556259
125.71454276534132
65.87510798525
75.44502072142859
1.682587518102082
135.07546606997676
3.565129187563798
165.23433685650707
79.9578215850488
5.907873228043172
202.60275253167856
100.75505347799117
6.082020479377967
120.09351794124557
1.9822920403590274
129.9727359187633
53.268607521864055
257.8942975022752
11.674647957632033
87.55214201631168
5.71252041708351
129.42861577889244
64.97818816227243
119.03491999297057
143.83870888431488
208.54820753279
71.8395761347399
239.8583651709057
117.59699720902768
105.33275337568944
54.32451091094754
135.28146265668738
113.05493994205699
56.94686879801884
79.99933824731988
108.72040645304378
58.13696293531666
77.50582825627089
4.881076721514546
197.8357965848486
83.88790583334276
3.688274696569806
61.55987385346543
2.4677639052524682
89.32688957033815
103.2460270877441
45.97609879061156
1.7696982424376984
337.80657449995624
195.59363231366478
86.67240376777863
106.06546564851669
13.147669969106573
100.71041633575078
17.724817052236176
94.3760235018608
7.231054442097047
122.25715988750653
58.14555679505884
220.25035686675528
241.83816736509743
0.46106566707203456
89.43298983702425
26.5958607006296
225.83952525210043
111.11522174927086
137.81249958176795
5.837726623628441
122.0426416659875
61.94113179595479
155.55976315794214
72.10769206766236
107.27203677078069
26.07720987027824
63.538433837657976
67.78977031607883
1.7631305450968284
112.99970888408552
56.752361966525314
141.69308510808696
63.036104532435274
313.42665592034245
6.153451628657422
187.5727996591204
96.11109276860225
136.95655316307693
61.77698139238328
86.9300770821119
173.98705352914294
68.78714549673532
83.12092149889213
15.832237114069358
136.88889187425775
75.20937222555949
67.82386262003274
7.330630282283892
128.40383973951793
59.281594626292645
73.87001074650834
8.265441765290234
1.419181886685692
292.7400709399899
29.661428307455935
77.56409774857275
221.72102226161405
143.25286640896638
67.63754602407764
1.057999914138236
58.759741321512024
1.5562838114066722
63.97670081892903
9.39621005278616
77.8476523962911
5.282510577351388
79.08650607016773
5.4357218859469185
81.37349823546515
1.920429858106445
184.2470250166366
98.6121630680201
209.0602409974431
103.34683009937157
110.86571297305363
182.09047019029117
0.5678996758520043
1.7923163850234687
120.02891858600424
9.849767695608762
78.70023889855383
129.07574646438206
173.46077464542714
155.194809027043
70.76890814716126
124.15909311037831
18.798587578132356
128.68188159622287
7.701205918288451
127.68901467358137
63.26922318549259
166.88261540896292
189.03157573826365
3.3006621820200053
3.6498537898737595
72.80439991058665
75.90024169516391
5.010555908392689
84.55507120541415
117.52228515809975
83.19680686951415
1.8496731689306216
23.910635338116663
113.10317179766753
7.476191903117979
65.94075668869846
203.5124453209155
95.04809494590245
5.387375265085211
170.49220790116397
87.14999321984214
106.13055776984038
51.948712889134185
243.2347924928972
116.9264588303513
125.85605394038521
0.04880220215090958
169.46579079619278
105.82705507463197
52.55340666995744
84.10107626580611
3.405773584923736
138.29276375328845
62.100564343782935
80.07651640345466
65.31178562639434
6.8130350014344
165.3521159959746
76.01112916044622
101.25803484532753
113.4556466803715
5.888187735506108
65.26522968951667
2.888514994637262
148.83266921304494
130.74863817051573
62.157604208049634
61.13064479199693
173.5717622865368
86.21599907510972
90.43554249532372
99.82656411623884
241.69528023063958
302.6695718406427
81.68484806465312
235.96228275305475
123.81063010475555
171.11467357662332
82.95928758443188
112.65628781644773
54.93164613038607
64.76944544018261
9.599773197389368
131.72925250092885
67.25466060806684
136.98106274498755
1.7122737653629088
70.00526130924612
10.99846365108391
62.460276145350065
4.827729674532577
77.09617704617108
11.375791280215594
77.32052550518608
3.5802320047858984
191.72654581510415
91.28686720311418
208.01248075859462
92.33052219027036
109.76712112278801
4.122060562572642
1.4785330969320967
146.15575592316281
2.0756339166998714
134.73716020848224
7.0978101799669275
77.15739794354886
5.897051752079278
126.94785818982928
73.08895752077478
88.87439854434797
11.160066760711288
118.04671215750795
23.446194007204667
85.02044609698487
113.08949730617223
0.004990717785858578
9.521426227066968
132.5870002482411
132.51168652812157
67.42078034397628
169.21047073515456
81.31263719749268
84.56301608692911
3.1384225298825186
68.41497118094549
64.8240807968682
104.20736599790689
94.59547358920827
92.78131355175901
171.6490828034298
1.936294215847738
76.5363606291503
118.05496081066121
55.9059775465621
84.71869120484553
13.40053350107064
173.6492934294729
192.69881901603912
54.54060698377452
250.3276467042224
253.38327585798197
107.99106830551045
53.83902268123802
161.2691701327294
82.95944437821345
1.4338477180826885
135.17433442488436
68.00428517798173
2.5904386920019533
2.2140975104930476
67.61058426418094
2.8655638558993815
64.4915274361465
6.245014701416039
161.32475983021595
69.56397211533385
109.55301184919517
111.37262463919251
79.89173176772692
2.7484107714508355
9.205134792357967
122.33151914299651
103.38189449571018
27.29258359072719
61.63019493194588
61.90458285871864
4.64697395764415
262.56661744584017
85.46747852956287
99.76040752568588
243.0340777817546
102.2098049983615
171.74257691408093
95.28289436306841
246.2810984054613
120.08390354712719
252.07724915092876
115.20101555718975
52.57409602813459
71.63152208366955
136.8517585663758
61.02840935752283
37.888632827271735
30.92412232086768
8.57461176072701
75.355565788533
17.82662497205456
31.394259748760305
29.245939101371732
10.127625868221116
25.645977387277526
23.10642768951641
3.742820983041611
17.32425828754981
43.05824819845793
11.877067768436063
56.07268828272868
42.40344287269181
16.8197797860023
0.6580554466970625
43.74794577435023
49.97286156223777
27.011954548598624
31.08633002877491
68.58331873182624
49.26630751537823
15.30965718996049
73.36959461853985
23.44185975945311
72.66902744144409
77.6474300320292
110.78652773914337
1.6353515774744665
30.34736985389418
61.516313567393354
34.5806443694064
45.07742082960749
23.11828447039761
54.92980979991944
32.66974924395845
133.70917033911337
43.90054573339785
55.674963965467214
48.866167425531785
85.79249389750657
4.745816219992776
41.66622235995601
59.26848376938415
26.702209727046466
34.524103233010464
63.63296417541005
99.92788709924207
18.16836015703211
8.919620075350394
47.11161955289026
47.795076905162205
36.76984811224702
23.08403145594002
58.17495480656453
21.435469586606814
0.24278337122723315
42.38183241144361
56.70034691560977
63.82495700238178
64.83052801320355
17.386348274444572
21.244492660240212
50.77862453776106
32.59133631424811
32.955435023088285
53.261746880873034
53.091247637495144
17.451583401945754
22.33239264642907
23.210595829965314
16.133892806539734
77.31522076147849
43.547635744596846
5.779062598956443
52.33133142238694
50.36709542174685
45.91985823597315
96.30976611383085
53.05188245868703
44.77029958248386
40.69400957081962
