102.62616039397471
28.13742763287155
32.57605195699534
32.58727788723536
30.968135804252597
26.277555572162782
28.13740726636388
40.138495341054295
46.40946278127376
46.756413142935344
32.308330296367785
20.024058128083198
34.8769080458751
31.784224065337185
27.565402514981542
35.97052809838533
36.31828281879643
11.708770176039252
30.765944380431392
33.211778955381305
38.80969514555727
29.920379678000245
36.38775970149436
45.14310924354868
28.484725970913132
122.15544620467335
1.8749204437330036
30.048550786217447
38.574584408325336
31.19644711039882
64.07995788259018
30.7232621221101
29.205094934804038
31.39366820162377
34.22449576625604
42.68733423697904
42.640264581311385
38.283672307507004
43.90144162185061
46.720658334459586
32.2609785186487
28.28952789555842
29.44676597447142
33.41916472068988
42.89084349821496
32.03887250314256
27.192883367413742
35.757139181258026
501.5667453379656
85.63931085703553
34.17531720106854
40.15470977524819
27.751217258020915
11.352471330337721
59.783333328372464
34.88640113902147
34.50273875074561
27.206627069459046
27.233277744467614
26.379045504264923
29.73773488740153
32.57803973905993
42.04810515861618
29.88645591471959
30.760314362090867
43.04290064208135
35.27813080564556
40.02754213759181
42.88636874097756
28.509674681290562
30.716999977912565
32.75222956324433
30.060801031755545
42.30261296216486
34.32007945967416
25.26059927051756
13.962097133682619
32.915840437282895
35.58733626546746
29.69924415688729
32.56328088241571
40.306024226088965
38.34511132514746
32.01767161623411
137.32709641153485
33.10199207610299
31.881297961896507
29.25007083425544
24.98632968753327
33.13368026862554
31.398401725624353
32.87916989349378
25.368514099272943
10.659039906849102
26.298162659853006
26.324235161288016
40.66622055787775
47.08220383759544
145.516124319367
30.625988421497823
33.210677359240435
26.616102075573508
33.6641396609939
35.1965915883593
38.83652177201111
35.02887474392173
26.41626919947339
29.934612248876874
42.310826398413155
49.802269247455115
35.00592382742616
31.652437360829936
30.441457123029977
34.18698665609918
32.51324355068144
26.250593428564287
26.295080766432875
32.569986426276046
30.005614845051014
29.34197493322472
193.309487479984
36.22372209160858
40.28368950961885
34.91018893912769
29.781155877115452
36.87219430930054
25.49397134954779
31.13941799098575
28.627756891797617
35.30972157662836
394.1521379433516
28.818043723941628
29.810217056694455
34.29359453410143
27.25386842339867
36.976046749816305
22.470549919868063
29.545824688862922
36.082470902641944
36.09837965452496
32.931953409431344
31.73072206548568
47.725618918601185
20.73813083840787
34.70785784652094
60.2227195864516
28.526299522804948
29.452889145911286
32.145985893988836
37.65000881870765
43.079020715365914
35.83078668018061
25.83417444526276
26.13328139022815
27.987150617977022
27.750621078281256
47.43632916531806
27.359888350823894
38.50461690138036
24.667542171338937
247.83633959166946
32.922721528284455
156.15869536452374
31.790757727263554
52.0221859005178
58.16444420973676
32.018500296224374
32.123878057718684
34.4407603759355
73.7245712404947
37.743992657488434
384.83727841936206
178.49733074713276
30.673566483381364
57.69653395283922
35.616359462806486
364.1134186349227
31.83379015306491
224.70989097139682
30.669092553023802
30.979061647887647
38.91685692082501
83.0772001284613
32.32268807051332
37.6927518601442
30.82180064177919
18.029188378750405
29.60250828315111
31.284674023587286
233.74066406758357
41.16691172249136
31.184962290260955
26.196978591357038
25.39072848667547
63.18175902003236
68.09537214270654
82.50689968085408
34.11458528259027
29.66145326053629
29.857262136277313
504.43684450890305
26.847478380339453
349.04419925440925
22.79884992722873
27.97049676086317
30.08155755359985
31.71027415959361
38.76284388154818
46.70205616430485
27.749717287822932
27.47789999662382
29.401283395560313
61.81853313015017
30.7273719646073
20.05974234437599
31.797616147676308
4.662589047542497
37.69550854477865
133.8541555227647
27.53613842871664
15.827899232058826
29.131862263004223
31.902249204150394
33.81684248185593
29.951274774572084
63.693401211279706
33.36331229280495
163.87111623285
36.85735601769284
167.50725643702663
37.989230894756474
25.327368773514536
24.507563020326415
36.44901977250447
133.73631652390395
40.07615020229241
31.15092492774056
36.076235096359596
7.995348837426718
30.279820507861587
38.78190569204162
34.803028228972835
30.14689968701714
2.44111831324949
10.93752447462839
35.07776848326557
32.253875819733366
90.88638069165238
90.77987707018815
53.05095305388045
53.051766679085404
68.05391510901619
68.17718446449805
39.56173187948002
39.49312396141909
37.02599527558823
37.08233529138715
15.508426719369254
48.806888355225055
29.725939497266154
14.799736880126147
38.07526283245534
47.117158770865245
24.39169730490198
24.81380251281439
54.974852358285716
23.372608360885806
30.950800239843375
50.78381307754536
27.659311332403945
33.27888222616275
23.476016371812875
32.370982198157435
48.74210288684037
33.37909096752651
52.23249866751257
41.71107230702364
67.50158383155986
87.61401412787973
55.9699168066868
83.15422403895309
8.748652649925134
47.75490952578912
60.5908486760236
142.1454498197454
53.32328761615099
43.071505780379084
34.16012458414116
30.073301597371028
41.6789118519373
9.177652752484256
27.21908844580048
39.06552938338791
50.8297689889157
7.505017776616114
36.85273716200345
37.11095740759174
54.65954862694434
84.16344099846174
99.25960779061188
35.81984111097154
23.582311543594187
32.74043016305859
25.87362324465903
5.618512895225649
48.63340390310077
33.516038260768255
28.094830470476154
33.74740898023447
28.04483386504944
71.67229951555237
68.39044533178753
202.4239325205558
36.19617564300506
23.20071885841753
29.54524421843871
28.82490684100503
37.360211949524455
66.64153980999527
41.05461629322417
33.77562492001198
31.084537835546143
43.92099478015007
43.224863683093645
92.34413900849813
150.46453144208863
37.98466966537944
157.74035705197002
37.76515984672915
54.271022518912105
30.972980498532706
40.18432464335456
42.23974656435348
31.91547313173305
35.348057231469284
29.187880503362976
27.243965845726052
27.730231177010864
27.23170575199765
27.252848739321507
29.01165536249755
31.28429726235754
173.25089606540269
30.46337480533839
34.160665446198436
31.66605370783418
281.11721869863413
34.826641588337225
40.50306364123571
37.28948000800665
547.706205925153
203.4986191009093
40.46319635497275
46.55154106868031
36.52506619499036
47.33160424412745
36.89355260339653
18.389714305176312
29.0781541370161
85.43208018567987
84.97616215515546
33.552613057098824
31.789289882308367
30.074825043047895
26.030399155192754
27.846857922856543
43.10256559700974
43.78769613460099
35.13370415782629
50.22235927082329
45.3098936979477
40.54609124412855
34.094607975284816
29.32583523867288
590.9239197799197
32.86748410882865
159.80731547465075
74.77458908774133
32.03421608752615
14.150584101753338
36.2407413176843
29.788832535796246
29.494522548171517
51.37823044483869
51.37007999150842
38.0040608868876
124.8852963149759
35.59447315555735
36.759334320587186
30.822192410572825
34.128368340919224
25.808742611679918
37.131514088341646
31.31442828049785
35.010271570228724
267.5942455065888
39.65611951662322
39.9853129316034
214.6036561456658
38.29416850855705
58.52587029820188
35.82347564625525
38.392141463587905
28.93270824566207
31.63763250540069
82.7671581592765
82.55808023894906
49.190235211296795
31.228946404692124
23.453120383319856
33.24589374178595
28.025132363102784
28.237976060960136
27.345636770956844
29.236413246600023
517.8464299382144
27.862530841399348
121.43484552867449
34.1486791051484
33.325114797864444
48.86797598539124
136.36417694999182
17.93779708619695
34.33685161471658
37.04665154068243
37.80614971443629
38.43856335192504
35.18767255068269
30.013820310463416
29.922866562828858
33.027329084052326
260.9033958895925
50.589196476288635
33.61158733721459
32.90995759807993
121.20265882050967
36.61245138183176
28.077654278239606
31.011636314361567
30.309135276198504
32.74638437433168
32.57425082964892
38.035677631351064
43.46453312738595
43.80761360078759
38.95644009156058
41.05930590653952
21.949993116642872
34.67819753008371
56.1802645664211
4.186082945372618
42.651529841514275
34.067834539933756
27.00757544813223
26.016414065608842
50.17675981986031
36.37873509081328
31.113301726272766
43.29368938798689
34.59493603865849
48.85294677887134
33.7397363618652
15.537175737613325
34.40199552741251
34.6046416754848
34.67591817644461
39.71261278199563
36.40432053815039
31.82136749356232
39.56835800834415
40.85338610837243
41.97004492121687
36.37168063977879
60.134983556777115
51.15222363309931
209.9789771887663
26.38436289618403
31.556382082048003
34.952595922894034
32.260615682722346
27.81904672658493
198.9829854035852
12.410162928419595
20.260284086127285
55.94987925077294
32.04297643798782
33.365727341790716
58.09649885969952
34.3467331846532
108.60049540794125
33.010526154380386
35.907416991840364
39.40667697123445
61.01127663392799
35.90031370400902
32.00248974491842
36.04436782663288
45.512734802969135
37.373994373983805
35.544006550930135
38.49890824610702
40.527925980395594
38.096353347065815
31.22020170103133
40.3048302991192
33.98649622644007
81.05243588597659
55.111346014992705
34.51827896199757
26.522292832407402
40.583922344381335
32.15843206388945
25.34815128495393
38.394562735827094
30.76819152852613
35.3689099929652
19.072480585984522
56.698549364276005
20.084124658767905
36.23249560832846
13.597836766750333
64.97087071575947
39.01709350482679
90.0929613677963
51.38731668607306
61.3396544459265
8.563215958463843
119.78734128476663
24.901434080314175
37.75358232654253
23.9361110693917
31.712338006182108
21.77351913874736
34.15808064876546
31.02410670653626
26.427649467590527
43.14292347792889
32.18993597601275
7.643854716787246
39.92831724497137
19.247146358879945
91.29626721833984
46.926181826433094
69.61825464906997
76.65529665429858
98.9695371745729
39.38303798953075
22.134957375566955
39.264506657027596
49.64215171203614
50.62374646519493
55.583244225139424
21.24431986907075
46.96830001462513
59.422199626749716
29.001589797280758
44.52482264320611
30.777457113997798
31.043783798983895
32.206930368333815
29.562318958402102
72.79035663937475
34.352509458757595
92.43714179600147
40.0006073191289
35.01231343318614
35.980807005125826
40.513670081947566
40.47722543645796
37.23127022103654
207.48809482152228
10.0297564929715
62.74859041722266
158.2902017480401
26.414925185170432
28.273280112467546
35.348369189030564
34.62538514026528
28.353212146168516
28.870849095306767
6.763128949973179
345.7613989525506
37.99651222017201
12.901867703480093
423.2283974715183
528.7354923215412
39.55266954637955
46.845708567921065
41.58571372848928
33.63585153023814
30.07690894504958
62.77148806648529
31.90848957322487
35.74627130563749
36.04445013266195
58.93610971887938
32.78610060009123
31.93704548650385
40.69101136594418
34.087286687918095
30.66077074580062
29.02855088485012
29.558880073225737
37.18846940603726
29.533733019413603
43.58400539234958
43.81203362273891
31.77522606673324
46.29846516969383
34.30307183167315
37.357658337117755
44.072832792450754
39.36824207100835
35.53476817529372
34.98796707971451
2.24246344380299
254.58079602661473
29.983188310470723
48.21439920916055
34.85885681842774
30.977213674004815
36.941420424116586
32.301070636094664
35.94640377786709
28.21315784532635
28.71879103390893
82.38273443269793
38.25846513207125
46.623274977139545
224.35919472056776
28.265132520618863
31.309106012949997
31.566650421839768
76.15992440348464
106.35612903911488
33.41239859657162
59.89100591048191
38.42652401269697
30.953120507721906
34.12754060668158
33.27947801049959
363.7007664519024
43.942326606189454
32.95644425107821
30.572627722995094
203.6105366214233
34.05282338652796
39.39107286428043
209.62985051535907
31.20451766102633
32.641741714804084
33.32902165372434
15.610176509868325
364.6777101141302
65.67145077808186
41.85251885571233
10.752523805889723
53.993900596592084
31.449232137033505
40.160409706353676
38.691515856727165
40.38717918011753
38.60823829220044
41.25608894570723
43.776524097927904
32.18135005474505
32.22615064461752
412.1586064313824
45.31916637953873
40.92826609610893
32.93847952432225
68.69537810567272
34.111800527374726
34.21373294386285
30.240153612605354
97.05566426961377
35.00383119901744
122.72111788814644
35.85140716039314
29.458073263524057
19.52022687879753
29.297503208816124
328.0417841685853
46.357337194059255
35.22820485137618
38.359866436298034
55.162889432227985
42.0207967879669
37.75386960540345
38.90002929869115
52.18947140432101
36.317623544344315
33.32725572905474
146.2888599867274
45.96778679084309
28.255771310650744
81.4541351377693
31.324414507720576
46.3360430263283
26.58834706882044
30.006609398227738
50.4475243183806
29.695898849611694
32.39152843578995
38.77626978256512
39.778770691682894
37.75652234685458
34.720449871857
31.869253547623885
32.19448915542853
34.89091057416044
37.62493437057492
40.17695989368076
41.94473151355032
192.58780402776028
34.380160064294614
31.95626417189851
33.99149222705091
34.9169373031873
49.01901600264682
45.939197879346466
33.725670096895556
38.60437071567503
39.01838446770853
21.81940360247245
53.56934882544556
37.65911144923666
32.94682528175326
42.75984619176961
68.12621473097283
44.77757836766909
49.87542768964681
50.08052528047051
45.777499889305545
24.59110102266459
42.240617057937925
38.873114336210165
60.151824064566426
63.10603400802711
2.608282562124259
37.88598869218549
36.042694907140685
62.116544601356054
30.464171862404783
103.9949185252708
45.546819238697935
45.998204021595484
91.73312990502563
67.23071402456844
13.518576820055387
88.81328630524331
106.83800440558753
50.46547750870377
45.512814614223316
22.98000514627165
23.858039160295448
7.76679218465506
35.914584726501516
95.49791150074566
5.760877909971896
42.87500623374126
9.50121919438061
82.083035238491
21.960227055085852
47.4813602597751
91.87016784493062
43.11097039467495
36.85369001658
39.57092274729439
19.96248098180149
33.87723868416856
33.93576078307706
38.346776941162716
30.156144199871505
29.9121442586611
31.78821809906458
23.645528066716906
36.14142121187524
30.421754648953538
38.066754146451785
126.66785878311839
33.12273214737252
35.067125439903975
37.70117820127416
44.756144718767246
212.03931305775404
43.61762903821182
28.558539409687
29.999138100482014
38.29084779196273
41.84533766189816
170.56595247131918
31.112752819182788
26.76593973628337
34.46280140974659
34.78044899358383
33.709893554550035
26.1222754587734
28.27916986168293
36.66483687003256
38.065507093411725
380.1227253928955
32.93424259280073
32.87040859829722
35.103684676405464
355.96764516896474
47.362049457380635
32.49554352696214
31.068321827056934
37.527755648483435
620.6518688032556
154.68648276321903
28.237682310419586
33.12813168269645
33.23857496621349
33.520760846610756
103.25402707581907
28.777649097109133
468.7482819176885
32.04170081031771
27.696956054440307
301.00315007953304
181.87399325179467
35.18428011479227
43.293732721833294
39.88575645812489
42.45319603201915
30.27183696872089
15.182377132765396
35.33093562159047
32.411725843365275
189.01642686688683
35.29958152695326
22.002229988901945
147.72494915623133
32.57832229743781
42.76356675334341
59.8603291073091
34.92423243139547
36.432603738458056
28.539009320663354
33.77303033696262
33.64314252316217
43.37943429080951
40.391571576705246
35.43404412070049
38.14665342522676
47.386442740670645
44.373532800529574
35.53930559492437
29.39955259150156
4.179000833737518
29.922679505849374
27.737344386216137
32.56822397733049
37.21933220520805
218.06983428954078
344.7323830541492
101.60859109315811
30.778981402833324
27.22474881449898
68.08086259614856
58.67101613456589
35.28616959702413
33.83657655495608
43.88506491915223
34.83647707551063
56.73482181623967
38.127875048467104
29.017968329677387
323.5916873460892
45.12367957434071
33.047453461762416
36.02953336725659
13.044367300240992
296.30137563727567
6.501692308607744
32.455415350108524
31.0923353582657
12.7625691037465
34.288963001356024
23.474353822012176
34.199538277672445
34.21009229153128
30.88678689121798
56.13087160764394
28.086150909947264
39.61223252647301
34.26885034347106
211.49041745692784
40.40703871350706
34.85683940516901
26.455057098673933
35.046667293801875
33.718442964967835
28.290286998959346
42.059981992040775
45.291343784176206
34.09169601735812
162.57211769230435
82.5954100042909
30.613887651870755
35.6653550088231
35.73065348062664
55.14037004039159
55.19360119038765
48.092055526994045
33.86488521542742
41.30920798912831
41.78621363937077
40.83226075470475
40.884469197649196
53.7064572447498
22.60727167001278
23.755952530240847
13.854087695759517
32.56040687386849
28.327252476903595
31.070956414849206
27.93922874843338
7.461812492310855
22.19648563008559
37.94153243360233
54.38776513705807
39.56136084084483
38.32708136953397
110.04479173845084
14.56582396005524
113.2154940727496
61.66057340585394
17.283280206802374
77.60529500544726
3.7233827488453244
5.206974953576719
53.80292364996512
33.09171657879551
39.14154664834723
69.88884064052718
33.18564193963448
32.88201274443418
38.743958272734744
25.02566123273573
31.676478645038515
75.28506338867464
127.94090568640695
68.28130452632558
30.835273061251428
28.597371285110313
32.072935286085794
32.47811796419751
44.74059519207731
281.3710124650315
55.05368706070249
37.368146643690125
39.481143880536365
41.77128600224478
245.3356802729586
49.42698545864096
33.49895392882354
35.58036654987336
30.489165920933374
39.98302405148388
43.06131524683224
190.6673136694999
233.02547137356214
28.588169683715023
39.79996141148513
39.96424418814422
36.86076784675606
345.6715704084836
38.80515651770111
31.33402464389851
43.266595888035226
38.695393743692875
32.55984738644702
33.81647088629779
33.07837695313901
46.909452959498594
27.929828231563988
38.43829268756599
40.8382163578699
45.00103263146411
38.027435044987214
31.550822194800276
31.2240679052029
39.49764672796118
39.67148402728708
38.16042949487837
29.625436026648458
27.73373302737491
42.24435406296925
406.5785414125312
31.89108334912453
262.21749288024876
38.45483116624928
29.259801496144064
42.14475574294829
32.938201002089045
26.98520234589614
207.54518607125237
38.50339308504408
37.130033461538005
183.8068829437443
35.30842333614419
37.38062601501406
38.79065737100973
33.15487541222137
33.22015972681038
77.06434718691071
44.6827482861645
32.06758505808102
49.33384095625661
33.03623698021693
31.542568379511067
34.9629187498831
33.45950454593549
38.374436547524965
47.02129279604185
40.27992520906764
32.342277855789234
52.67703453718241
36.02290169808748
15.284094700325113
35.3172289084805
37.11055081617815
29.530054362505325
40.0727245932776
49.03209349860754
246.96808855896325
7.277452667698526
71.53820852548324
34.239022985802876
34.06162673067047
31.891791451787867
33.44348225779504
25.29563094279183
25.882420761709
33.314120412049306
28.459839255426232
209.926680055034
21.996212069654575
30.639049599438295
35.263787349744234
32.53154095376783
44.0189452883717
53.793648836634475
34.94200410708572
21.992867038435634
29.601249651861508
34.301795761087305
34.87678183667231
36.737740440586094
39.78762608391571
32.96336378917567
244.47272368475888
39.9554984594638
49.07141652513383
30.049397943132135
30.37278863231586
49.568434151917245
35.65563930135613
130.5815108341676
41.33975906709384
136.9706707634541
30.948489294540195
31.9615034926519
32.285559587213356
38.57521099349833
39.89232577061557
76.50320660549914
65.5436051029782
65.61194263701975
86.49796544810988
56.020747008179114
55.49582942305642
24.110282113248104
45.045697645718974
48.5818404003178
48.871408323549076
64.55575837490596
64.74260538310091
85.80743351017418
14.631135451529644
57.74890643086292
20.626640586453505
16.98508748464198
44.37731586598113
11.132760184352946
33.17947278289466
42.20629364986053
52.61888112609631
43.10184196187765
52.19711414511403
45.49149328722069
25.32079193819345
81.69142594699088
35.81639136049762
110.81445119152932
38.126159769698006
32.326324644150645
6.295227972454086
77.69502516355351
39.54814400347004
23.53527615148596
30.334432739206022
28.142598783945687
34.80506384803448
79.23803156273061
70.3486630932075
82.94308152194935
52.52305643989894
18.637299211393838
69.4916863987679
42.75979583585979
45.758035073434485
42.09181254292753
65.6769245256537
4.0702012526408
46.33828893043665
126.34066593661919
47.80284101752204
36.918728949333854
23.092623119193377
101.04791767881034
57.22370832701472
23.00270743994406
46.85154960134787
79.63368778293625
11.069508654300584
50.217330866567806
47.94786461960473
44.72803671002339
36.738334658637996
30.754896611928643
29.87140660551131
38.11035693705071
36.33635032811344
17.421178740542928
156.97727236985202
22.123334488573164
34.988940153638396
22.317606184416945
28.503580875167245
29.797169440030302
160.79548414250257
29.40350411168947
19.339138996687325
34.38345535108965
42.73910407029143
61.14906994858575
33.963042375859004
31.433356477020425
36.75131864760624
33.56590482642787
240.8042856024622
44.424810040306056
32.104136453579486
18.560620503970313
247.7242366421956
77.51733400082594
36.63014813319751
33.30404253139932
35.013281145424116
27.053235782028423
35.976832190215646
43.249754859871246
36.99387752897928
37.21313844034739
30.49395006057057
30.933565598592395
32.16298534747693
32.38338469217342
36.97500838240376
24.904131259830592
30.611642302676273
32.79328530608518
35.35103368794648
41.20653925978149
30.38003290325014
41.274421204418104
38.0493751845579
36.6672198023125
44.78545581913886
34.471451539340705
33.40416642539276
33.299175595142515
29.5068384064798
36.39458861044113
71.39949764409721
88.5585163433525
35.600365463953494
51.45274460168821
29.077261959082534
22.78248438218543
22.46672527462215
33.68307400406775
32.15337410959182
30.306419844258926
34.07500088209781
189.69865112684445
23.289071353833037
85.09854994075914
32.77197923666881
151.8005296371034
39.783282207155025
61.565177325132936
27.776836137789815
29.30259658001978
37.93955240106516
40.83724683580476
41.7074337418062
37.907130581324964
37.90470562408518
34.38305878090614
29.854793413423977
27.00455357203282
50.385669185300685
21.960167803485092
39.30664729602904
44.68495704577981
173.98363198907919
35.6263779649762
24.86122808616892
209.08208679069867
5.200213989795884
31.672064792383026
61.94624357891189
39.93331808829862
39.37516153696197
44.6349696339274
50.114247255997284
51.377419289520276
51.45279006488067
10.939568193187597
41.592196905930905
4.461837938226381
35.169383619059985
37.2471633130686
38.13915916479641
38.27805581950224
115.5582329938095
36.2216719047824
0.8697429841322446
32.03180979932398
41.743225200523966
30.712515749990416
38.069892195097054
4.67570640648816
16.137498582571425
32.607831439800066
34.06072868096908
18.129564474624658
27.130726467756176
130.28622542754056
7.913735001436407
93.44663546131642
12.516440046207208
27.76486391328217
8.486348557529709
62.67648016673229
29.70797726681667
38.62331189736415
30.441167835137094
48.22877212156891
6.854976801054363
45.63081808021525
10.986197785685363
17.968498110502715
11.568006892345238
29.078908522141546
72.63510342954532
21.959418740281308
38.14207542652093
58.443722318079836
10.319391767744492
53.4068793344959
39.11576506864276
31.8364824295204
55.30147773185581
13.005405700795563
82.01091607928356
13.260750051184004
105.7258881997841
35.387980222587885
38.626625819520996
30.270979212594284
30.722436188166284
39.05177300498053
38.76823630421313
35.7417631492026
35.78713556072216
62.00783119246171
34.07477295960598
31.84727742627183
31.529893415416154
39.78012614674117
24.68443655068404
37.25872573405286
34.27011935056544
28.498201444199367
30.79728923734001
29.507316835668462
30.384169455312076
34.766904426800465
38.354302998250205
44.98100221344794
31.40934099399965
39.42945303301269
126.28982810639195
230.85470508298386
36.331837572821314
32.76201734836559
34.32086302899461
28.198675042071045
28.951310308701977
37.1409059252328
65.29732351717576
43.957717760978085
269.5054967433298
33.14279687420276
40.9885546570531
31.276857825161642
56.87981587890772
27.272968972803938
229.8386125519619
34.020080582598894
28.32910195069053
25.596135090047028
40.76472240763178
3.310643370242838
43.71508787136054
38.4881071449895
32.38344849199484
30.15082336250407
32.53126305289925
67.50223945025891
36.34757693811707
36.63702757577448
28.938458788423304
29.74374276499475
48.12553425983606
33.874483900563064
25.868910734106976
36.0063891934642
25.94817453988435
34.13277251681575
50.15283290388106
40.94186799609997
35.70964811238446
32.924410477051424
19.602085683536643
30.154319850640604
51.98350416404173
34.99367498654465
42.820075051313324
42.52390176287372
23.61041675796332
0.9120318514565575
32.7623796500518
39.86603619358266
43.45219519560396
63.49403743473465
63.996772171637076
36.55921135747667
30.8049892788149
40.97390548558178
33.72326884444374
11.116421552777865
62.99336622961778
17.084739912139412
41.01979306273097
34.86126085721389
58.91306432589954
6.366222528457001
9.3597280500112
36.55991146928409
32.45744233003643
75.16011385396405
23.32681628347018
7.901992751523721
35.16071283476413
32.52973554332766
12.85599418338279
85.23903483212234
13.21414945345714
7.704294399943137
29.39785331127314
17.34622426040005
39.31991208234285
66.27030394220492
27.116840780156053
20.029089149054926
28.02733244136813
47.31716719024291
50.042467083168276
69.15603307284141
2.512530721380699
10.97249467562051
31.86164690183614
33.592276603044866
42.81727656814655
18.525666720153822
70.52338184814744
28.78440193096867
24.86048026957542
28.00564975395355
35.6008014036488
26.494531097330764
29.399561919059124
20.24280342289785
29.733669168892447
47.458484496464735
22.5377345045963
37.04216688822089
46.70340084845884
52.07553497956856
39.47202494412295
267.6457217731381
34.1779408709981
32.954357043581695
35.10535429244737
14.795340793331889
35.1827724882296
316.0097076447264
34.04948319038158
34.58831306702268
41.47534399277902
19.00210323817555
33.96880906371007
31.4852107852912
26.563357882951095
28.57216296880506
27.470226046381867
39.103010194043236
61.95931141510482
354.08463212887
53.209671298547846
35.121152744534356
97.14633327451361
33.869643365799675
38.49114823661057
40.14121961246019
16.40793024428058
35.16141157576112
6.924474390915748
35.9937803322955
18.802057436523683
61.510359359558606
43.32390460195529
43.93780423631506
41.41017758041744
39.228292725252686
39.31789658209527
31.89499249752589
25.997698980379937
26.124664969553123
27.29809689857575
38.84486858939272
34.49268584102174
30.613273117287918
13.617200863471226
25.535192779916542
24.528624725789996
40.32070035042034
5.596569230385285
33.21851273246716
86.8279291529575
42.04114281454076
27.298558605632024
39.21447309230916
34.17936978369289
44.345401249553106
95.20887674645928
48.964691757739274
107.77727811047771
18.128119451765997
76.63801093972779
49.65466723542886
34.62751884443787
18.027646651775285
29.101726912731465
25.35486596902365
24.937322378399813
20.519083312472503
22.885883053166253
50.52692034805705
56.85242807134637
80.33702217074915
31.480124658071873
31.54359140401175
19.254890559137493
69.41265273039244
20.280383617604457
44.846812083689656
138.28218756485148
49.13569180781451
73.29641826259467
40.732881029440705
32.59171605313031
29.542161792478055
35.80722977414143
33.06472278197498
38.28606480569397
56.77613031931969
38.753495226782434
15.456452189895572
36.39285210298658
124.18369919207726
34.183718910506286
27.758326540191774
45.271337524305636
45.42348703103016
42.7190078962667
31.72822393140632
26.848191739794856
30.348718147097316
208.57080173574832
28.036772457213374
39.15520638653834
33.49136326609732
38.71888304234017
36.22564792120056
33.47496736459016
74.50211297911437
74.45808948901777
0.28388113416463057
33.227883858218775
14.46652794741567
55.69277085860449
55.37610466327101
38.12064229042369
38.39721502857992
9.899263176971544
36.47847631523473
33.35393274746093
20.1101389147658
8.035513919144705
54.15304674297022
59.876743589473335
14.577691483024864
33.59310097577509
45.499891599704824
44.07137976376907
29.094232836894662
1.5898038627856295
36.05946345012626
45.51695706349119
67.56899886721021
81.9491310359358
98.6516547361689
15.994587918436082
41.12851725875771
59.97820891058109
19.904534526487623
63.81273480906475
69.90606130856031
18.621903432500403
36.23108075552591
23.851033425053174
61.128586092259866
38.85212810705252
12.453192424283088
100.72787603446773
29.65773951268875
38.053455141937775
52.515089589810486
62.18814934742113
29.235555827566714
24.667115494385143
143.69507878357945
64.26904981911866
44.95791272038241
18.456506554144653
34.375711635892
19.061284903586056
25.934444430626172
13.136906593219464
75.74626793658354
31.26957621137808
11.839158209771995
15.424250417365329
20.67538955463897
37.60944511540203
63.694165788615024
88.61657480369468
88.49724390360507
9.929430042789136
73.39385944898913
25.590464715270826
47.23936097054697
66.0631345225056
66.31185615574555
51.49362642888582
36.77063165701884
3.8461777377237922
31.319603461644874
33.47416712245945
47.1721651540729
38.740697030078536
39.56343365158136
58.88394888795483
13.850082102112538
38.73944371723337
31.552600636696297
19.40252791900275
36.57639628345987
44.03479065599913
23.020238071876747
43.13887271804788
43.3176748795363
35.06698633107044
16.72631730416697
111.08310801408243
77.18119262232085
15.53890454455177
32.54315995701563
33.23417613432321
75.7482693622187
122.7439328958908
40.41955012996732
36.09470085360954
3.6124332392806373
110.04798897973967
86.34839368993062
20.997595054046997
24.971477444159518
19.533651796207323
27.623694054019325
39.05071513126995
78.12306648906906
63.93229963547947
45.45185976778794
53.404712163392105
38.67407780740905
77.76892526172287
43.794411722736186
34.94170220708429
27.322630362564723
29.562932532211562
27.519817034589323
28.71749740558971
250.64344103939266
34.298988563805324
33.75742234303834
33.716850290773436
29.204138097849864
66.15703820818726
40.62625010364354
35.127722398163314
29.98683568508386
29.49246813002719
37.52587869360832
37.37730154435303
37.36540652550502
36.34513979548137
41.64360480498544
35.746153214789956
72.20346707791032
28.04623205462849
26.76380219184648
359.46425608790196
37.92065907365031
33.18882555658274
33.216961259851814
174.03015744267736
29.387207938924348
28.364947351922183
38.18042543935144
36.947729831060315
38.464495221667676
38.619570073929935
28.68304427728617
33.93215296529797
148.77003304298978
36.056511923009566
37.55367976261732
32.69109986191688
124.78098771917212
33.84414795547309
90.08285112211524
28.468915941988598
40.74925723561864
31.265809498499948
197.25047284153334
35.685986108870566
38.35118111435804
36.34295511975506
91.93508643927635
32.67010086675509
244.91742369699568
20.60934068649658
38.97482997186853
35.77788174067791
42.94645112117587
34.443792861671
34.771355974565495
38.27879778053284
61.33082676893764
35.67019729213371
32.94935764222373
28.685832262778604
28.52470679372709
33.50165098885009
30.700790798527123
32.10900960375511
32.55049964700629
35.70526687108395
31.186988625462618
31.04684047812225
28.078409969388304
17.70153837172802
36.20928324487613
167.55512141041527
45.3529883118681
19.780247290751504
44.86954370881358
39.1516878023067
34.223216326226975
23.34484887887811
74.42079944355464
26.993691467916506
26.03585334869058
16.342632773770674
28.32983622929305
38.192694591492454
31.539152081002612
35.55866423875068
30.605135188448912
26.865134647729064
29.084118473429044
30.536132852270384
33.57229585367713
25.68400393169395
28.334560033974412
32.609277999708866
28.793157981857803
29.76174815354534
47.08327803943939
33.46611269943605
66.32398830333932
35.13578727255117
27.792513676213275
30.532101203433342
41.176165352733506
50.892929556678155
68.27542698956108
28.818893470649527
50.62807134170589
28.458839589120544
141.79816354468858
33.652459096406346
128.9030294986933
33.78956250917781
50.98952493086381
31.473759816842175
122.31650002720744
26.68092183864428
30.390270564015736
32.72429026917962
28.98739688111891
83.15741341209468
30.313689860360682
91.41797405068701
402.40627762886106
40.107222150440066
40.09437616294963
172.1033675136705
189.56675154902223
38.44901361965822
36.43992818001425
56.935229578679355
29.91943311463183
105.1637968834184
62.384205430445945
31.921796704315057
33.96980516624984
29.40970830875125
63.16750870827224
15.315329623733305
59.15404304537242
56.369789598832085
6.919375894968653
57.99844695625325
20.440741681828513
82.44059809056535
0.5019490349195621
31.427950432014768
36.854860542345705
30.403717320239593
50.970289108825455
61.67051737980182
53.38925338096669
5.454366069994649
27.01431236586177
36.06469785758054
70.37116071023229
24.707751554462448
130.1945338658934
66.7683382983891
92.11300588972426
42.31782831005603
21.035016157463588
83.55403218014794
33.955062596370226
44.91886688675277
60.03186756352625
22.675240303375176
30.837448959550784
34.504051502048696
38.10277138332731
12.995821700302258
62.41453643334535
39.13782128231378
58.69129772683482
47.6922951727247
67.2757774748925
45.314290967871784
46.690161887463546
28.60366498361691
16.672719043220148
82.5298184701968
50.78722979212853
69.47529420483215
34.67912165463986
74.53742119417348
29.489155092276633
23.667913930741634
8.259917872323058
33.87593458236188
78.6777903327208
144.22383597159592
39.74254780017736
41.52998269880118
78.72242564499084
28.921226798129283
39.60183378470174
75.10670691335781
92.18643669529592
73.88305202256743
64.70206984800097
67.37933439621747
38.87003883212947
33.08710376111139
11.149450227863781
26.151569369803838
22.95112071755102
30.043490544174347
27.352178527389697
74.99534064602949
12.755643760663588
52.82514407577264
24.413675931216858
18.001562542862303
12.898551190646685
10.835620739355363
71.81718016912146
28.17758167339889
30.508541884842998
8.734503808846057
11.458241476012518
12.93964503053985
1.6454319536510411
1.4888783990923002
7.868402823548422
3.9892900014765473
4.049574455537368
3.364597992545896
14.016086185733002
10.84368133676935
8.919674147569367
11.648970791936335
1.4369217484872934
4.749694944097428
10.63701068446062
23.429108421511046
15.440823600372823
4.012723541487958
22.357908121488435
4.834145852763868
4.9041084934651735
20.51483777273552
5.378397141813366
7.403140908852947
2.8115673963256995
5.04293866109947
9.460143158546998
975.1454303040142
27.437263964693102
340.63938177808313
32.66735171617711
52.02699244380756
54.02585898602956
33.403252094981326
36.672479451841355
45.74715903529341
29.24448379007481
438.8619608326708
38.475117336765834
39.70140851876931
99.24901307124128
47.54546101592405
32.48330546072975
30.559703352779252
21.41976974292629
25.78356679852368
27.54820355150514
28.67777074229525
80.33072677640484
30.324696241375932
71.51882794972153
63.010798796383824
52.897432991430236
52.92566332532624
31.56686096586145
71.75546068673339
33.28797687633869
28.830055906789312
20.184763497597487
29.067911139617536
30.900237657282105
27.42379689043355
71.30680826967046
32.629774647562954
194.4972814516359
128.11078731355065
36.24966285544724
30.726464594616118
127.10436234680947
33.94308615210866
48.834557717461394
42.815767979325756
43.64246736189307
43.71902133211188
37.38473620871264
36.2512535527967
33.528729508478136
151.74006652870048
54.46569435564561
68.03734530009933
29.97307127107706
27.283333386400045
144.12312684802237
30.76791607631094
30.44934304920389
88.2696179289976
27.675241621621353
54.17583871383886
513.939656134758
25.88040071354044
31.54903838442351
59.69022748414591
126.17216465721867
37.31978635215455
32.117838512411254
35.75956869323818
21.489246897313933
42.044319233982606
30.52686294450359
32.081150845921
42.77848982743399
39.68354115265356
41.04232264051461
30.15286897324586
28.114384168282413
30.58869198494358
30.50962196386172
30.66117128968108
31.825156508359214
29.494369255069955
16.42448365339851
30.599358783918433
87.51614059219855
26.446364240179264
94.61070198392417
29.726468625841335
32.01728207340693
26.26254694896761
44.40598651387609
165.5697434440899
35.22116439340425
33.97753207362075
33.824325049705294
45.02312299422374
43.54534794833671
36.292488746559684
35.44974703434491
365.2819182230569
31.042732838373922
102.69952356188332
29.22048108893796
81.44854187467536
29.988940645249386
25.14250604954941
30.559084388394695
199.62568372481655
90.83167479643737
36.14446549236709
47.79414770547237
35.76980678681366
78.2524160872822
128.64000246995147
32.55784834939277
17.118807101876882
36.32067488150824
37.50063820554169
93.45478441582964
36.062436453050395
34.48076148344808
24.29618800154185
25.59191574317083
47.49671045930154
18.039093045637856
15.967444046389573
28.889050110237804
44.03137248756502
28.756996437521593
18.38967947526544
9.247508989013312
85.22011899720053
83.15800810807332
83.66262032232169
24.223324162193876
56.21553647009728
41.38873141928616
64.23208968481595
29.476685978575006
32.07593530366648
7.463119868711146
39.076234931759245
67.91707443157247
48.14200164633621
94.76650144668474
69.53451247293833
35.057844884294354
6.371659846037801
39.280450442268375
77.22105559089141
69.82661172460939
32.63522414158797
20.497317589321028
89.68558204570218
42.77057466309566
66.51354794171812
19.950637052876118
49.537542092815784
44.91154532835935
19.012710644954495
16.286693146364996
27.77472361004402
78.33973538549662
37.948143415098
29.310199683278825
28.122722758490454
54.276008267746874
12.6831165126423
40.211209156821496
37.55722322080692
13.579179688820659
59.70928228454977
108.39849811234285
87.93002565134248
10.296420524362475
85.69158773296112
40.20248155710124
46.850077350514766
2.861235180953372
46.26179482561338
49.21111086750216
14.315016305905374
131.66571492106777
59.30618815420712
51.88277337958425
50.64343520595412
1.3164162401481008
21.951155654403465
6.145352277234906
24.52859176118136
1.0063829100727162
11.87063302029128
8.680931962188879
6.853054158287705
9.602520509233727
20.15770504916418
5.695565564489698
4.824037305794263
8.719415723368002
4.314828825248696
18.771952504213004
18.267722447315464
9.644806327384458
1.841551975711809
7.178995697887331
7.46750649720525
17.79740552822841
5.47539630970914
7.359047726524295
9.750318998840157
12.933186223950997
5.207204512644239
10.794827974813415
10.022210097293282
14.372374808698623
86.38339801224305
51.46486359154005
36.81478979085887
26.045801318438862
181.17394414668252
35.335913998656906
35.295783970115735
32.64887800658926
35.85917056925064
35.557996004795314
245.27546749988505
34.001487375080615
53.67792251744322
43.06306426543051
35.483723284020016
70.20948350362232
83.27805838078984
25.974448939794456
43.24461273602719
40.24620112268167
37.289188140635815
169.0413021403665
35.78472618433443
36.26138876711775
30.603836946007505
17.21372364677154
26.683227851513948
44.21609662359879
8.18626692853104
1388.1391638790117
30.28827549731932
30.966402297993227
28.826373726741622
198.73670039505032
31.03376991159621
31.24584585616776
35.20900558849371
38.90892162696491
33.01780671652887
235.6445750435214
135.5356063654035
57.06496962901019
37.353170390410014
45.512453569159334
32.45113835891243
26.279310949259525
31.765294916733183
28.436447953031347
38.75293353993948
47.240038061821906
31.6866552985648
270.61629694154
32.90421742178296
27.65393397152002
44.72407251881668
37.53724286470583
30.435510294410506
21.10207045212792
493.6584107314711
33.440482372457154
266.55370812967703
29.48370105335016
25.282376677000684
36.02388415300629
40.32443973715726
28.03417738674898
276.13274460761204
34.04403229308991
39.88441418430921
47.90905910276342
35.93754206302583
118.56521145909119
35.922241424361346
28.29853196772092
39.38488177024283
31.065375822407077
544.6353801793884
41.21589733152541
38.420628473541
69.13862897357012
62.68364999562482
66.7706343865243
49.56818124682968
107.91259555891884
40.51891259559761
75.3863238707313
62.119665967632045
11.824803994291415
115.93258724501266
40.18578904664173
82.73755926910599
52.54642767223777
35.74972513126522
37.0636620077903
43.164908253133035
30.76099743258783
56.59277942042718
75.74531212626607
45.36962477121597
48.66207187136854
18.318918519288104
21.11416867620528
60.00429665881006
8.449226275338333
54.207628518426645
61.95990501124834
38.053965756407706
65.0879604548636
38.31995068441529
46.206609863667836
36.665323729355805
60.235368757672404
37.12315807164305
38.78406068144068
92.76290943736876
51.368129488917475
31.673262593492836
66.06892829216486
38.445679249735804
28.96277605163141
14.671825043089484
26.254901734298983
17.992891307818354
33.42326212574062
35.09886384432866
2.997137179580932
21.92897252241255
56.67002814342413
25.62167407002562
58.9527751208916
86.19198324118884
46.94121582688376
13.320324269621779
33.136438746079875
17.856985203437944
10.273537815895907
18.80368826762424
84.25988334075646
31.026367994608336
25.181066998302413
105.92122645321069
52.190113719050714
145.80177868660576
114.22343351473592
9.160154153616986
166.48997745239194
42.51944273351182
41.168162358371774
23.949120920146015
72.37387631561342
29.1028815627933
43.05817608680081
92.3716494825112
14.392477278762726
3.4676811422905303
18.551270083869895
4.954388991814994
1.2120222272787942
5.1431385163195955
8.524145803813553
23.137495677488005
3.3777020451261706
7.49455828277587
16.549864134454765
9.871819204141957
9.119174488443605
9.312649954877998
3.80320055584707
4.747752411480178
8.064707052748417
21.292234924881996
17.89861081028539
11.510617991491017
5.1825180088453635
2.0544396827344826
8.564571972029626
7.7825774155971885
1.7688581532984244
50.483731413866096
609.736383320073
29.314087606468092
32.71541881294979
25.88925239058881
7.177650157927019
269.4600956666991
197.13055363846934
26.572976909596036
86.93013576651038
39.57139849853047
30.112040970576345
30.029729364025116
29.916545357409632
32.415377131314926
34.7984067402449
36.7189373311885
35.59727121004835
39.49197456536422
19.430565784234204
32.85480875221401
28.579109679663816
45.3951026812847
90.73932871397952
5.381747396971804
210.8119257919492
244.88186916254472
53.40844409861893
35.26176123763389
188.14458883531006
31.366398094702163
16.180478359420704
31.233510170967747
31.204509332086673
48.9972875028584
31.395704447430944
31.13010647583269
20.8667737951223
29.99266499514124
37.55448676897504
37.574557150670444
290.9523356660211
36.17956435203814
32.34790993812021
40.82361709725228
40.36317869310187
38.14407216121435
36.87294632882549
37.13690255399342
31.237857471802272
349.3216593256857
105.70248098306911
29.654650265161763
1.2666943292278923
33.398131321850315
24.017279353423078
17.271454754651813
57.11729109492262
65.50215016379502
13.058335128465842
44.95321727703913
8.280064696829868
39.79343952839645
31.230474430057257
77.77542110957256
34.786337433666176
5.127448879039548
31.597366030093326
70.55593460275577
30.209358001961846
54.019414887357925
87.40838828062715
173.4641448877046
19.877184516991292
32.818154633157974
38.62446592750166
26.79262596580702
49.541103220995865
8.39822845553499
31.473272802631982
33.12618858076047
13.883982436152962
57.95890325488915
21.992331406103858
37.64882421000539
60.111252018622054
26.556867182879614
35.267633421905884
43.41560906561381
78.34613335514769
2.5461953417652694
192.54523595386127
24.23569268137544
57.833359671304606
57.58333643235437
90.83507220770935
121.22003064677574
42.56939868082554
52.79952616387709
54.85060515883197
52.62428039321276
56.90505767696823
41.43340911305404
28.19567327239156
67.28771512843286
20.954843698608784
9.871563515695016
43.99159290854277
28.44058105064869
34.20683789309078
74.68122539961769
49.635654223528036
77.40477893631692
100.14522993916967
60.76927335367009
27.6001188782634
51.071693439816954
31.055526964794808
33.06892551513829
60.96778058608288
63.64761783967333
43.82651308111235
24.16407410766078
83.84992699076724
20.645708392608867
72.13864043696321
57.44178000942986
41.31586628974719
87.92280379284875
105.98408345963071
20.194839619615777
8.612367112514903
13.294883968960221
30.398117673868455
6.734739305904441
7.589275529277074
14.25868919259301
4.8800031113351
0.3731299758073874
11.463471821209168
11.463297581324696
6.5752804556959745
13.056624439048392
13.941692031919956
17.24579284178799
11.952598480394954
16.999160654331718
14.219710952600053
1.6951271512048152
15.778339223319563
14.079438094969191
12.782583268392045
11.229962911353141
13.123927508539055
14.631434354448402
7.479228896390396
7.8050320708309755
14.621409088478686
19.801947896376987
3.778172566401736
16.82814266416699
5.435579320701436
29.324986608950894
31.901963225314375
218.60145514395754
16.4526247812737
28.02280882456398
27.99753127094027
31.148771249778292
33.70949148820819
29.164099428734517
32.548712374058596
33.31231195095279
36.91960042880055
27.75652762930349
32.5082243733068
33.121254984565894
70.67558868603828
144.61530292171483
37.87650807410864
30.58143873830886
34.66717724527007
33.63679059789138
41.192417480542645
26.578953196894872
44.915184298972235
59.79470680981524
33.13197163158202
34.291956599392506
54.21108519519839
133.9153603697423
86.95829765206872
9.112638577570578
36.73592971218113
44.605933760073185
70.61013881943472
51.623144129615866
43.24150248875412
53.52315282415384
30.10322549009834
59.37991783536381
57.66942051251681
37.79887616501037
25.090687216879815
38.38118532201952
10.234522613158333
3.669260831356951
69.47386627516244
46.37676324023414
49.807689198070875
34.27209568114267
43.13967234566849
24.284931014161884
42.548424845534555
28.019793153296632
62.41496252152365
38.30884607416101
35.341150474803726
34.30857335843302
48.71954435060252
32.74264924950285
19.02380998195804
54.55734737508101
94.83929506491677
63.16896270460893
13.072846498213039
31.951683051157488
32.1493627155196
45.41591218498888
16.15288901002532
67.62579614149672
47.38377642262276
47.310940714507524
24.31136296072509
40.113117572444025
35.34116345881921
39.88107580659471
21.49373170774834
43.873489361744305
21.39456520649037
24.35034477951376
39.51723842105093
44.511639744214335
35.27320084135863
75.48945875635036
40.3444719307372
37.19716458646417
38.15951284701123
42.22703147377888
42.94294912011628
32.90307589786153
66.91925196351167
4.584011563780223
32.06627561154528
19.289670502792433
37.97471315086841
20.23067508892609
92.98845394276941
56.02201875651099
51.81518133087229
44.65516110118915
90.09616766630506
22.61081359958098
76.03131107075569
48.43161825668449
11.896600773114187
12.434336434904253
12.666554068221558
3.4151013731789135
17.607821307805352
6.340767180294279
8.107176118754069
4.388278932899993
3.7893437244010784
18.066819193221818
5.619201580970184
4.560418321158068
7.594237106402943
6.327189842087137
14.438664494116892
8.757347642626883
4.954060335824579
1.4205689724676631
7.042018114007988
8.208491519651034
12.076383644325688
10.862616310129852
8.697676151582527
3.871221108237478
2.531326923782217
19.036717265807056
45.893960727280614
30.266328714484416
39.9925398064247
51.887430274948656
14.123953620032808
31.882924240650937
59.1224327914947
14.218179278919706
18.280211596871595
69.97499204353971
23.453924145191195
13.011505457316161
42.41591293383681
34.58176841781551
22.216192312880594
27.29707080222761
48.59454260146049
37.26155810846831
22.704761867495108
39.37807730674285
27.221756224120327
34.208956733904415
56.59159748341881
38.363368535731425
30.881212508935903
78.2993403024168
59.38960262561068
52.46243777910195
68.27479835345866
84.00212424281108
37.087825335785965
27.019416255962824
53.33733747537735
39.086610258353176
22.27312615945266
85.54955608457294
40.81696520683727
11.053281381906345
47.17565084776925
22.59824714514616
51.77909716036811
30.37628023761863
57.27565323046656
57.11211983719295
63.02754945347806
15.382860720294047
108.46442450925451
69.39869927533073
71.37163328872884
58.558936030676705
22.202270656474866
60.32094943260745
16.0869300410086
103.24843530155061
39.316532946276766
12.812359013305468
108.27861338553885
69.42649296969739
56.3917404193071
33.15395475814876
12.53380264767111
15.323540835197491
83.56270624199044
70.72165767541765
99.2094151769561
66.73370534157539
21.90150484562264
15.03568616197299
20.59838363329618
27.035775356262093
44.34327303565715
158.6535518338942
88.73755180392232
90.20923377335339
40.30880518997992
5.758877231918177
31.34251817675522
67.18564274299933
44.73299541574852
9.976934169158994
13.414396765070705
20.951068883610787
41.26754503029406
59.54139505143212
10.468322309715859
4.031398349661231
17.791145821674945
4.466730141229164
11.230486911119442
3.766780678914074
7.736674790905454
2.7482907585290377
9.676744239424806
8.788429760513964
7.9449799798585445
7.534850129462939
7.482003892496323
14.114919484813072
35.9440061153673
7.242527118916769
9.320800409398544
5.492495930135192
11.398016683277092
13.19963506880049
3.9383625812700984
17.288399863929328
13.527995563918012
8.007977317636687
5.17816744085394
9.112838523210485
6.907252564738883
7.941017282082612
8.78957288489255
11.779636252986165
67.95035237297412
33.5369428199636
43.170418127286666
21.25746616888091
41.7491493663033
36.09945930173092
26.268240602918468
37.65629347420554
30.27833341601604
27.041261923528737
69.52226383209063
5.359935969558137
42.75068696426706
28.7785829879856
164.84383629804643
118.91409119206583
32.801118398373546
24.30041156862262
56.211846474933736
92.83467315234111
15.283871081651796
14.708917553823085
30.457943637357857
44.5026636126795
161.04302156094172
36.75821155570702
26.222407772411316
29.3776379235278
19.249354098525146
42.70743019817564
35.615680159378826
31.61853054560197
32.10755781011176
30.899573009859523
11.382406980246742
25.444182239361908
24.377644341035193
39.18368242839642
15.033926011520634
7.225352044002648
216.87719812440082
32.51980077728331
41.43283163794149
69.12599626134124
81.51498545003051
46.73006591560625
35.46018002490837
12.226232455981517
36.787355374050094
21.868199626562273
25.545382496344246
18.679716560920497
7.169930749281775
72.39208924354898
46.994002837536755
40.337728681144654
27.609656993854514
29.795806361511495
61.938592157411335
51.73247055432023
56.76374944293633
100.70545313149694
164.57488285592592
112.26621470672751
106.73538971383266
489.76936213129636
36.847717997655764
37.34259972471682
28.466417148780465
37.871877212139
29.03128023219756
32.85394181155425
208.69735045902416
25.92162411891968
35.32965831579395
281.0769246929585
177.5784383481746
93.07906161904066
277.52415290493036
38.70816134624647
31.059879416426156
14.076216641146402
23.744677211094768
50.4719654650321
224.34632080099072
155.3839049065382
47.27285022587421
45.40961200182937
32.363864672010095
118.25108720729258
93.79131991513259
87.641525827833
46.4178131123781
26.8865998038018
41.6341837238233
67.30061810342977
37.832120222932645
182.75972833993183
39.936274648129256
43.148389339528876
17.166913764234778
89.6686462280959
314.1767942227534
53.26180756310987
4.427562227016097
12.155326423275255
125.11130592493646
114.93947821361871
30.75441002866137
116.30350088523028
106.77228773180195
42.34993083895097
347.3547896530472
33.57834228704451
37.71343490373056
32.89322255721163
30.447337514545325
41.93661577402236
42.53064686705329
32.923784090189656
41.168836872859174
232.23087109096377
35.85806628188402
38.60050316472007
85.06366948813229
28.91982042917516
88.8851421341351
220.14999211599934
111.75692181875456
274.03895180784093
91.9825099783393
173.54193435711204
8.003005281711978
2.2378812596464286
11.673724141668572
12.355224683429242
6.7308141121066
2.0504490083685596
17.852954428755766
10.00129819281483
6.2041823605027275
9.58351127522019
10.012653674993544
7.864260895116331
0.3733041684899945
8.085804311690481
11.920023627987575
0.2015095514998393
9.817055030356642
2.5124208023862593
8.1244323361625
3.2372693850802534
13.337792749092841
10.685400304718314
15.58473588749257
6.899270468376926
5.105411135195027
1.4095698059172719
9.116400116263321
6.320845771950189
8.256764585909249
3.073703568371002
3.3570369951689827
6.762979982905563
23.164341222760413
2.113572624130029
7.566147465329777
7.422963137007173
5.147004884749549
12.771278535752572
11.472519761447984
17.679622758949336
19.14937631837529
26.035987379369544
13.259759664212652
8.425699545383395
9.49289886017641
10.278147839200301
1.8248624033694796
1.9738171494673225
16.969185735388237
9.106221897674004
10.857858745461272
18.867306309453852
7.954912165401765
4.49217293114998
12.578172930039727
15.385569501937425
7.4268500794427155
4.597034718348027
8.88283313932925
23.185716995905068
3.6749998674913513
20.071683515466248
12.609461518217131
6.951078090319243
4.598137043629322
1.915244230089229
29.989859011212047
14.070653191927704
2.7154139118993044
6.366241010866361
6.41079956606427
5.579461155836725
8.98028231596345
10.319452803159948
17.076939080524426
16.083900858156994
7.798819933857885
4.693170361788361
3.931505836719225
13.67487793568489
24.337679209896123
5.087484271027279
12.156104822090128
12.2829525667712
17.20057769188338
14.108885382923972
17.436524564048796
11.961927011766875
12.763367792625559
4.779138240859538
6.95835012617772
9.258598532887845
15.040862124930754
4.243474405965571
8.822318040673053
6.666917447405467
6.607023767830469
7.937317386227733
12.311805411416572
6.255892268797652
4.895068735080713
9.983422339126264
6.419506489860396
8.433009354435853
10.51521459948799
8.57504655034154
11.459786858555162
16.75263806464136
7.606673104171932
9.435220019822737
4.445296383040841
8.145714334965305
3.897388780708921
16.584629793087288
18.565386726630322
11.44396504112774
10.860521565475665
9.850295747726705
14.002912474582445
14.889134460414425
4.068028598181627
3.54947038352293
6.265273053377314
7.464892692147259
22.732607326615835
7.996176173819549
22.415377211255958
13.17400947130568
17.462312488239263
21.910865555250666
4.3632502889979605
17.89427958380884
7.280687172772559
12.323590134732513
3.343318115847069
12.355995953647835
13.60998808637487
4.407742964322097
6.252537007403589
12.10173733081865
4.650326385215521
8.81074287096817
8.273318250690863
3.0407252139339107
11.99102739450683
12.832752827683294
14.453941654348625
14.747796487305095
14.48795480967101
0.5320941191553175
15.653395741507211
9.495693840661033
15.717110987546448
17.838187726206797
11.031018912566651
2.127090316565045
10.607267256861178
5.778565122579039
4.7657936689320195
10.080020972010061
8.584913039505409
6.74620474970925
14.46510324443625
6.535714622230444
12.825910175060926
6.16333164721982
8.788008147713299
6.088705673378172
3.4276986270715497
2.496853075659601
9.818012315647138
5.61979892601812
3.9520495691640463
7.093423983978937
359.3676430092797
68.06429678837361
73.46285016565798
34.68568139036984
41.97867921147588
57.102346414965155
267.3664497732336
104.03694963261796
78.30604477220731
31.218266804185532
59.919717518557036
57.1039388084414
106.78353557490618
22.099085744705008
10.21328598049331
101.18595844234733
33.81652097890537
52.68819470998778
36.34852978776962
40.32569664651737
45.528935947770606
60.133582010231294
35.731080307839875
67.15391395030701
25.984788035759266
28.912338433481636
29.46496422626842
34.30067773778865
28.796619789355645
193.51066083959267
23.186802808081666
92.16723980369261
89.32882131858787
110.0196471155623
42.108525569203266
10.279737816423221
95.20672893679148
55.52367666050941
31.875350545376932
33.67216990180168
32.9734392772516
508.038373141846
50.082539901151904
13.696955531549975
40.281563088727125
36.76952812707896
33.763957952127384
88.19837713353445
17.854727630990965
34.160442386866634
76.24089482160707
92.87500225760323
85.29084131159107
30.949436796036025
85.92381383496104
42.113241350265525
20.4827972822859
59.47075660016344
109.03068525117123
147.60054990655226
76.82208297165198
75.36182406110856
29.9300039014488
31.147807845656644
4.635020559287113
3.780091999927663
5.72007172984695
2.661849928869742
1.1516459086897157
0.3800436342125977
9.732317976302511
8.92609214335198
4.713576052046392
0.9841703917227278
5.765474430449103
8.760010745976615
5.587253401101407
2.3358984772621625
2.6765379261305497
2.727248851172817
0.008744498739361006
1.6678017136946437
7.910504462837707
77.47485908699514
43.60646351060399
78.48651032161479
17.830915630680238
26.696506487044985
52.920193340632636
72.79382091095272
17.156507388617
92.51758805032296
49.83268325993163
51.18150155615467
82.85702083615956
83.47436851402676
31.390882062060882
172.72049696938575
40.80789312247953
31.153121552936682
27.71314163371244
39.91389332531571
107.92187904973616
72.53972692473644
51.74707457861905
249.05850602310647
58.909136938093525
79.9244956984412
49.31929540128385
84.93150487904222
60.22319931743914
13.796280099068099
60.69107994274418
30.217500292073964
24.28462526516796
19.048254105650813
39.817188516797614
26.561409838670443
95.97473718067431
166.90282987191858
30.203574020868473
37.04590089122212
12.339986816619785
33.68383002853807
8.653713127427181
122.81687446870092
74.36485537168664
83.76887614721909
38.55685924415593
0.14356419094838202
86.49926845135451
35.87290530577411
194.01823251190945
40.0281316579958
48.17234562097292
138.21231559501757
104.38174146534129
102.26155619597193
39.70695933193565
39.464864201272576
22.442413358608974
71.08333495516308
18.190161538132088
42.9618412555501
30.288792445386207
62.15029385113303
17.107967287271094
152.10654188267472
45.23681830413989
82.46288556861873
29.50890540670116
94.59438729334761
6.3197876232874535
21.57986404943614
24.048443550310907
6.720147641041422
7.387416837613046
7.283509530640913
5.96929338145037
7.456071463676835
8.785854136537637
5.434957863012642
5.075096269352798
6.524458056414005
6.30058642397762
13.952693174212072
36.495464000446646
5.13390508255452
5.557826040764667
9.641369520809349
3.977933400979964
6.061665436360272
14.732456948579966
7.870455590881647
8.1742305182579
12.538701775304617
6.15061321806661
7.8945410080496
12.887952427869095
5.948783957559499
5.231403291556489
7.594349566679739
4.794212593402335
7.850099796485665
1.5127176636542572
4.756975335192692
2.36448736388229
17.282302413966136
7.123994626672356
7.065953472775618
9.745829354728812
18.276726798313575
6.311855155754529
6.803514077219006
5.792763892275616
9.708347329957178
5.572606014493431
6.422262521175071
4.734690680854328
7.884109046402955
5.890690600790549
11.024220369917202
2.920095279099769
5.2501404493705195
4.122049107030762
3.6402859755071404
11.670164409590143
7.746631713285751
1.8713422542568878
14.722681585562896
10.450278895039446
1.8863286648320354
4.386839840339235
42.8889640668458
22.776173165562795
5.846756727692991
4.979046850237864
37.062744956119786
6.238633400336738
5.481719392727371
9.895067236846614
7.7003525404761035
1.7388308196125308
6.9108447361164735
5.841250748656535
5.053123765181226
22.286354557683808
6.653023815015331
4.644345925677953
6.134666589565768
7.00724177192069
6.444317982413395
4.433749410022756
12.87125414358934
2.405322022409109
5.272443793944149
4.590430271739933
6.7086496200226975
12.725368979211453
13.407574932318312
45.68368550374544
3.530925504789593
18.827270349519495
4.9823476171995935
5.099133306757722
5.973834094257654
8.555600709814826
7.827478421133492
16.98040654703982
5.91633714020827
4.691198614387758
5.072130829405069
11.436430612010554
8.745244742718569
6.533590237679164
15.008199619052903
6.3659297262493055
15.088117743011026
4.355873952927141
10.519828776209579
17.62034514183142
9.805188342766087
12.471313133944932
1.7485609018449395
4.429956754274826
19.018518186349866
4.869187123382289
1.659115247277441
5.862824278309745
4.444539933205306
3.5069662360438087
31.910552393075704
6.446491742334729
8.036103038428337
8.065050605116994
6.584329974559296
7.560903165833224
5.589703196232222
6.228693358770215
47.44738378725742
5.281140614115429
4.770847573181527
3.7907454066626087
3.614576744639635
4.488715913515989
6.274732643676543
3.1625295151388855
47.19008459932047
27.93198111105994
13.720232277388277
57.54770021564582
5.969090177419275
6.161910088605509
13.160369166507735
44.83370112540615
0.0039288088098317075
0.39825218649406224
5.3290175482510165
8.186432813166448
3.3990770165687536
7.938383980292201
6.000894273266567
7.565295025814066
6.520063964051133
3.1956752723313
6.036823602858931
6.48340917959149
18.213613807349248
3.3670876802398197
12.546452363578737
4.843137397069313
4.695707378101815
7.207221001896869
7.871017198213849
32.74249888317354
2.7408776456068153
14.428337886526151
5.392172328736706
4.775634982481279
18.36283435452242
6.550794471768313
20.193316264767418
3.5777238366899837
8.483861731760953
69.66426385635259
15.035281056973872
6.372632327964311
17.96828226766047
7.789088143012123
12.0363825413433
16.34374245253366
4.7605878743625
5.418862872144018
5.954527523973411
2.206612640537969
19.494642112320435
16.81287725437778
5.344231084729472
33.1950690053618
37.300478550946536
6.071513789045639
6.148585461942275
6.015540154588962
3.1156214171678585
2.7071398033222067
28.329112762243312
5.169861433241749
5.695873510205274
4.870448922531068
4.975059261141723
2.0295432182647346
15.251837735233494
1.3352520184926107
4.973987979366939
5.960069395674509
5.676552972319769
17.48325109180132
9.353918185029897
12.151593293100774
16.53422202959979
4.7544420883566545
14.089554814700818
19.2082274788188
15.075004379601523
5.285643586121296
9.162489318021926
17.5049979684145
13.271769917268557
13.528544648584102
11.287977300939929
5.040777784432066
8.325494826402064
13.84202613952857
2.2349604251512574
10.938159065805394
14.086150554584037
4.865741958617946
4.801272807427267
7.139149755511426
9.529593624061818
3.7693664742064357
19.668319708942363
1.0423681086931538
6.017819847643295
4.229253541109756
13.232751688469307
13.182964474471646
7.899613613135898
5.152270798686459
8.749572496342807
13.063855050961592
8.950658205406398
8.977006329849246
9.387448890795895
7.855430316238653
5.125037614120174
8.755377924078857
11.849817257289033
8.163991327751319
11.88766846194767
9.732057870055542
9.101454210738666
5.928678223128372
9.242283721551757
8.585713814902192
9.973388929735847
22.465936864671676
12.120117575798758
8.551589163232165
2.6148372812349407
9.328639951547302
10.554493742730301
8.649369736741392
8.425152918343883
7.571624237250944
7.605538381872066
9.843973563495638
7.884759449856574
1.0131568702945515
5.114351870108294
11.813396152430869
19.861194075118874
13.628209917788809
14.878688821840115
7.416421527017519
3.036955140621103
14.507741250030449
8.409779299649927
17.3951809528553
6.1755566734873355
8.500759863898566
6.832276711860686
7.8852939037706165
7.916732315288755
12.103912739736188
18.490846798652456
20.15520398582521
10.873416388782061
16.360449606278053
8.869762008733233
8.776912423958493
2.4145041311785462
10.658048539386982
15.387214038473758
5.213024408840283
5.284594932458276
4.711331327307562
9.511386616080927
1.3191739426911226
21.704213758104743
16.4328224140736
8.02653361108787
10.594878367304773
6.529385363441179
9.35435144685107
4.71152094174613
10.293697170709493
9.99434624652531
5.716448653654879
5.631831725486336
6.963638530865865
6.101332998416183
16.19187277310415
10.07581305996058
12.075687946525761
11.441219142103137
4.7757463285045105
9.91538533756534
12.814623878149746
16.7756977097157
9.595049684266996
14.054629677454841
17.561250538265995
3.399449388539324
10.585617140817703
22.868756169881635
14.647238410446107
9.059987820429342
3.8023404873742948
21.29704714331956
16.275694032789488
10.891354077398319
30.109568793829112
6.4467139832859175
5.097287084123764
6.274130059134222
13.229316299740276
30.544545376225415
15.963421365513568
8.818793009660112
10.161178910080253
8.629320313451899
0.9323422131428742
15.697674537309467
7.2134746138481205
6.621398100145598
8.917137796534917
11.769693645683219
15.758653897246404
8.70482379301211
8.125246683843216
8.412186752682828
0.7201176981961908
18.436431704703864
7.356812035886833
4.290567346006355
6.741686700717764
5.13008324394832
30.48733826861917
2.602055079134516
18.20331089841602
15.698939834149314
7.2143801667753
3.319127171615037
8.915401949869192
13.651465773051314
8.520556650927574
16.356248361648795
6.949616704378059
8.516143644794283
11.439292253747226
6.763201085541368
7.350452903428959
8.876765114247974
22.95764929415236
7.682395469266339
11.91176457333313
23.24459568054317
7.294460293262091
10.717557194639085
26.028833198580287
29.40543266030454
12.968285668344834
7.886704879181707
2.221485611663411
12.810083428332291
5.9300819587442675
9.217360595484934
9.269305152884044
15.955945345700457
7.055064013078663
18.834715823557417
10.907153073691006
8.414011573458993
10.764243401739805
2.28596932056098
8.89599809563515
7.454886044461091
10.388938026870164
9.838686211254753
20.893693776899454
7.0189604529805365
13.568589596683523
2.6824675838724943
27.806947481933094
13.121854369133644
15.850195800117838
5.71038971322713
17.806244460927076
5.443672840445743
4.600419280679034
13.590959037119319
73.37588229974756
5.458431468218805
29.121834000392937
6.205394950534355
6.896924418716708
4.551260109908071
3.9854197429704072
9.291232191548715
5.065443065582258
4.089872261301025
5.237060049356842
24.93419036626392
4.994105556739669
45.91809968121379
8.572774245773871
4.553063723983541
3.758092195725112
6.144533090051482
169.31014816416928
7.835828559780566
2.0904062173740385
7.416656796956886
5.205594705279509
3.1042713183906017
6.092437281755338
101.36817346979478
19.756164733142214
16.62425830916345
43.41993603469109
9.125276175822364
8.601354461357914
5.369530919981116
4.24659849885029
5.547928288273397
5.840220099222279
5.837950041574004
2.664589111096575
4.816513010839117
3.0911700591650515
30.704831030185233
33.28977486677468
7.439511694243265
6.118047147152538
46.90557691708818
88.45042682751955
6.84174626870572
42.885599279040434
4.8422936126607965
4.478753866720581
17.66709092315068
3.621568255726743
25.058744497815496
4.574771505438548
25.76062943105353
6.111371048424189
17.118611234061973
7.944544058278552
5.37934758001029
124.94848577707126
6.517203617739142
7.394203018928238
5.749974956635867
5.1425579729651645
4.855043339458348
11.300150607482692
5.921977388060213
7.141938298716241
3.245885214748114
4.659334523576945
7.234087501728936
2.008204349546304
17.67987540026661
32.59323644917026
9.932101444173895
4.520762568423834
49.41774854587902
4.720697693353941
7.3480312468013835
4.0608432394647025
4.760568529923148
14.752244445280212
5.01616559724971
16.979350138331483
25.54421547226957
5.0497027674391575
5.162384067029052
13.68877719115335
27.362964088530134
11.627653704878867
6.378198464086381
5.548790423685205
4.670300976064027
14.225048494575276
9.816863527892565
47.703729753292464
6.461803414002134
18.035888306369998
5.4142681594694295
3.4904815808295098
5.5374075418130815
5.762316593421019
5.582556615068825
100.88078562157898
26.060860767845952
4.037049498389024
5.97946552256326
13.898637449578928
7.521936914643447
10.70081563630265
19.59047886861572
20.55810868984372
20.748318706202554
21.00301646099615
5.293370688403229
4.991911359622463
9.070216806780081
8.28690980328065
14.892220122434082
5.566468976656324
6.474026619533106
5.256823680563684
66.89428231891907
1.063759790846234
5.049415031866374
11.48924909379275
4.067123349857866
5.434388673664216
17.671978711932745
11.190062875657759
13.827980289499124
5.83395802711334
3.3357448042904707
10.121473622481062
8.746589197825301
10.206023937456848
27.38094584542955
14.154006580180521
3.643246224320137
9.751767346403994
12.784699828839393
17.99096537933565
9.945792405493876
8.810956316655165
8.13473753769722
7.49355636945802
20.250345271567312
9.887024774089241
5.758453323775029
9.724977683214092
14.607610725221548
8.64436785811904
5.43221394597731
14.646350065585011
22.54599949640442
20.635897386116994
2.1556546107949544
11.708609972900376
14.44934803084925
6.571249850198001
10.22798662304831
2.8173550939136476
14.383284378706776
10.182733256068786
12.121341556116022
5.714731851552642
3.3828332756274904
10.237440885441174
2.87123019064893
9.880347644881113
10.27783313908003
13.05257592536418
13.73410882527969
14.915051575841062
2.026852022994717
9.16214748459879
9.235257334115886
23.930373367422362
20.435230300641706
14.098348921052093
11.2104492360304
8.455839133491281
10.17106012810109
21.470768193107688
10.4528248505776
12.880771529140475
2.2501230140005646
6.967796604372779
13.731245065215262
1.9488854515093408
8.13081256487385
7.893761973124128
18.707312808494862
5.7608172678064875
22.81250698461099
13.816053180535164
8.368258030027391
6.69150795889982
10.969973978813869
16.350372390808843
9.347085520072142
4.159216453575937
8.444293487362302
8.639935310495275
6.091357108554803
5.417082595140528
24.962649831961244
16.990632437220484
15.646750410376626
17.205612998952347
16.41860098827965
11.889678970077512
6.708577283565319
2.493605984327587
3.198776065441052
5.422968471099011
18.013021945131186
13.2201316350438
3.9554218208832026
8.056920965713289
6.567445605510002
9.024925585974472
9.944070575024739
14.5074923190042
6.499721284138332
12.979216558764051
10.04196337412236
5.956526385738243
12.585478462496212
6.009144052255124
10.018116209381787
8.628363204323705
12.287701151167312
9.804988058867366
6.947850731255585
7.9157278568418405
10.78448498736634
7.017226398250386
7.745507491997159
12.968702438919536
7.171714011533368
19.349391706421102
10.64634919062928
14.069894115666102
16.335365141826514
12.09938726151995
1.4324509693747132
7.136819161751191
16.597874402507387
14.29942733932603
15.298280903258728
7.716243338808454
3.535060746727595
12.473666817106277
9.981600154871558
12.767615155683416
2.77209448085614
8.096932381140505
11.322403704811222
10.750002136064722
17.91660485032571
4.927537666704666
13.808452252783354
6.226524614963637
8.11907043500105
3.0043560679314396
13.834027870181671
7.241821630858794
2.965514146202622
20.44189046970223
16.86422089385178
6.948676698761119
9.353153470505276
10.857234459825122
6.23809756376977
20.384084103062378
26.774270740026623
15.632858116163334
7.33983521195205
9.96445675333598
6.8114038158255426
13.784613198935403
19.51604169413622
10.70211815379298
7.145835180224822
10.83840768308255
6.664318486760749
10.537947933004034
14.646201764080615
17.00125749192739
17.54810421111688
5.499084266981299
8.681330547604375
12.577631247644604
4.431216499138827
28.684552115239057
32.92615597428812
8.569328022054833
6.765419525390797
2.554873722822151
6.054727466928114
5.274619184683388
4.382033113677153
38.13266127067652
6.118897985566264
1.1697224059701057
6.106861105608004
6.248909357546381
4.604997534745962
6.587621097248757
38.567052706611776
1.0546545853603675
3.922512371195353
7.863695774934968
10.924488724212097
7.281072305077942
7.834235691137565
7.929402693685006
9.578341021131564
18.676820444728946
5.4580566914592055
4.18939875320757
16.163542463548765
7.716181916663118
8.379954590433044
2.440363273656658
5.755107099123052
5.668091570880279
5.61953456503943
5.626696939936664
13.943230140935157
12.544097182061705
5.723190517028343
6.482041256113007
28.373895955006446
7.149744750182435
2.671151721056958
9.133974637703432
41.67697012849749
7.1914145776681835
6.0587179194590135
4.159356985190243
19.467962223874565
6.63941140697716
6.987168980620481
6.610001739474683
6.576007987128833
27.711912927230514
6.475664627963852
25.318313947815113
6.602116167676286
5.695764248986961
18.03251262126713
7.9691474755725835
12.330865310433552
17.17917025923944
8.916355730241548
7.379957594988355
9.281359484070776
8.600202270364434
16.699488981813033
16.474396781690757
10.778959170221128
4.297299834739533
10.311100372563033
7.009830836074343
10.332208564991106
13.586836927844843
13.868151496429846
7.945438896970927
7.5585545711337545
14.845300453164327
13.425497086869655
4.3900910779148035
8.26289747392002
9.384281559228384
6.025989517220751
11.847567765566964
5.413581833344324
13.39704810946887
3.542543679638584
11.615920898117565
16.043214872249337
6.388656366038049
4.4707355239779645
8.352006756338596
7.961439353184687
19.795737113170162
16.51660738818464
13.089414553092865
9.634745193574417
15.564077666374033
13.004090836951946
11.462568398183976
24.07190419723156
13.00779618213528
14.66631321958721
6.482306990563302
15.444405891360475
12.991356352183175
5.427959779472985
13.435808544934844
10.4803056831106
14.542852421409407
12.939342236313678
9.283768993573176
9.388116200108925
12.885809662509928
6.92905536679973
18.227763204696203
8.860673689812756
5.752969995753119
11.009363913875859
12.179762876475252
6.224890197734567
2.207269146005274
4.744279999960781
10.27048371644014
9.457449037572587
12.018492217978746
12.521725644095568
11.126247196879376
9.712203178878553
13.969086165086082
10.441001559682263
10.929800980811706
4.719227707222672
9.19996727491889
9.014473061517492
9.71318691345732
9.73674614733136
3.4888211950565164
10.320595071119897
15.68019277429994
8.200560250566923
2.0999052372517326
10.256811594575993
2.1818002968502697
9.818115301153739
14.454984740808868
14.048465400750501
18.31640146410973
12.224332685334957
8.562939810241005
17.42797786227311
17.740648957988014
9.58385165330401
13.22296956639002
23.180207189365547
10.766417363159235
17.866119109028034
10.749764116140113
17.966568028722918
7.372234396836575
7.050581279678113
10.558871444344277
13.451097361770735
9.45572272929303
14.797088134017486
12.28260575293234
8.36766349872596
9.518265833508849
18.186783408349584
18.911860455629494
1.2494609056809622
7.79074936037523
22.003025609878478
8.68558207228898
9.540633328254444
7.797802457423131
9.664112760588978
6.876420910800334
9.826984682756574
8.034736538380002
8.719674791440411
14.212144885327689
4.843428291896998
8.960518568707357
8.520071131661552
10.206118590027017
5.770202655223784
5.982133680203788
15.107982218723919
8.963419235521087
20.699876205808323
13.890539796458143
25.918122475311066
12.811925921721922
6.401566778893539
4.432459315556116
7.863208006592686
14.039199643746542
5.463655158489928
7.868366219445306
14.282724301768212
17.14124559314041
13.265329980227762
13.285166255606782
7.697520240457379
11.949548057091306
16.382353194550888
2.7364516138477484
17.849116694977056
9.517003797117468
8.64060625415732
10.600298725244102
10.877731761163886
6.490304864101745
4.48706837753798
8.36926351380771
17.791676518190798
7.121999448817405
3.7594052942185954
7.5402475957416755
0.08005721572135371
9.330561385197143
7.838480786853324
6.747081791879282
14.78422747402692
14.267204038505952
10.222083571841722
12.20362102999934
15.301598353520603
8.674416881252
6.088900646616821
21.01388871589188
14.214072503116768
3.3786961308251193
9.082404934979422
6.7361134986822435
8.48132956628615
4.7743614176615665
9.223459544049547
6.784265129150299
7.817554139852291
7.676944110717159
15.06071932726627
1.940181629928702
13.456458803246278
22.25084720297491
7.708693490105361
7.765649985286068
10.260966406976337
6.006272519863671
2.8458923800323532
7.723787382226419
11.322558306631151
8.858665410428102
6.460920173460181
7.325824792761409
6.578738140664655
8.888843667376705
7.693987629394087
9.239651685973968
22.15121399564987
14.915067126147733
13.759901879328709
8.778989646784794
12.9705606804107
13.45877418138025
17.82331122537107
9.117160170590978
17.587841616686774
16.91054576464171
5.361139601639479
18.86113124937674
7.948068268798124
22.376975002643576
11.631444820207435
15.416524633294102
8.78069723949875
21.006861126365493
16.02917170519322
7.072590410488374
10.032766209379588
15.564639546044873
12.131628583916608
8.61991807351751
2.3425074557926564
9.451344349945884
7.460911506382217
6.279903913496128
13.560141453639517
7.957326416989417
18.5181823042999
10.95660616888199
14.51388567588765
11.43794297183922
11.037657345289517
7.9062791673013635
7.433903228579766
5.163392749484046
11.866448402260175
19.59162356811521
9.241503410463338
3.611632105823446
8.790656194520125
21.176781050911814
16.300349977480437
10.657168693925996
14.548774877383039
12.952450827419852
8.233610844516079
6.059149929960768
7.6592027755468735
13.15481267652649
11.293183394335756
11.242857119808832
8.303756094395794
23.432807689933725
7.403388929433277
21.42872595585777
7.609696385374264
11.30132387442518
25.074979117592193
14.864590208804657
7.011952039457356
21.376179596696602
23.015302970401535
10.148818817820938
10.742915766219085
11.087498561835673
8.19407278962899
13.760303762186595
11.826623780674709
10.338941100193551
9.657622116401399
10.787005709775258
10.168624314092085
21.710943190120815
20.672649217802245
18.53134779476386
9.094692607410252
0.4278211056662258
7.79134363486628
15.654472778758645
1.2191900779216667
8.973359519906808
9.965748802716917
6.536702326435261
11.049696065582395
7.837634529419006
12.518099797692685
10.987087028121095
7.784488903553552
10.79775200804579
8.349028014888972
9.609349391060505
5.567675315621273
8.521900694967485
22.08929395668747
11.769155873784825
14.860283254168735
16.70262011572595
22.20534250507376
10.775938120234969
17.476990997180565
12.576679963720835
16.326893123273294
19.260813429134714
13.307770637970407
2.6461880554131767
9.809671673837329
7.623336747873509
9.863807366191395
4.188783523514758
10.34224178610748
12.56596497186365
8.284407140964504
11.741948898953524
13.437128478527484
12.985366684436485
7.910754924300818
12.68681090259588
26.52228883699763
8.87523938470531
15.368056028871251
13.611005433858736
18.390109019467218
7.488834390025659
12.371289442822217
24.96611164126034
8.81962230294721
25.384308616519775
10.981424145234996
7.961851857378861
10.978422608699475
11.381965097246393
14.441877464415484
8.208834302547984
19.8751460292342
7.5605978090679855
14.754677248564803
12.024637863218231
3.961541705723903
8.100323603488505
24.079568198012566
27.056287743727808
8.90093988595072
6.8494330567118595
14.605225384586447
11.39136797309402
10.49455744840634
9.606234888656218
8.688433219276703
2.3112174421039526
5.6013983778266265
7.98395411000638
12.594009589389316
8.19411797813882
23.67731325560635
11.759733743594552
9.972684701850085
25.420897731705736
10.974651282956984
23.100737817321715
12.607924720062329
9.576040694575568
28.151262071894962
4.658862673853946
4.539165111569673
13.906680355331446
8.52120216316689
3.2193344520746905
12.68829134394673
14.697501031710999
9.72045137011628
14.448118216914736
16.86139256833485
13.279991738796525
10.811168142998213
16.731297850299597
22.081786063365143
6.98156366161129
8.816859088179626
4.9359616768379055
24.363926478017675
6.565299871435855
10.976995177727076
5.836425160262724
10.907345773683488
122.65024325496769
153.4415127170383
42.029412120204654
44.90378869940719
30.7778454485549
51.55465635319615
81.73741913218589
26.612738182463772
21.200081917856664
37.97475611031666
23.423450243950583
49.56665919939746
30.120929596834912
11.852189243634712
56.179467236585424
122.15270632712895
37.68065859693729
46.188707315687225
130.93048712984023
98.57810831798452
33.61895091746237
75.06001204868744
119.41202215909516
31.046544941911634
49.242053348933496
129.31858009144707
138.81236718358468
58.522204766086816
251.70569219330355
12.417898946483547
70.45632103491016
43.11692213752622
66.12758242945074
61.045963158984705
74.27893045851488
88.78726635410385
46.357442563014956
139.31418800735446
86.04482685671701
53.10694969405358
195.27991398550057
122.44954176934334
76.2751655314014
156.4147153670956
67.74124262223631
65.71673716244368
50.19238860171572
75.78929726362367
75.6295653913794
34.81024200982756
172.05228775726118
48.473675852945235
103.69655806065566
225.13830795597278
3.715242641365876
60.2184957797208
81.44009363518308
101.56951273387313
43.25250784532909
45.14406785251049
28.751495392039942
187.9928943365585
48.52470349177747
42.9998046156943
27.353009789014322
41.43911062011921
118.90439559897641
28.454846296033793
113.86364478037103
51.24190670210737
33.60737506906844
77.49021514680499
30.15286406248015
64.09027940046508
294.41341417112744
22.91349495979921
164.59321265027575
30.745034665986168
54.01857028207269
183.04285323471595
37.03464450730098
62.76668326211984
113.85479498771019
