DA/da_large_100
(1, 35.03502251447359)
(2, 37.98334643699521)
(3, 14.361017797155315)
(4, 7.669215924522907)
(5, 2.322921878350368)
(6, 0.6343363590879851)
(7, 0.37524122650275177)
(8, 0.26266885855192623)
(9, 0.21084983203487956)
(10, 0.20370238010149383)
(11, 0.15545707955114002)
(12, 0.10721177900078621)
(13, 0.057179615467085984)
(14, 0.05539275248373955)
(15, 0.06432706740047173)
(16, 0.05539275248373955)
(17, 0.03752412265027518)
(18, 0.026802944750196553)
(19, 0.08040883425058967)
(20, 0.30197984418554785)
(21, 0)
