DA/da_large_30
(1, 41.426611796982165)
(2, 40.42066758116141)
(3, 8.001828989483311)
(4, 3.8180155464106083)
(5, 1.646090534979424)
(6, 0.8916323731138546)
(7, 0.8459076360310928)
(8, 0.5715592135345221)
(9, 0.5029721079103796)
(10, 0.3886602652034751)
(11, 0.2972107910379515)
(12, 0.18289894833104708)
(13, 0.09144947416552354)
(14, 0.18289894833104708)
(15, 0.18289894833104708)
(16, 0.06858710562414265)
(17, 0.09144947416552354)
(18, 0.022862368541380886)
(19, 0.022862368541380886)
(20, 0.3429355281207133)
(21, 0)
