DA/da_large_100
(1, 11.125008934314916)
(2, 9.004002573082696)
(3, 7.002716031734686)
(4, 7.903294975341291)
(5, 10.136873704524337)
(6, 11.19827031663212)
(7, 9.250589664784505)
(8, 7.397612751054249)
(9, 5.7340433135587165)
(10, 3.838181688228147)
(11, 2.5766564219855623)
(12, 2.212136373382889)
(13, 2.292545207633479)
(14, 2.204988921449503)
(15, 1.8458294617968694)
(16, 1.325852333643056)
(17, 0.9613322850403831)
(18, 0.6307626331212923)
(19, 0.425273390036452)
(20, 2.93402901865485)
(21, 0)
