DA/da_large_30
(1, 49.95180722891566)
(2, 23.349397590361445)
(3, 11.638554216867469)
(4, 5.614457831325302)
(5, 2.674698795180723)
(6, 1.3734939759036144)
(7, 0.9879518072289156)
(8, 1.180722891566265)
(9, 0.48192771084337355)
(10, 0.43373493975903615)
(11, 0.21686746987951808)
(12, 0.48192771084337355)
(13, 0.24096385542168677)
(14, 0.2891566265060241)
(15, 0.21686746987951808)
(16, 0.07228915662650602)
(17, 0.07228915662650602)
(18, 0.07228915662650602)
(19, 0.048192771084337345)
(20, 0.6024096385542169)
(21, 0)
