DA/da_large_100
(1, 22.940575515068957)
(2, 58.61740166865316)
(3, 6.655882853737443)
(4, 2.211816788694023)
(5, 1.5835177932913331)
(6, 1.5188149157159885)
(7, 1.2378682104546228)
(8, 1.0182189681593734)
(9, 0.7066235314149498)
(10, 0.5635961178273455)
(11, 0.4784607525966287)
(12, 0.4188659969351268)
(13, 0.2996764856121233)
(14, 0.23497360803677847)
(15, 0.21283841307679208)
(16, 0.1804869742891197)
(17, 0.17878426698450536)
(18, 0.161757193938362)
(19, 0.11748680401838923)
(20, 0.662353141494977)
(21, 0)
