**** Histogram ****
(1, 32.55421686746988)
(2, 17.397590361445783)
(3, 13.325301204819276)
(4, 10.024096385542167)
(5, 7.0602409638554215)
(6, 4.578313253012048)
(7, 3.2048192771084336)
(8, 2.4096385542168677)
(9, 1.5903614457831325)
(10, 1.0843373493975903)
(11, 0.8192771084337349)
(12, 0.5542168674698795)
(13, 0.5060240963855421)
(14, 0.48192771084337355)
(15, 0.6024096385542169)
(16, 0.5783132530120482)
(17, 0.2891566265060241)
(18, 0.19277108433734938)
(19, 0.12048192771084339)
(20, 0.3132530120481927)
(21, 0.12048192771084339)
(22, 0.09638554216867469)
(23, 0.21686746987951808)
(24, 0.2650602409638554)
(25, 0.09638554216867469)
(26, 0.14457831325301204)
(27, 0.19277108433734938)
(28, 0.09638554216867469)
(29, 0.048192771084337345)
(30, 0.1686746987951807)
(31, 0.024096385542168672)
(32, 0.048192771084337345)
(33, 0.048192771084337345)
(34, 0.024096385542168672)
(35, 0.024096385542168672)
(36, 0.048192771084337345)
(37, 0.024096385542168672)
(38, 0.024096385542168672)
(39, 0.09638554216867469)
(40, 0.024096385542168672)
(41, 0.024096385542168672)
(42, 0.048192771084337345)
(43, 0.024096385542168672)
(44, 0.07228915662650602)
(45, 0.048192771084337345)
(46, 0.024096385542168672)
(47, 0.024096385542168672)
(48, 0.0)
(49, 0.024096385542168672)
(50, 0.19277108433734938)
(51, 0)
