DA/da_large_30
(1, 17.349397590361445)
(2, 15.204819277108433)
(3, 10.385542168674698)
(4, 7.012048192771084)
(5, 7.1084337349397595)
(6, 6.216867469879518)
(7, 5.518072289156627)
(8, 4.506024096385542)
(9, 3.3493975903614457)
(10, 3.710843373493976)
(11, 2.433734939759036)
(12, 2.144578313253012)
(13, 1.8072289156626504)
(14, 1.3975903614457832)
(15, 1.2771084337349397)
(16, 1.1325301204819278)
(17, 0.9397590361445783)
(18, 0.6506024096385542)
(19, 0.45783132530120485)
(20, 7.397590361445783)
(21, 0)
