DA/da_medium_100
(1, 19.269531831797043)
(2, 17.895146209475897)
(3, 20.777136048455162)
(4, 18.464428152977973)
(5, 9.489135651281712)
(6, 4.375527495986893)
(7, 2.6776110017045363)
(8, 1.8468565376404587)
(9, 1.1675244509904512)
(10, 0.6313402949012858)
(11, 0.4004832276962285)
(12, 0.2937428632895891)
(13, 0.24244129279957635)
(14, 0.1861750541976269)
(15, 0.19858672447746867)
(16, 0.1845201648269813)
(17, 0.15721449021132938)
(18, 0.13487348370761415)
(19, 0.11170503251857614)
(20, 1.4960199910635974)
(21, 0)
