**** Histogram ****
(1, 70.47438729357316)
(2, 20.0799410960345)
(3, 3.7866834963710945)
(4, 2.0511202272010096)
(5, 1.1149679183759336)
(6, 0.8309666561481015)
(7, 0.43126117597559693)
(8, 0.32607552329862205)
(9, 0.2524455664247397)
(10, 0.11570421794467234)
(11, 0.0736299568738824)
(12, 0.0736299568738824)
(13, 0.08414852214157989)
(14, 0.05259282633848743)
(15, 0.0736299568738824)
(16, 0.03155569580309246)
(17, 0.05259282633848743)
(18, 0.042074261070789945)
(19, 0.021037130535394973)
(20, 0.0)
(21, 0.010518565267697486)
(22, 0.010518565267697486)
(23, 0.0)
(24, 0.0)
(25, 0.010518565267697486)
(26, 0)
