**** Histogram ****
(1, 37.16467804127294)
(2, 39.241564201433135)
(3, 13.864663147268605)
(4, 4.524467539344995)
(5, 1.7988647458917373)
(6, 0.6942260909858177)
(7, 0.42861634699720325)
(8, 0.38310688930444997)
(9, 0.29208797391894353)
(10, 0.23085706720505733)
(11, 0.17790060734439903)
(12, 0.14563026461681036)
(13, 0.16300660300858888)
(14, 0.12163436874244957)
(15, 0.10674036440663942)
(16, 0.09101891538550648)
(17, 0.0835719132176014)
(18, 0.0711602429377596)
(19, 0.0479917917487216)
(20, 0.048819236434044386)
(21, 0.05461134923130388)
(22, 0.03723501083952538)
(23, 0.0297880086716203)
(24, 0.03227034272758866)
(25, 0.018203783077101295)
(26, 0.01903122776242408)
(27, 0.011584225594519007)
(28, 0.018203783077101295)
(29, 0.01075678090919622)
(30, 0.009929336223873434)
(31, 0.009101891538550648)
(32, 0.011584225594519007)
(33, 0.009101891538550648)
(34, 0.003309778741291145)
(35, 0.004964668111936717)
(36, 0.00661955748258229)
(37, 0.004964668111936717)
(38, 0.00661955748258229)
(39, 0.004964668111936717)
(40, 0.0016548893706455725)
(41, 0.0016548893706455725)
(42, 8.274446853227862E-4)
(43, 0.0024823340559683585)
(44, 0.0024823340559683585)
(45, 8.274446853227862E-4)
(46, 0.0016548893706455725)
(47, 8.274446853227862E-4)
(48, 0.0)
(49, 8.274446853227862E-4)
(50, 0.003309778741291145)
(51, 0)
