DA/da_medium_30
(1, 29.365823180256168)
(2, 16.900968447360203)
(3, 13.829011767156096)
(4, 10.67374778714985)
(5, 7.86212641882745)
(6, 6.018952410704988)
(7, 3.5405602415911694)
(8, 2.4575653441632825)
(9, 1.5411850463396854)
(10, 0.853899822971988)
(11, 0.7497656982193065)
(12, 0.6039779235655524)
(13, 0.8226595855461835)
(14, 0.5206706237634072)
(15, 0.3228157867333125)
(16, 0.3644694366343851)
(17, 0.20826824950536288)
(18, 0.39570967406018953)
(19, 0.20826824950536288)
(20, 2.7595543059460588)
(21, 0)
