DA/da_medium_30
(1, 46.206966588808775)
(2, 33.22839443485325)
(3, 8.388341626891439)
(4, 4.7933380725093935)
(5, 2.2748045089875086)
(6, 1.1170914999492232)
(7, 0.9139839545039098)
(8, 0.4773027317964863)
(9, 0.5280796181578146)
(10, 0.4265258454351579)
(11, 0.33512744998476696)
(12, 0.3859043363460953)
(13, 0.1726414136285163)
(14, 0.21326292271757896)
(15, 0.1117091499949223)
(16, 0.05077688636132832)
(17, 0.02031075454453133)
(18, 0.06093226363359399)
(19, 0.030466131816796995)
(20, 0.2640398090789073)
(21, 0)
