**** Histogram ****
(1, 76.2743172854504)
(2, 18.491953869963886)
(3, 2.5070310029788154)
(4, 0.8162620026293455)
(5, 0.5258690985338902)
(6, 0.3253399011499226)
(7, 0.28623254730325676)
(8, 0.19886505466708823)
(9, 0.15559734402822387)
(10, 0.09735234893744488)
(11, 0.09235992078680667)
(12, 0.06240535188297749)
(13, 0.03744321112978649)
(14, 0.029954568903829193)
(15, 0.020801783960992495)
(16, 0.020801783960992495)
(17, 0.012481070376595495)
(18, 0.011648999018155796)
(19, 0.011648999018155796)
(20, 0.006656570867517598)
(21, 0.002496214075319099)
(22, 0.004992428150638198)
(23, 0.002496214075319099)
(24, 8.320713584396998E-4)
(25, 0.004160356792198499)
(26, 0)
