**** Histogram ****
(1, 46.26679162761637)
(2, 24.502759554305946)
(3, 13.881078829532436)
(4, 5.998125585754452)
(5, 2.3950848693116735)
(6, 1.353743621784859)
(7, 1.3433302093095907)
(8, 0.6872852233676976)
(9, 0.6039779235655524)
(10, 0.49984379881287094)
(11, 0.49984379881287094)
(12, 0.3228157867333125)
(13, 0.24992189940643547)
(14, 0.17702801207955846)
(15, 0.18744142455482662)
(16, 0.1353743621784859)
(17, 0.14578777465375403)
(18, 0.10413412475268144)
(19, 0.07289388732687702)
(20, 0.04165364990107258)
(21, 0.031240237425804434)
(22, 0.04165364990107258)
(23, 0.02082682495053629)
(24, 0.05206706237634072)
(25, 0.05206706237634072)
(26, 0.031240237425804434)
(27, 0.031240237425804434)
(28, 0.02082682495053629)
(29, 0.04165364990107258)
(30, 0.031240237425804434)
(31, 0.010413412475268145)
(32, 0.02082682495053629)
(33, 0.031240237425804434)
(34, 0.02082682495053629)
(35, 0.031240237425804434)
(36, 0.010413412475268145)
(37, 0.02082682495053629)
(38, 0.0)
(39, 0.0)
(40, 0.0)
(41, 0.010413412475268145)
(42, 0.0)
(43, 0.0)
(44, 0.010413412475268145)
(45, 0.0)
(46, 0.0)
(47, 0.0)
(48, 0.0)
(49, 0.0)
(50, 0.010413412475268145)
(51, 0)
