DA/da_medium_100
(1, 76.40624224270609)
(2, 18.3891306866136)
(3, 2.493090836877555)
(4, 0.8117232363016532)
(5, 0.5229450411240009)
(6, 0.3235308719612094)
(7, 0.2846409717510384)
(8, 0.1977592797921459)
(9, 0.154732156155361)
(10, 0.09681102818276599)
(11, 0.09184636007082927)
(12, 0.06205835139920896)
(13, 0.03723501083952538)
(14, 0.0297880086716203)
(15, 0.020686117133069653)
(16, 0.020686117133069653)
(17, 0.012411670279841792)
(18, 0.011584225594519007)
(19, 0.011584225594519007)
(20, 0.02151356181839244)
(21, 0)
