DA/da_medium_30
(1, 70.76955118192232)
(2, 19.87920441528689)
(3, 3.748828491096532)
(4, 2.0306154326772883)
(5, 1.1038217223784235)
(6, 0.8226595855461835)
(7, 0.426949911485994)
(8, 0.3228157867333125)
(9, 0.24992189940643547)
(10, 0.11454753722794961)
(11, 0.07289388732687702)
(12, 0.07289388732687702)
(13, 0.08330729980214516)
(14, 0.05206706237634072)
(15, 0.07289388732687702)
(16, 0.031240237425804434)
(17, 0.05206706237634072)
(18, 0.04165364990107258)
(19, 0.02082682495053629)
(20, 0.031240237425804434)
(21, 0)
