DA/da_medium_100
(1, 25.829951003379637)
(2, 53.45967885383484)
(3, 7.385876683753496)
(4, 2.460341844407432)
(5, 1.7407545156126196)
(6, 1.5620704710467166)
(7, 1.4456428582978929)
(8, 1.1667017027538364)
(9, 0.8772497210588445)
(10, 0.8060995132678966)
(11, 0.7163532284406785)
(12, 0.5926488898950535)
(13, 0.46247635064116044)
(14, 0.35979366439740623)
(15, 0.3128992092624634)
(16, 0.18757782053977134)
(17, 0.13259811451949355)
(18, 0.09864006080108666)
(19, 0.05578823110881131)
(20, 0.34685726298087033)
(21, 0)
