**** Histogram ****
(1, 39438)
(2, 14203)
(3, 3370)
(4, 2553)
(5, 2263)
(6, 2280)
(7, 2361)
(8, 2169)
(9, 1849)
(10, 1534)
(11, 1137)
(12, 895)
(13, 755)
(14, 714)
(15, 628)
(16, 521)
(17, 455)
(18, 414)
(19, 340)
(20, 278)
(21, 242)
(22, 218)
(23, 150)
(24, 147)
(25, 158)
(26, 144)
(27, 109)
(28, 101)
(29, 108)
(30, 97)
(31, 89)
(32, 93)
(33, 70)
(34, 61)
(35, 59)
(36, 51)
(37, 38)
(38, 45)
(39, 33)
(40, 33)
(41, 34)
(42, 31)
(43, 20)
(44, 21)
(45, 18)
(46, 17)
(47, 25)
(48, 22)
(49, 12)
(50, 142)
(50, 0)
