# messageDelay  cumulativeProbability
2.1000 0.0001
2.1000 0.0003
2.2000 0.0004
2.5000 0.0006
2.5000 0.0007
2.5000 0.0008
2.6000 0.0010
2.6000 0.0011
2.6000 0.0013
2.7000 0.0014
2.9000 0.0015
3.0000 0.0017
3.1000 0.0018
3.2000 0.0020
3.2000 0.0021
3.4000 0.0022
3.4000 0.0024
3.4000 0.0025
3.5000 0.0027
3.6000 0.0028
3.6000 0.0029
3.7000 0.0031
3.7000 0.0032
3.9000 0.0034
3.9000 0.0035
4.0000 0.0036
4.5000 0.0038
4.6000 0.0039
4.7000 0.0041
4.8000 0.0042
5.2000 0.0043
5.3000 0.0045
5.5000 0.0046
5.6000 0.0048
5.8000 0.0049
6.2000 0.0051
6.4000 0.0052
6.9000 0.0053
6.9000 0.0055
7.0000 0.0056
7.1000 0.0058
7.2000 0.0059
8.6000 0.0060
9.3000 0.0062
10.4000 0.0063
10.5000 0.0065
10.8000 0.0066
11.2000 0.0067
13.1000 0.0069
13.9000 0.0070
14.4000 0.0072
15.1000 0.0073
15.9000 0.0074
16.8000 0.0076
18.3000 0.0077
18.5000 0.0079
18.5000 0.0080
19.5000 0.0081
19.5000 0.0083
20.3000 0.0084
20.8000 0.0086
21.0000 0.0087
22.0000 0.0088
23.1000 0.0090
23.1000 0.0091
24.6000 0.0093
26.1000 0.0094
26.6000 0.0095
29.4000 0.0097
29.8000 0.0098
30.5000 0.0100
31.6000 0.0101
31.8000 0.0102
33.8000 0.0104
37.9000 0.0105
39.1000 0.0107
39.6000 0.0108
39.7000 0.0109
40.3000 0.0111
40.5000 0.0112
41.7000 0.0114
42.6000 0.0115
43.8000 0.0116
46.0000 0.0118
46.1000 0.0119
46.6000 0.0121
47.4000 0.0122
48.2000 0.0123
48.8000 0.0125
49.0000 0.0126
49.3000 0.0128
50.9000 0.0129
51.4000 0.0130
51.7000 0.0132
52.4000 0.0133
52.9000 0.0135
55.0000 0.0136
55.8000 0.0137
55.9000 0.0139
56.3000 0.0140
58.4000 0.0142
58.5000 0.0143
58.6000 0.0145
59.4000 0.0146
59.7000 0.0147
61.8000 0.0149
64.6000 0.0150
65.5000 0.0152
65.7000 0.0153
67.0000 0.0154
68.2000 0.0156
70.0000 0.0157
70.2000 0.0159
71.1000 0.0160
71.5000 0.0161
71.9000 0.0163
72.6000 0.0164
73.0000 0.0166
74.0000 0.0167
74.8000 0.0168
75.9000 0.0170
78.2000 0.0171
78.4000 0.0173
79.1000 0.0174
80.2000 0.0175
81.9000 0.0177
82.9000 0.0178
84.5000 0.0180
84.5000 0.0181
86.5000 0.0182
87.8000 0.0184
89.1000 0.0185
92.3000 0.0187
92.5000 0.0188
94.3000 0.0189
97.9000 0.0191
98.9000 0.0192
98.9000 0.0194
98.9000 0.0195
99.3000 0.0196
100.8000 0.0198
100.9000 0.0199
102.9000 0.0201
103.1000 0.0202
103.9000 0.0203
104.9000 0.0205
105.9000 0.0206
106.1000 0.0208
106.5000 0.0209
108.7000 0.0210
108.9000 0.0212
109.0000 0.0213
110.2000 0.0215
111.6000 0.0216
111.9000 0.0217
112.3000 0.0219
114.0000 0.0220
114.6000 0.0222
114.7000 0.0223
115.3000 0.0224
116.1000 0.0226
117.5000 0.0227
119.3000 0.0229
120.3000 0.0230
122.4000 0.0231
123.5000 0.0233
126.4000 0.0234
126.6000 0.0236
128.6000 0.0237
128.6000 0.0238
128.8000 0.0240
129.8000 0.0241
131.9000 0.0243
134.3000 0.0244
135.0000 0.0246
135.4000 0.0247
137.3000 0.0248
137.7000 0.0250
137.9000 0.0251
138.6000 0.0253
139.4000 0.0254
140.3000 0.0255
140.9000 0.0257
141.6000 0.0258
143.8000 0.0260
144.4000 0.0261
149.4000 0.0262
150.1000 0.0264
150.6000 0.0265
153.3000 0.0267
154.7000 0.0268
156.0000 0.0269
156.8000 0.0271
158.1000 0.0272
160.7000 0.0274
160.9000 0.0275
161.6000 0.0276
162.3000 0.0278
163.1000 0.0279
164.7000 0.0281
165.0000 0.0282
167.7000 0.0283
169.8000 0.0285
170.2000 0.0286
171.2000 0.0288
171.8000 0.0289
172.5000 0.0290
172.5000 0.0292
173.1000 0.0293
173.9000 0.0295
175.5000 0.0296
175.6000 0.0297
177.2000 0.0299
178.4000 0.0300
178.5000 0.0302
179.9000 0.0303
180.1000 0.0304
182.6000 0.0306
184.9000 0.0307
186.3000 0.0309
186.3000 0.0310
188.3000 0.0311
190.2000 0.0313
191.2000 0.0314
191.6000 0.0316
191.8000 0.0317
192.1000 0.0318
192.6000 0.0320
192.7000 0.0321
193.5000 0.0323
193.8000 0.0324
193.9000 0.0325
194.1000 0.0327
197.7000 0.0328
198.5000 0.0330
198.6000 0.0331
199.5000 0.0332
200.0000 0.0334
201.4000 0.0335
201.6000 0.0337
203.2000 0.0338
203.8000 0.0340
206.7000 0.0341
206.7000 0.0342
209.7000 0.0344
212.2000 0.0345
212.3000 0.0347
214.6000 0.0348
214.7000 0.0349
216.0000 0.0351
216.5000 0.0352
217.0000 0.0354
217.4000 0.0355
219.9000 0.0356
220.6000 0.0358
221.6000 0.0359
222.3000 0.0361
223.7000 0.0362
225.4000 0.0363
225.5000 0.0365
227.4000 0.0366
227.7000 0.0368
227.8000 0.0369
228.6000 0.0370
228.8000 0.0372
230.6000 0.0373
230.8000 0.0375
230.9000 0.0376
231.3000 0.0377
232.0000 0.0379
234.1000 0.0380
234.6000 0.0382
235.1000 0.0383
235.6000 0.0384
236.1000 0.0386
236.6000 0.0387
237.0000 0.0389
237.2000 0.0390
237.4000 0.0391
239.0000 0.0393
239.7000 0.0394
242.0000 0.0396
243.8000 0.0397
244.5000 0.0398
245.8000 0.0400
247.5000 0.0401
248.3000 0.0403
248.6000 0.0404
248.6000 0.0405
249.5000 0.0407
251.5000 0.0408
252.3000 0.0410
253.8000 0.0411
254.4000 0.0412
257.2000 0.0414
260.4000 0.0415
260.7000 0.0417
263.6000 0.0418
263.7000 0.0419
264.7000 0.0421
266.3000 0.0422
267.1000 0.0424
269.8000 0.0425
270.5000 0.0426
275.0000 0.0428
275.2000 0.0429
278.7000 0.0431
278.9000 0.0432
279.0000 0.0434
280.3000 0.0435
280.8000 0.0436
281.1000 0.0438
282.0000 0.0439
283.2000 0.0441
283.3000 0.0442
284.4000 0.0443
286.7000 0.0445
287.0000 0.0446
287.8000 0.0448
287.8000 0.0449
287.9000 0.0450
288.7000 0.0452
288.9000 0.0453
289.9000 0.0455
293.3000 0.0456
293.8000 0.0457
295.1000 0.0459
302.2000 0.0460
304.1000 0.0462
304.3000 0.0463
304.5000 0.0464
304.7000 0.0466
306.3000 0.0467
307.8000 0.0469
309.8000 0.0470
310.6000 0.0471
311.4000 0.0473
311.6000 0.0474
313.4000 0.0476
314.3000 0.0477
315.3000 0.0478
319.4000 0.0480
320.6000 0.0481
322.5000 0.0483
325.1000 0.0484
328.7000 0.0485
332.7000 0.0487
334.3000 0.0488
334.3000 0.0490
334.4000 0.0491
334.8000 0.0492
338.8000 0.0494
340.5000 0.0495
340.5000 0.0497
345.5000 0.0498
345.9000 0.0499
347.2000 0.0501
347.5000 0.0502
349.6000 0.0504
351.7000 0.0505
352.0000 0.0506
354.0000 0.0508
354.3000 0.0509
355.3000 0.0511
357.5000 0.0512
357.8000 0.0513
358.4000 0.0515
361.7000 0.0516
363.9000 0.0518
363.9000 0.0519
364.1000 0.0520
365.0000 0.0522
366.2000 0.0523
367.8000 0.0525
368.2000 0.0526
368.4000 0.0527
370.1000 0.0529
370.5000 0.0530
370.8000 0.0532
372.6000 0.0533
372.7000 0.0535
374.4000 0.0536
374.8000 0.0537
375.7000 0.0539
376.0000 0.0540
376.1000 0.0542
377.4000 0.0543
377.5000 0.0544
377.9000 0.0546
380.6000 0.0547
381.3000 0.0549
382.5000 0.0550
385.0000 0.0551
387.1000 0.0553
393.0000 0.0554
395.0000 0.0556
396.0000 0.0557
396.1000 0.0558
396.2000 0.0560
400.2000 0.0561
401.0000 0.0563
401.7000 0.0564
401.7000 0.0565
401.9000 0.0567
402.5000 0.0568
403.8000 0.0570
403.9000 0.0571
410.4000 0.0572
411.2000 0.0574
411.6000 0.0575
411.7000 0.0577
413.1000 0.0578
413.2000 0.0579
413.2000 0.0581
413.4000 0.0582
416.9000 0.0584
419.4000 0.0585
420.5000 0.0586
422.0000 0.0588
422.1000 0.0589
424.5000 0.0591
424.7000 0.0592
425.8000 0.0593
426.3000 0.0595
427.2000 0.0596
427.6000 0.0598
428.1000 0.0599
431.0000 0.0600
431.4000 0.0602
434.3000 0.0603
435.3000 0.0605
437.2000 0.0606
438.1000 0.0607
438.9000 0.0609
439.5000 0.0610
439.9000 0.0612
443.1000 0.0613
444.2000 0.0614
445.2000 0.0616
447.2000 0.0617
448.4000 0.0619
448.9000 0.0620
450.3000 0.0621
450.4000 0.0623
450.8000 0.0624
452.7000 0.0626
454.8000 0.0627
456.1000 0.0629
461.1000 0.0630
465.4000 0.0631
465.8000 0.0633
466.4000 0.0634
467.4000 0.0636
469.0000 0.0637
470.3000 0.0638
471.8000 0.0640
471.9000 0.0641
473.4000 0.0643
475.8000 0.0644
476.1000 0.0645
477.0000 0.0647
477.9000 0.0648
479.7000 0.0650
480.5000 0.0651
481.9000 0.0652
481.9000 0.0654
483.6000 0.0655
485.1000 0.0657
485.7000 0.0658
488.1000 0.0659
488.2000 0.0661
489.4000 0.0662
489.5000 0.0664
491.6000 0.0665
491.8000 0.0666
492.8000 0.0668
493.7000 0.0669
494.0000 0.0671
494.6000 0.0672
494.8000 0.0673
495.1000 0.0675
496.9000 0.0676
497.6000 0.0678
499.3000 0.0679
499.6000 0.0680
500.2000 0.0682
500.9000 0.0683
502.4000 0.0685
504.2000 0.0686
505.1000 0.0687
506.1000 0.0689
508.5000 0.0690
509.0000 0.0692
509.0000 0.0693
509.5000 0.0694
510.3000 0.0696
516.7000 0.0697
519.0000 0.0699
519.3000 0.0700
520.7000 0.0701
521.1000 0.0703
521.2000 0.0704
525.6000 0.0706
525.9000 0.0707
527.1000 0.0708
529.0000 0.0710
529.6000 0.0711
529.8000 0.0713
530.1000 0.0714
530.4000 0.0715
531.7000 0.0717
532.7000 0.0718
532.8000 0.0720
534.2000 0.0721
535.1000 0.0723
535.3000 0.0724
536.6000 0.0725
541.4000 0.0727
543.4000 0.0728
546.7000 0.0730
548.1000 0.0731
553.7000 0.0732
555.6000 0.0734
566.7000 0.0735
567.5000 0.0737
567.9000 0.0738
569.9000 0.0739
570.4000 0.0741
571.8000 0.0742
573.1000 0.0744
574.7000 0.0745
577.3000 0.0746
578.8000 0.0748
578.9000 0.0749
580.4000 0.0751
581.4000 0.0752
581.5000 0.0753
583.2000 0.0755
584.7000 0.0756
585.5000 0.0758
586.2000 0.0759
587.7000 0.0760
588.7000 0.0762
591.4000 0.0763
592.1000 0.0765
592.8000 0.0766
595.5000 0.0767
598.7000 0.0769
600.3000 0.0770
602.9000 0.0772
604.8000 0.0773
604.9000 0.0774
605.4000 0.0776
606.1000 0.0777
606.3000 0.0779
609.2000 0.0780
619.6000 0.0781
620.6000 0.0783
620.8000 0.0784
623.8000 0.0786
624.2000 0.0787
624.7000 0.0788
626.4000 0.0790
626.6000 0.0791
629.9000 0.0793
632.0000 0.0794
632.3000 0.0795
632.5000 0.0797
634.4000 0.0798
635.8000 0.0800
641.4000 0.0801
641.8000 0.0802
643.7000 0.0804
643.7000 0.0805
647.2000 0.0807
647.9000 0.0808
649.1000 0.0809
654.1000 0.0811
655.4000 0.0812
658.4000 0.0814
659.8000 0.0815
660.2000 0.0816
660.4000 0.0818
662.0000 0.0819
663.2000 0.0821
665.8000 0.0822
668.0000 0.0824
669.0000 0.0825
669.1000 0.0826
669.5000 0.0828
672.7000 0.0829
673.5000 0.0831
677.8000 0.0832
678.0000 0.0833
680.2000 0.0835
682.2000 0.0836
682.9000 0.0838
683.7000 0.0839
685.7000 0.0840
686.1000 0.0842
690.6000 0.0843
692.0000 0.0845
692.3000 0.0846
698.6000 0.0847
699.6000 0.0849
700.8000 0.0850
703.8000 0.0852
704.9000 0.0853
707.7000 0.0854
713.0000 0.0856
716.7000 0.0857
717.7000 0.0859
721.0000 0.0860
724.0000 0.0861
724.6000 0.0863
724.8000 0.0864
729.0000 0.0866
730.0000 0.0867
733.2000 0.0868
734.4000 0.0870
734.5000 0.0871
738.1000 0.0873
743.8000 0.0874
746.6000 0.0875
750.9000 0.0877
754.4000 0.0878
754.9000 0.0880
756.1000 0.0881
756.9000 0.0882
764.3000 0.0884
765.5000 0.0885
772.1000 0.0887
773.5000 0.0888
776.6000 0.0889
778.3000 0.0891
780.0000 0.0892
782.2000 0.0894
783.1000 0.0895
783.2000 0.0896
788.3000 0.0898
799.9000 0.0899
801.7000 0.0901
806.4000 0.0902
807.6000 0.0903
808.4000 0.0905
809.8000 0.0906
811.1000 0.0908
812.0000 0.0909
812.0000 0.0910
812.1000 0.0912
819.8000 0.0913
820.3000 0.0915
820.4000 0.0916
821.7000 0.0918
825.8000 0.0919
830.3000 0.0920
832.9000 0.0922
833.6000 0.0923
836.7000 0.0925
840.4000 0.0926
844.6000 0.0927
855.2000 0.0929
856.9000 0.0930
857.4000 0.0932
858.6000 0.0933
858.7000 0.0934
860.1000 0.0936
862.1000 0.0937
863.4000 0.0939
864.6000 0.0940
868.0000 0.0941
878.8000 0.0943
880.3000 0.0944
888.3000 0.0946
890.1000 0.0947
896.4000 0.0948
898.5000 0.0950
900.7000 0.0951
903.6000 0.0953
903.9000 0.0954
908.5000 0.0955
914.3000 0.0957
916.8000 0.0958
917.3000 0.0960
919.8000 0.0961
920.5000 0.0962
921.1000 0.0964
921.8000 0.0965
926.5000 0.0967
936.4000 0.0968
939.0000 0.0969
943.0000 0.0971
946.0000 0.0972
947.7000 0.0974
953.3000 0.0975
958.2000 0.0976
958.9000 0.0978
960.0000 0.0979
963.6000 0.0981
966.1000 0.0982
971.9000 0.0983
978.6000 0.0985
988.0000 0.0986
992.8000 0.0988
994.4000 0.0989
1005.9000 0.0990
1010.3000 0.0992
1010.7000 0.0993
1011.6000 0.0995
1036.0000 0.0996
1036.2000 0.0997
1036.7000 0.0999
1044.4000 0.1000
1046.1000 0.1002
1058.9000 0.1003
1060.5000 0.1004
1061.7000 0.1006
1070.2000 0.1007
1076.4000 0.1009
1076.6000 0.1010
1078.1000 0.1012
1078.5000 0.1013
1087.8000 0.1014
1089.4000 0.1016
1090.0000 0.1017
1097.2000 0.1019
1097.9000 0.1020
1099.0000 0.1021
1104.1000 0.1023
1106.8000 0.1024
1117.3000 0.1026
1117.9000 0.1027
1123.1000 0.1028
1125.6000 0.1030
1126.2000 0.1031
1134.8000 0.1033
1138.7000 0.1034
1146.0000 0.1035
1147.5000 0.1037
1157.7000 0.1038
1161.8000 0.1040
1170.3000 0.1041
1170.6000 0.1042
1172.9000 0.1044
1173.4000 0.1045
1175.7000 0.1047
1176.6000 0.1048
1178.1000 0.1049
1178.9000 0.1051
1180.7000 0.1052
1181.0000 0.1054
1182.9000 0.1055
1187.8000 0.1056
1203.9000 0.1058
1205.1000 0.1059
1210.7000 0.1061
1242.7000 0.1062
1246.7000 0.1063
1250.7000 0.1065
1269.0000 0.1066
1269.5000 0.1068
1278.2000 0.1069
1286.1000 0.1070
1291.7000 0.1072
1292.5000 0.1073
1295.3000 0.1075
1297.5000 0.1076
1300.1000 0.1077
1304.0000 0.1079
1304.5000 0.1080
1318.6000 0.1082
1329.9000 0.1083
1330.6000 0.1084
1338.8000 0.1086
1341.1000 0.1087
1347.5000 0.1089
1370.0000 0.1090
1374.2000 0.1091
1379.7000 0.1093
1381.2000 0.1094
1382.3000 0.1096
1389.5000 0.1097
1394.6000 0.1098
1404.0000 0.1100
1406.9000 0.1101
1411.1000 0.1103
1413.8000 0.1104
1438.4000 0.1105
1440.9000 0.1107
1447.5000 0.1108
1448.9000 0.1110
1460.0000 0.1111
1468.2000 0.1113
1469.3000 0.1114
1469.7000 0.1115
1473.8000 0.1117
1477.7000 0.1118
1486.1000 0.1120
1496.6000 0.1121
1504.0000 0.1122
1514.8000 0.1124
1529.0000 0.1125
1538.9000 0.1127
1542.4000 0.1128
1543.4000 0.1129
1543.6000 0.1131
1548.5000 0.1132
1549.4000 0.1134
1555.6000 0.1135
1559.2000 0.1136
1563.3000 0.1138
1585.3000 0.1139
1594.8000 0.1141
1604.0000 0.1142
1609.7000 0.1143
1619.4000 0.1145
1624.6000 0.1146
1631.2000 0.1148
1675.6000 0.1149
1680.4000 0.1150
1685.3000 0.1152
1703.4000 0.1153
1707.8000 0.1155
1719.8000 0.1156
1747.8000 0.1157
1748.2000 0.1159
1748.7000 0.1160
1753.8000 0.1162
1753.9000 0.1163
1755.4000 0.1164
1759.5000 0.1166
1770.3000 0.1167
1794.0000 0.1169
1796.5000 0.1170
1797.3000 0.1171
1806.5000 0.1173
1819.6000 0.1174
1836.4000 0.1176
1838.7000 0.1177
1860.3000 0.1178
1866.0000 0.1180
1876.9000 0.1181
1881.9000 0.1183
1884.7000 0.1184
1885.2000 0.1185
1898.1000 0.1187
1899.7000 0.1188
1903.6000 0.1190
1911.2000 0.1191
1917.8000 0.1192
1944.4000 0.1194
1952.6000 0.1195
1982.2000 0.1197
2047.8000 0.1198
2053.0000 0.1199
2063.1000 0.1201
2081.6000 0.1202
2100.9000 0.1204
2123.6000 0.1205
2138.2000 0.1207
2157.1000 0.1208
2208.8000 0.1209
2210.2000 0.1211
2221.7000 0.1212
2222.6000 0.1214
2255.1000 0.1215
2324.3000 0.1216
2331.3000 0.1218
2334.8000 0.1219
2340.6000 0.1221
2363.8000 0.1222
2371.5000 0.1223
2385.4000 0.1225
2390.2000 0.1226
2393.1000 0.1228
2419.5000 0.1229
2441.6000 0.1230
2481.9000 0.1232
2489.4000 0.1233
2503.4000 0.1235
2556.3000 0.1236
2563.6000 0.1237
2563.7000 0.1239
2591.3000 0.1240
2639.2000 0.1242
2642.5000 0.1243
2645.6000 0.1244
2653.0000 0.1246
2655.0000 0.1247
2678.6000 0.1249
2710.2000 0.1250
2721.0000 0.1251
2721.5000 0.1253
2735.2000 0.1254
2790.7000 0.1256
2799.5000 0.1257
2811.7000 0.1258
2841.1000 0.1260
2877.7000 0.1261
2889.9000 0.1263
2908.3000 0.1264
2960.5000 0.1265
2971.9000 0.1267
2980.3000 0.1268
3020.6000 0.1270
3035.6000 0.1271
3051.9000 0.1272
3122.2000 0.1274
3126.6000 0.1275
3168.0000 0.1277
3183.5000 0.1278
3232.5000 0.1279
3260.4000 0.1281
3276.6000 0.1282
3314.2000 0.1284
3314.4000 0.1285
3353.5000 0.1286
3437.2000 0.1288
3463.7000 0.1289
3464.1000 0.1291
3468.2000 0.1292
3506.3000 0.1293
3513.5000 0.1295
3529.1000 0.1296
3538.3000 0.1298
3637.7000 0.1299
3756.5000 0.1301
3916.1000 0.1302
3950.2000 0.1303
3965.8000 0.1305
4045.7000 0.1306
4068.3000 0.1308
4073.8000 0.1309
4097.1000 0.1310
4148.1000 0.1312
4260.8000 0.1313
4275.8000 0.1315
4514.1000 0.1316
4574.1000 0.1317
4684.3000 0.1319
5002.4000 0.1320
5093.2000 0.1322
5103.7000 0.1323
5138.0000 0.1324
5286.4000 0.1326
5392.3000 0.1327
5498.5000 0.1329
5623.7000 0.1330
6277.4000 0.1331
6478.4000 0.1333
6610.5000 0.1334
6640.5000 0.1336
6765.8000 0.1337
6796.4000 0.1338
6957.5000 0.1340
6975.4000 0.1341
7166.6000 0.1343
7512.2000 0.1344
7526.1000 0.1345
7973.7000 0.1347
8141.7000 0.1348
8256.7000 0.1350
8498.5000 0.1351
9210.4000 0.1352
10389.6000 0.1354
