MINE/large_100
(1, 24.058600782171457)
(2, 24.905332422869204)
(3, 12.750636290272519)
(4, 4.88298466695636)
(5, 2.5327456701222917)
(6, 1.6512508535601218)
(7, 1.6140045937053822)
(8, 1.5556521199329567)
(9, 1.4575703023154758)
(10, 1.352039232727047)
(11, 1.3644546526786268)
(12, 1.4662610962815819)
(13, 1.4761934322428456)
(14, 1.45508721832516)
(15, 1.3843193246011547)
(16, 1.3085852628965176)
(17, 1.164566391458191)
(18, 1.1310447575889255)
(19, 0.996958222111863)
(20, 11.491712707182321)
(21, 0)
