MINE/large_100
(1, 40.58670759060323)
(2, 38.13009089835911)
(3, 10.868846653287688)
(4, 5.318144256876402)
(5, 2.456616692244127)
(6, 1.1923031519301144)
(7, 0.6079565576673356)
(8, 0.3482469602172117)
(9, 0.21130917247078268)
(10, 0.10388383898004958)
(11, 0.05194191949002479)
(12, 0.04840042497934128)
(13, 0.030692952425923743)
(14, 0.017707472553417543)
(15, 0.010624483532050526)
(16, 0.008263487191594853)
(17, 0.0011804981702278363)
(18, 0.0023609963404556725)
(19, 0.0)
(20, 0.004721992680911345)
(21, 0)
