MINE/large_30
(1, 19.65160587915079)
(2, 23.27163854109962)
(3, 13.962983124659772)
(4, 6.369080021774633)
(5, 3.91943385955362)
(6, 2.476864452912357)
(7, 2.1774632553075666)
(8, 1.7419706042460534)
(9, 1.0615133369624388)
(10, 1.8236254763200872)
(11, 1.2792596624931956)
(12, 1.4970059880239521)
(13, 1.6058791507893304)
(14, 1.6058791507893304)
(15, 1.1431682090364725)
(16, 0.9526401741970605)
(17, 0.6532389765922699)
(18, 0.8709853021230267)
(19, 0.8165487207403375)
(20, 13.119216113228088)
(21, 0)
