185.21087461044823
190.06180708415195
169.4444780407016
0.9047619692313447
197.01184859370585
19.15722704659663
145.1596048590842
37.69382998570268
155.9471017043345
25.90752621762431
153.1498802298836
235.5891772416992
194.59990011955574
191.0865018633558
21.89628992473581
160.0752399073208
1.8239938466654166
208.4082151359671
168.55066434270657
21.04642259402226
180.22228362006126
18.00801652012933
148.2963177491497
35.86979388739155
158.50316423548702
23.191144613173492
244.91804067549674
187.70511456508575
191.32492044606443
22.304766343776464
206.72187553773801
2.6752936929060525
198.21940097299375
40.96555980345693
183.01454426123382
34.335534602128064
150.6230783893334
21.9245295787714
183.29170499940756
20.62516611321371
224.17563539036837
200.76472702305
40.61916765991555
157.71926909233298
178.30527663831072
38.0265100951965
206.02329021270089
181.5158738105565
17.277558222523112
224.5186191416824
185.19161098949735
217.17891949513978
192.3974280717248
183.65288048859293
24.00528965567173
171.98076121567465
225.61420751463083
30.990728083294016
191.68314670738255
23.3467343966131
194.49916603762097
438.9494438372635
181.38761703031662
471.6026800859811
174.8796848475606
281.7447859247527
182.59816431525041
505.8907582207812
165.91803743678975
183.8536471372745
280.45193602599784
187.84482972133355
480.87322818224493
497.0377592166042
292.70360544847154
193.25017759951515
304.480035305829
180.60259638012758
278.7353599892094
275.86373255604576
201.37073076031356
288.56963898275535
173.43715524189156
276.53712929753056
199.44970333179572
289.4638339477651
184.67636966046666
148.6364867721095
458.78175621668925
481.5026454305025
267.9384696268371
225.54773276224256
213.85359568238488
166.09662989640412
238.9312315036707
208.13284600359952
191.49726735090258
192.40579529774823
194.5005878406498
182.95098707263514
237.91945992827232
223.1712677290643
185.61243203280674
212.0893071867099
188.549765787634
180.89419200710063
198.63574750304088
214.28182220916642
195.23617000329068
219.421227463773
286.8620238877511
202.62861985409563
249.0878561691161
219.56734198111917
50.01940393959376
246.85371666923402
230.96182183180008
221.36050016709396
217.58671274374137
180.41682182741442
227.3512835954498
235.27793641445442
289.35937532913067
234.83221858910383
156.49973082121505
223.87801814152954
227.47300895535227
234.6281186078977
301.7112035396458
222.8013868714861
92.7574357649483
53.94002470559451
100.85933183591021
55.260243527345665
119.240600088375
81.2374437341532
93.54522093490891
58.73040264057386
261.54325333542715
97.86031865862424
56.700249463726095
127.99974949034527
58.69481022552668
245.5489484188397
104.0663610192546
56.59002481945845
101.16406086492088
56.75314262226448
93.79326121790655
60.68098256087933
106.25941891021557
104.71706847214955
197.47964618841752
95.49720813478416
241.88238569120495
60.68998236068683
105.86809361288351
96.18904433743683
89.57686533305878
64.42339810506382
116.33194904565426
64.35489114000302
213.64446170313659
59.41434822789142
111.84536023517194
109.23719481007538
99.99328892809717
93.53500610031915
87.38821302233464
59.8705960111065
117.93214762819207
69.00733998518535
189.21615655542973
62.899465263890306
101.00626289999855
101.49824633031767
91.7320153528699
86.63879833929786
97.58896828799243
59.22036171553282
201.55174318491117
66.46347553131
103.57061172095928
93.56550535998667
96.48077683030533
249.91290686936918
57.11180079930273
93.00976977134815
50.51776167796379
94.41225909247623
93.04110500467868
92.01928722260527
122.10108931121249
130.59348756729742
61.54481883469816
104.78787621682022
125.91025467860345
180.79103929779376
73.57450141974005
380.4516554821821
362.7802445541197
4941.847370001988
634.7264867335016
5416.96341073756
129.50529662757071
113.77855442115015
3443.0811801829077
716.9326542421904
106.01728715413697
87.98950487460945
252.826263382781
365.7438449285552
4658.430877385652
2276.39218620278
107.78856727408493
92.73006571790756
2.8014816574077486
3413.2872105757056
256.4666418850975
264.73162723159385
171.1152923357066
4250.187376391239
795.2670388880906
132.8701850269881
163.07123841336488
102.60197190053381
15.511759224093623
91.5535196254894
110.67041789679507
89.98346846928303
206.14023198175937
104.0139134289467
11.352130118508512
99.33069341811824
94.56340555793736
3.661019316673901
105.7898585326111
93.72514573971603
16.85653946211187
108.11192953072646
14.324850490939525
99.97494582095169
13.374332621490339
99.43474090291465
127.62540877179481
149.2013237241854
228.594022692007
126.09192342448841
92.76381604663447
97.32980743903408
110.98964352746725
214.5877386795537
143.32372399402175
139.6813764489807
112.37783357679018
106.34848500709177
102.64412056226593
93.23843028271313
99.14979961210975
87.15182169016771
123.42419595699539
204.063443961988
97.76225047968092
95.1112860421199
5.820149739755834
83.17949123099424
0.43102298166377295
89.7497966889141
13.909712624424174
98.98199955851214
109.24438009298956
96.80071061752005
116.12871392785837
95.87428804794581
228.23243837829068
287.60065601553924
2.6405373175284694
101.56462940939673
13.965007502248227
95.14361239629943
102.77087909913189
235.909480926186
140.12090286508464
100.94060434820676
93.06650775694652
14.194237173915099
99.123840379576
9.607436111738934
101.56503645597877
6.077700924988676
106.2221934000845
91.32357819429126
93.84288281815861
8.47139461720991
63.989740884481364
28.801729107921005
58.41899843209927
27.844970364585095
94.81835689849191
67.05309553500092
72.47209468406254
72.66316071015524
64.96574148581453
27.75583391095597
61.55368607909509
27.215165519995708
123.03825359568918
28.813477926674068
72.90778276039805
28.933321135004007
140.13031996854124
71.98559485004466
18.46711573776747
89.37331299583548
2.945677589337265
59.44696400636258
30.490580608477103
75.31509849148142
32.35137077061836
77.33648177467421
2.7111137733459145
95.66487158099426
73.61943578157934
31.163872486671607
64.47690877056448
75.43657631540827
63.638733882662564
26.13469304271348
65.53843218185602
27.186136967236962
64.09702903074867
30.728392581063872
84.39307569377752
77.54794654509487
35.37283180821851
66.95546872185605
26.17755201138425
75.48350024200772
62.273018658535875
63.16955255190351
7.625935986387049
69.1099338509066
73.37451146168223
25.41799454053853
65.69794020491736
15.428895037183793
73.62850928503303
54.36773848780467
55.31212257998868
61.812952495170975
26.715427211217502
60.91006654750527
12.118590027765094
67.16328571792019
103.48812053742495
27.677449001964305
62.52048668448151
33.79692861199783
72.71112449820976
66.98000836755364
61.74804241342099
26.330152176084994
63.418938026894466
31.762282733869142
65.69778955265792
16.09832420933799
89.37281258488292
58.33608105464464
62.22077826471468
30.171242461685324
70.67339474437449
1.1108568443469267
85.59834222821792
71.0824232238092
30.611654853100845
65.86960318040656
30.49816932306203
73.13889088952783
63.168097786663566
68.76011372858738
70.92851255794812
32.763546755835705
72.3444876829526
70.26905565611196
25.065846000805323
71.48148986534397
8.889584899752663
63.599871372969574
64.65402452025955
62.47109091274615
289.0652948653725
141.9562248325705
113.12061583793775
131.65973754245658
145.6168557339247
131.34202371307924
123.2591966018399
127.24771873676855
94.10153554578915
115.73788885811791
201.19824374975155
143.87115711293973
302.15336757661316
139.86534962647966
132.7123596174265
127.2654814110092
84.87746366953934
95.60104901702061
79.90390189258778
122.63373556667057
126.18700819650712
130.51111621399195
99.85485861909592
107.32288125464675
137.99631380410756
114.71065271754469
109.7502737822897
110.469373242443
109.5535030074634
133.72341234588293
122.83832982822241
117.11141770420181
125.26245184100571
122.06814176322132
134.41721623406647
95.19465245635547
109.80231033121072
110.72747191151484
132.62222077354454
134.6204570308173
213.39588645541517
142.8022067861184
137.7594747252333
152.9988339892643
125.05392056193705
143.56076582744663
157.408467655835
137.99455127496185
130.83977107492228
110.44895424956303
98.66486457633437
112.4133899152348
117.81509878863471
138.374743704122
378.248785577598
132.35254252125924
93.1264914577132
115.30991721425562
85.83091471177977
277.6805166937197
79.13997369177923
5079.39424580282
158.50443687188636
88.57782558896906
5349.527244587261
256.08952659520946
153.80818122087476
3016.2267523399405
186.68911636970097
78.88140177407877
407.0536138757361
118.88216689881301
31.05374790725068
136.24685128997498
111.73489822764395
139.82853870820543
28.792943651899122
252.33421756513417
4481.556831074902
107.16062363260062
46.61912776216559
133.32269790034115
1854.8669948888073
178.66825329400854
251.73679273944254
48.41984801807848
32.279237645383546
126.28281119967778
31.73974976707882
3660.9509005731693
30.570363970709877
188.94013237161198
67.21033056268698
27.308268270879125
120.98575258692836
89.20417574483446
187.79412412693193
112.24207335478377
3720.6024165996987
230.80189931573386
947.8213014018584
56.61791052668832
199.27453724479528
795.944177723442
1020.5179648832486
4134.454893660488
201.50014185432244
87.45570404936728
103.54190639323724
91.30416829745957
121.02215030636398
88.42126724221248
95.56375496856128
60.74651051816477
132.7633597078634
210.83472620564226
94.02301261191019
110.82178081209486
88.82621758542473
211.23111430225003
144.71174205011584
245.32471901759436
89.76122314849954
105.47451249287178
93.33806359416394
114.90350205256118
98.47936697850582
112.20647097733445
91.36962591488054
103.05954615095425
91.62022475690446
122.4715759793512
108.64478980366766
105.3400069589934
91.81466677167919
202.95823359019687
114.95981633905467
108.14531483779865
105.77632430842732
92.55920688948027
131.8144252818829
141.85413913963475
184.78754204178858
84.60859634902772
112.16340345357366
90.99560705279237
131.6556532240129
81.02392426701135
111.80359572102861
147.41795638614622
86.24320612764222
105.71410103711605
88.44377265583444
103.383946653581
101.89507240752846
119.03060767521947
95.53119856899411
96.91271636663714
80.40372991336426
96.03614744953757
87.77576055435202
103.52492328407243
89.02376790158996
148.1371704178
128.72514415040314
97.86230720316962
105.46862738261007
83.01790622973749
102.74991081773805
90.24318692164525
109.46881554792162
95.58393732755212
97.68893991812001
89.20339489347862
508.3683707521716
257.2006071411196
600.5194547434792
488.55626000569896
267.3655463023588
634.6023869106921
584.5158694172933
565.216193822509
288.2556136365638
667.3041117192242
483.71279974140543
303.618197242552
586.6641788527613
552.7558057493197
635.3896590707955
318.75924450117327
582.280903435676
245.84515739704148
603.1194494199208
300.7730519231357
529.2343837106877
245.3120781644932
274.0633344226537
251.8236119086739
161.89717571235315
357.17609772658034
126.93991286116898
245.98504753621683
104.59817329859197
141.60007056523864
237.62779092660458
150.64830679930355
396.8001609615626
121.47222606808555
246.3259678324539
151.18646959464877
442.4735111666332
159.89705266652072
364.24974174269664
61.80737104475975
224.6021320635955
122.13795329598634
380.42826288701417
73.55356365101761
246.52790534265023
147.13089338227383
433.3466025293983
147.86819004353765
260.9344279188299
130.04963889124156
386.5502658226378
86.27412051570718
216.38873307234644
138.7133220384785
392.56870246019207
7861.9646475374175
556.3478688686195
7284.445528772181
4604.907904037249
2544.128470662554
568.1194135371816
182.4098134741589
2996.5726160570457
211.607644570282
57.74909590574316
5221.073990747093
400.50367314298455
3755.6299536464994
460.5921080320204
556.2976230356526
382.1145413983422
148.38857521639602
15.815981982423182
2036.2139363625424
6880.460087177014
112.94089960130168
287.3927169402491
335.49842099941856
120.80432138283214
336.7204436436667
144.46217181735744
189.00839381998094
109.30843267054433
317.82883299900413
326.5113946099134
356.53222419509757
126.57120155495568
195.18035200071017
319.061918714528
139.72958805168537
185.8857360982065
343.9203979566114
137.08506799859924
323.7724905437226
193.99573849464014
118.3751484537479
317.19924545356025
489.0830578071427
316.7508869171206
111.45976887399502
342.20213008658084
135.2665117892766
332.5188649372849
483.67674539877044
322.5500168203862
358.62715539261444
349.5402695068642
482.2302140345
195.5862944693872
116.11518629742568
101.23654211858866
97.12886586713421
5405.921795152257
318.4300475727232
5210.175365894751
214.75097713349624
274.40039981583504
85.10608843365117
72.69468078268835
168.78682981021996
119.41022581848642
81.56381331846887
291.5418127913107
4770.210897748999
45.11309008949411
83.01681739571814
2417.373995275845
24.520811211174077
3755.201683372561
195.09984539729885
111.06300849444142
10.892413907387208
92.00025214180039
4408.407767790264
381.725158472359
407.9233911224592
166.39642428505704
107.53177685285755
4104.045672263181
1849.2332790169867
5.494923423200817
541.9976170906375
506.14781383052764
35.483583540662266
3009.7055678022793
3696.996008921351
1400.2536119456236
563.713573877234
300.04994107468417
306.6133316677019
340.68029084490115
331.0651962828931
307.85248934704623
527.9601728190837
123.86859355301976
469.705820542963
179.99958184837988
454.6090282551627
212.6173886000579
458.2197216730783
174.32194808459462
694.2767058517411
411.68263482592647
172.68780225071987
482.0626529377587
186.855750044846
685.9511986228754
691.246790031535
185.79887750633134
503.17595471891764
171.92232147764298
473.19768762389504
185.38739662397165
57.181910095569265
1409.4438701387617
2199.552243018175
727.2999270943465
2992.8850781750943
628.4118838201593
612.680874748703
3696.7244396014003
1395.609916796384
77.44288191934993
534.9450828857944
37.13345063534507
826.6859297759929
3500.6842443623495
705.1150446857282
50.61344170635766
2211.8775669990955
1272.333953768013
1449.1325501974206
4.815489097381487
2302.773822672307
653.7226303626621
1318.270812535038
12.388940707907977
1378.688063303356
2255.6647561708032
2898.780319225676
82.76702787766226
1193.6082692436362
54.06661493194861
616.756157823294
2223.6731657267574
52.54521329236468
2944.401934721741
1441.734455257878
546.6728684448849
90.23867370545531
606.1064804337816
726.9122358484183
666.7610341221671
78.68541411581464
4455.202737918732
39.74697915905563
1225.0764196256748
584.1451836504996
1.9962323064885368
2208.412933312174
690.4081934643091
629.4166074199638
1423.948902999463
126.42670977520993
1471.3081207811792
648.6972024659553
6583.023623519303
31.36613026701525
66.72022327782452
5172.79091511698
7.760222666989648
24.22509961702781
1795.490544091781
91.03644086377994
6799.460702962406
2703.8759597795124
4897.34953673481
938.4461640877607
388.5703142520083
12.021919889033086
55.43746118265403
1306.7751972584267
1340.1464401131275
2339.9982754354464
581.604756570011
180.26330990007955
14.04064349750115
468.89582617063024
564.6820916205161
630.285294098599
2003.376600763706
90.96145008582607
18.737531997234328
34.47474256582882
6877.544778362128
77.48519092440438
1560.6990630978428
655.6870430244094
564.3369285744593
85.86930250879595
3.5588809077380574
2131.406347171218
75.81855298097162
374.8518069094698
447.93661529569636
307.9498486206535
159.22541784228733
95.71348863601344
92.23938345020849
116.762632209647
114.04580173462602
345.6467755016537
92.80333351129366
90.30677794627127
100.2221148368028
181.89217235328783
108.92049048710578
78.68211013905648
82.51818309218561
164.10569482039728
108.61417174238932
88.8544064893963
94.09344833554178
106.5746889601628
177.715183979602
100.61810982167162
97.87026420989105
97.78778884865142
170.09881335920727
93.79747463678814
97.4864415694783
119.54094555807478
118.82960816332616
177.2400713538782
122.05899780262735
158.83140187140452
116.84312802118166
79.03037524636693
116.06481623219952
166.92295805512822
120.06342391788985
111.23770180890551
80.87221728285294
171.71245492451908
127.39960911041271
90.38643712143221
104.73962667185879
124.40242471393412
184.5546278463189
126.46249026823261
91.20238844640517
91.44365076517806
101.90823761755928
133.84807972152612
174.51795119989038
101.64324030498028
104.7430826803884
312.88774287899923
114.33816185463547
101.7844089479695
100.29145130065626
94.91739244894416
94.29570698881798
100.24533409282412
162.88210529096978
105.90085375893432
103.12292440444435
77.44982523511135
107.70426998494258
91.97072976660365
203.9772908100981
205.0537850010478
36.32255525374421
5080.25789592722
157.0031839593903
106.9863310382807
217.56975031603906
18.25247094749102
18.17223011054375
22.603419209272943
176.68393606124755
157.3653681683345
3044.3065547792667
87.32578800525789
164.57473509656393
358.6086846610997
97.47705668483832
491.59901690907
222.94889785874852
10.145546395222482
4451.088691899833
174.2051260741182
2125.0029785193337
107.48024933801571
306.33475868997084
36.84826874812825
26.598786189704697
81.65611072331194
101.61325051321046
3538.541978358039
216.60440236617796
63.57002836797892
35.898391912100124
68.92184226345398
63.12835340508195
202.6951689531462
74.26190637464128
3.6284629103571433
3714.439605215551
157.44618538296982
32.991334469603316
64.9748758771857
106.70223974688906
496.93196610482664
194.07597178443666
31.88862727034848
241.77459077141066
502.42877340980476
1558.026860812007
80.7187120640466
585.7541422691676
18.304692318729877
8275.396639594152
2963.3564802997316
4652.171800717846
595.8299770985157
88.78532838474234
8.382312584791634
109.14005151272977
317.03403650531027
19.640587152456646
684.3431737801939
5031.488688555677
221.02925426920774
67.82678494264655
293.9045298220535
111.2376353169384
5210.969624507755
131.17174648565197
70.2894982459884
106.52053095173142
150.3667936617112
3122.4438117506634
102.30204835909535
11.916588533842514
391.58285866501046
113.65392371807502
113.55453484132511
79.95886172704957
650.620418183764
4407.6235093155465
66.59233289017084
2226.005947102618
191.61120926713556
105.16148179973789
79.71562183113019
6.77818301363186
30.87711843197576
135.46705158896748
14.535797027963781
296.89439308762894
3363.571849927371
387.0239156520438
24.1470744106482
103.72671013454965
58.72195411820485
502.78854565881613
15.819730778910412
3881.7092731910784
234.30278272200485
712.3079139505153
13.684904027048105
202.1630749500664
173.86033466117442
182.69727898980454
267.8566148872678
97.92228864585354
217.9743876692794
3399.455030261023
179.22500653305542
221.5293313625025
851.6163126627816
129.8795755604824
118.37630334891037
162.68552721655033
35.45716600228411
473.7401956728095
75.27611438005101
104.79918914780063
216.02511776177414
191.81853484228589
123.21109095072552
3240.8415963227426
325.3593598673251
6.689025880261397
167.56746729139377
138.11864336325107
3058.32905129131
79.3421835336776
264.53055941610364
242.4679340277762
49.160505459957676
213.01263030179507
429.880660273534
445.48836297749585
43.92533917355388
199.70230239639795
51.82945889906091
29.46267795566291
18.2556032391974
144.39938318955956
171.44060911057932
1209.7227418490086
119.99978201089198
102.95637235106688
314.3829251565653
97.12565497001106
61.620460708571954
19.53966478266102
4.404251874719193
77.48545030901823
65.82491560421477
1004.3374438469564
144.60139143057677
1648.8972469582413
86.05380680876078
161.92395553040387
21.7167014845636
163.62806171409557
703.0383740419684
599.3645121740756
704.03730279506
55.65690791285101
211.01197213358114
28.296688473377344
241.27388424421588
166.3477240331281
59.2174310574901
44.526468927377664
98.08967427486095
95.5987801573774
814.9360583809062
698.0406278600731
904.5451370565224
138.92665291522007
23.796408612205596
35.68712890111692
11.057875483206772
175.01061440351987
119.93059906286544
118.85958757936805
558.361599501447
90.9698535770749
134.8964122113248
211.85925727269478
83.09992643164969
563.5177113572909
86.02514173791315
567.352715702792
26.274730480872677
761.5025080304276
193.34091829984936
153.7592010842909
12.806232011200336
154.85438578410321
19.796670742500282
100.52029862047999
73.01713263732356
54.154450065259255
42.51364000493436
92.27803729977677
378.56920337567976
21.55519688081347
53.296779680164036
640.834376695266
21.151757416192595
24.57811780603265
11.371656557184906
21.050884215827864
513.3599753962208
23.57523947282243
7.3983486361134965
137.35718251249546
1020.1010655717805
77.75299176316184
85.45415463256177
2808.21451125106
721.0314943229114
609.8777383532679
32.4035582599372
76.19456255428668
58.78223225809961
39.970873143554854
681.2849098154602
113.62858971809874
96.10772472667668
798.6537447108097
1516.99184809915
17.284818171788174
666.5896814961111
54.668809232537114
28.116948670536658
470.34985422317095
121.42298721564885
882.7569855995193
124.77460308632999
151.3400388970722
92.67104548779844
77.76231766607361
118.07791794625064
168.80265008943752
616.4337086107871
138.23331267048343
22.697646938527214
103.04419021203285
6.285756462736572
101.3096150781048
56.890858845040384
41.39878616650185
930.6556266824955
596.4304405131888
18.193498564309266
118.98102589944938
24.185458620269856
21.036027363978064
310.480405758326
74.52987217805276
24.57127098352612
117.53483823087663
160.60024213238603
19.250355277643166
97.38552478183942
99.91920067341107
998.8706711017142
763.5739723465194
772.2452806024698
22.76331654450314
59.221409744412995
242.2190151364066
53.363694218823184
1002.0110447808547
750.6383745699532
61.21034244375733
51.26838250522269
7.417106360784601
86.0835584424085
74.08528040891088
314.30291751275945
47.49270427435113
178.9758844701255
4.9747156641697075
530.1365378972632
98.15753284853236
75.95628327285522
81.95171118237886
100.46928791376376
56.4511365873077
267.7292266743916
82.68755110728489
102.14695276188286
52.68851819620795
134.5558045515827
96.87114774952533
21.480744280550425
271.0491828412583
1053.9218547554274
988.3266957573521
60.950185380774656
34.0418376727057
94.40892704732642
174.76836041617526
883.5051287495703
106.77455654368714
29.139913850105586
205.39076338785617
6.608047260880085
39.125839584906316
81.63054699643271
1678.19546764392
40.75850327360604
71.37950361463754
20.84906710121868
55.79851450260048
84.70318795345611
92.0675666151792
1090.3843150076182
65.10511236279672
89.88464463905075
115.57092715913313
605.4049017200832
598.3777312001239
114.79937714177686
26.312347252739187
20.000706296233943
68.63277320594989
457.9108524534231
83.9812163875581
84.10323546994528
95.28999394451876
15.020195742643182
2.1033470799750376
802.635068313771
922.3615090096287
117.63707307749655
166.56295717964213
4.526918837062567
342.632847683647
89.85949046145925
115.29352530373944
208.61547496176263
22.452467405545576
3.177226826040169
113.85159722687786
84.67369515086011
66.9530975339685
123.39034705420454
444.55072514965923
114.78029062226051
38.282018292619796
26.744816079376506
50.92481139092979
20.98377325081219
130.90954227666953
670.7211120187449
818.6996991135284
125.31347560781523
366.6447427993462
21.278725231784847
144.85823509460715
75.28688982477797
603.842071815825
105.4857600197538
82.54376951296399
1761.191958465372
1232.1696608034763
71.26126829176383
205.21899268868628
1013.8804275156813
110.89018018339266
103.231578548387
728.0201714342948
110.35868750344616
52.19562977287478
100.2093264199575
13.044769464578167
43.86696310589559
117.28476639549535
52.16719818955153
85.4654332150676
88.5551450877274
1040.2715101643134
546.8919315503717
40.07965596233771
45.38149440045163
130.77769729532702
208.62899049390762
28.9825973521165
204.3954454961604
3.761989318545602
20.086248764637816
68.30668609245811
238.19635014982953
72.87849688225958
40.627196672488026
585.6983812414127
140.43688965057504
76.66993956975443
14.307451196658121
349.73657335444204
70.63473824086441
17.536812271823692
7.133970366028734
58.1683394291349
31.101079661902986
118.22825047031074
972.8071789125452
640.3478595039987
46.35132404965498
90.38128541879269
97.07469959461741
59.96560678390961
64.72747346018423
1211.686546345516
36.72441032628103
93.33544447962686
103.2484540005753
53.83174906840122
5.066474480026045
119.29581630661414
50.56858248415483
123.53854780066285
107.5603735496743
159.7441844817149
83.25813069552805
79.96390824480295
46.99070040769493
68.91410054170228
36.83441911944465
58.98442745797729
597.9149081660353
526.0637227630541
670.5679313732235
78.53415293690705
57.74640788381237
354.7773039152288
880.1977105175729
580.7201314289891
350.1877418232543
1708.8068414591062
2347.4718307220683
310.2207124383349
224.8290487924296
161.49184532155687
1652.5250221366773
1280.3451464852192
70.1281471267821
99.22457836287504
3579.144958680163
1165.3677579690275
552.2361634854369
892.2332173334516
95.66590578686646
81.19072430405686
172.70736474746718
1.3435164241309394
48.504477724937715
711.1033581830488
1655.8422281517442
3768.8854607214307
156.11104897245838
1883.6872268181999
8.487681294144295
327.7226742692392
41.27643886158012
125.02922571349336
1156.1659861006124
877.2917715860649
17.997399832384872
98.8399013240487
74.75304380540729
67.80053917892474
188.12650920532178
82.53553213987561
617.9824295949302
50.01749058413316
153.2911058209802
31.050854990161497
12.634292091228417
365.97066475789234
2102.9369099555806
32.2722241220381
79.83043711024766
35.16541863925704
56.11607476489371
933.3330497749828
298.61848341411223
142.64829515023007
704.5603649025436
135.6104220585098
756.8039827831049
299.48734226226
159.39712082770575
760.8201038958673
91.67477669612435
1032.884170688193
1066.2546184977227
192.64400423168445
203.80561552214476
102.73762911313679
490.464805912693
752.9012969827936
270.2446480192957
213.850253888746
281.6966888161023
108.85821234891546
915.3005903205926
333.4598932678141
138.91407722408985
352.7027670757093
495.14582713779055
88.99894491046325
52.39005262473074
36.08097907627871
75.00963904866876
57.56115856559518
52.54719201352964
101.02560572121729
88.76674166362955
2323.957599503491
1132.2655728061372
407.4413054296965
458.6894630784809
66.7894295721726
132.48910865536664
61.68430624092525
30.60620515714936
33.45357868073188
609.2930115286044
3194.642160266415
2823.150414186889
1728.2809042348615
96.37798962188845
62.71009238709735
2263.806625131848
2206.0723076200684
2680.812353451389
84.47264460042214
70.36756371239915
204.1723519689324
130.98945992342715
41.894190628242086
49.76976958101773
177.76144546217097
1.234659546922785
188.91892510676962
31.716065944387537
553.3897198645245
321.2831203914843
538.1475522058508
699.6129744602536
638.669814971187
963.46987263337
17.603277035861538
94.10978613145926
76.84640418476556
188.40969270801816
1591.8229430375313
103.6527579806625
108.10553923747102
50.505243893233455
6.084404453238676
50.98896636448808
791.8681817240094
28.137857449291914
124.51500427079009
141.67374186693007
196.75452629367567
67.22851989931269
994.656764045985
687.3026559462141
127.73233758423203
1137.013293344036
24.609618461618993
89.68952083804015
350.133334701236
86.98181103350544
75.010991448612
61.650995657618296
91.51665304773451
636.0352409382385
86.40796322402821
16.251189068225358
55.91792771334349
40.98004483737168
7.000699480845469
7.5778371966534905
278.78695106849773
1.8137599830379258
36.482175339847345
273.3564369459882
24.096481955320996
955.4259551751347
79.51209061089685
64.56475757634507
104.85839240003406
77.24163325001791
736.6723255825673
129.98054935968733
69.41482816735595
84.3151033752128
47.56515369966928
51.47003163317538
16.72439605635077
840.2074203017982
101.03616681891708
74.3413071671207
111.63510252111041
249.99886559579454
298.39864229910927
226.43931039335894
77.34291312451751
119.338218321157
309.4632620098346
37.16395771591033
880.145235221938
869.0716279347816
211.63975361278335
2077.1978840759093
68.20015210574638
99.43039949154445
92.71043006586478
75.05685355516653
21.346334123107226
459.3441840130963
77.6494001327228
610.399090363564
44.02941683431527
116.81236870270911
99.40847959018336
109.355075742064
82.81706293926976
79.90444655359806
22.077954426943734
135.20088835763806
74.54313772864953
55.013639623943504
124.09612692169458
31.677780077711986
111.54342748788645
117.8694161008309
95.65724165351821
48.47941947841741
66.89930262017288
91.05812868290036
29.537325265227082
567.028725174514
663.7807087693354
863.1922372676349
69.05468820843998
86.3777792062956
543.7576281355223
827.9133514736832
120.40942769863341
135.81176674384096
851.9284604679087
194.5554799966494
90.02514394475565
47.518106752291715
27.228891533306523
881.5028390099515
645.8655338457938
1509.6797256066814
62.38454941748046
90.51977636802485
104.32417519030923
118.02902722175531
750.2489484592097
6.045742545463327
82.30986374007534
60.12822818177165
51.241461786460604
889.8165210972779
59.686692598013906
47.75208132204261
109.70367246348269
129.42102289122067
624.2098547414889
521.0685221073836
55.11050472471106
19.480964043861604
61.572211300931485
2694.0679222973467
11.245259488652664
619.1017869540101
71.040194116498
9.859369975516657
947.263446391925
25.831214097226848
61.47880893708884
69.4344425523675
64.20284158980007
89.71672676566914
203.33032753513407
51.224501794015396
93.79538809309474
12.079199330643405
485.2343075313097
63.735301393771806
839.7195026198465
76.7059122482774
31.169895022203036
36.72340108577691
8.207416806733363
354.3555025042674
45.900447085628
257.1143291484059
47.13199012767291
983.9470788246608
1301.0708802871695
127.72558871887304
101.52680439079086
1460.0120119914
768.8133750842426
82.73642504458246
93.31864788641292
1263.4418037320404
150.63527846792567
22.108822231583872
98.88200672130051
91.4978863078361
125.48315434545475
106.33800412307892
1054.6886929483412
34.06727565779147
135.8459025576908
160.03738068479151
767.7084359468922
644.568514067545
2814.9174763592
85.04557842908252
66.48937917377589
121.97778989435938
626.8334952802179
632.6588099875171
90.77111454630631
122.09456009379892
613.258424924993
194.33886673336383
48.903898133528855
886.089746911884
592.8138507869053
8.975005050175241
91.23326255369375
74.81210440003997
564.2260474817385
122.16254357224261
41.80578241904823
1988.178010672077
39.00420169275367
134.77347084629855
16.2438365375383
167.88289308800267
4.258092787229543
100.99820742109387
743.9493100262698
621.9287410094857
8.75556876028536
59.76764737714315
575.147897609501
926.1843254865437
90.60097147973602
114.52224941066765
14.867605303196797
715.7939175178572
1396.7021341745904
2762.9446639196167
302.8875696364221
121.46836214076848
48.97904892592612
147.98027502581243
3144.020411572267
188.5254147448086
82.80002545289653
880.6606596823704
5.809233504999611
3187.613069180966
366.81241094844245
426.323717321844
120.18128895746122
0.6395361743470858
4.202131880150773
13.190726024748074
1226.1979997348108
124.30287558806344
296.8879987371656
493.11147480871796
73.3813752663491
26.37317588013002
42.54685230133509
700.0769633137843
1572.0560144661658
15.809354809494835
54.67287558107728
70.54997198637284
96.3187050896795
824.7540807370287
2210.9046291426366
479.8946597560298
1801.7685450738709
1430.0680399778776
52.40855827193809
94.46881313350514
69.73486964306358
1.7108610866334857
866.4869946433746
2036.3272727855274
61.03020909480438
15.405801698270807
86.76051540595472
84.86751027521552
70.12495733637854
110.84899847325534
39.46137285245766
67.97176836043946
15.257096090863683
216.92572586973165
337.67117035030253
4.650322598549565
464.609721122024
99.77785331627297
311.4015176517846
195.0054697880846
29.53689254445726
553.4579968895987
101.37096314621704
140.6902711985499
240.03821485935805
901.5921088274731
144.17864532835574
114.2344560857955
1235.1518409762912
679.6899803621027
50.82672541648935
19.524760492558926
31.73519517884415
489.09248434935125
32.10929356392353
32.618873762525254
8.304598457147222
82.42743991612406
93.07876924279299
788.1603389772554
123.02872168416292
1531.5383773697476
83.63689915096984
777.2719427430559
22.76513054932093
373.9642138906479
329.8038357604846
115.48801563491361
363.8087630963737
420.2381296054464
860.373305361848
1044.0682348530609
65.66640599699531
72.3593010165041
106.34205804790508
138.87352385836857
89.23499538663691
300.33038465510344
326.3870361734298
1430.6958398772513
6.021829195189639
30.02234136132938
20.96663683532097
79.54052112613044
65.39635063226433
0.3627658059053829
562.0150837600768
5314.035644625599
411.5367283950736
1001.955232128149
1159.1699033340742
1005.4733634489294
3855.1990592006186
518.9268379159657
713.902103197958
112.45696847974443
160.57627986824843
32.10896345730066
641.3565482603644
24.786844052232254
46.66640113898143
24.570744377096617
1040.3036501764623
71.65564041167636
212.8412866745025
4.53804539741941
133.83840746662554
760.3327867815169
1315.6704720363468
146.36273850269845
1321.915079053062
650.4362592158568
1480.2996107183708
80.56291703299758
125.1892003106168
162.33478623652388
53.246143232021836
831.3654588672321
101.83290521536424
520.2089131828479
37.57849033296179
50.25754923123486
115.46516970247785
32.20821405567449
535.3780840353375
0.05397914406694326
752.7622975007184
49.41822665763357
84.353110635353
76.1447705401306
81.595778937065
38.00603428829163
124.44298663022073
96.39057253419287
108.19159821327321
106.79067436360765
214.9271218414633
81.4812854419306
166.04590174905934
19.777600049068496
91.19338898683509
74.63814378470124
93.32051351162045
27.592839259097673
23.759351707796668
218.81186579013593
166.9543213559582
55.72971400266488
18.827383560618728
50.22838639057409
70.59691057951932
27.680069645143703
7.4436034719346935
664.5885413898404
978.6702931525379
11.101318433713459
105.58063110863623
75.0413674415413
73.30652325574738
40.73892635774291
84.16515581521583
67.44198129349502
18.931830778776316
91.7747088571981
118.38626634682964
51.24020938071817
16.243643264418324
9.13861472643157
130.22287807905604
15.105297289432656
73.18159133393533
1097.3224984938906
64.44814456985887
605.5325779926488
4.32318925294976
1004.043860094283
1084.7701173937712
638.1695558261745
86.35824441480145
83.46052330641305
770.2983848259892
633.741899875643
879.1272000834797
44.78734678948422
86.48041605116669
79.05785790487971
127.76134037059637
36.154292207244
113.71542672361466
1363.2618891360848
43.26154938213995
1522.6010813260687
258.4622238752195
27.82282466914785
14.260963238480599
979.7338325796845
106.24332004804546
1022.7488048483992
81.81118549135408
538.5395791639558
27.76903551184205
187.49907720826104
129.56345744327427
178.40314918823333
945.2976765771573
35.813041377450645
105.82871566353242
89.77675760607963
42.024648722290294
854.3395822826751
19.584996733980006
36.5097134030857
828.2612743978827
21.386977199715375
124.32259191136632
37.400124174604116
95.3985707481113
0.5257594614149639
820.4110104101001
126.01079521719157
36.985229321805946
852.4373150218303
780.6508488416198
43.63267878106217
89.14931263946346
126.57751384786297
40.39978813785456
94.27164871014338
84.9274344674177
77.14797147732861
63.78823408720746
758.7581177573793
115.6246171331295
6.220528954210749
73.53183680281654
1812.7656891424785
34.42752395139905
1097.093742450279
101.28331608214467
109.60084602353345
1299.1215504873821
616.1017937997603
69.12173904107658
51.34552448337263
65.1102834354001
32.07198951850114
38.66375884258241
72.51114164543742
1037.5129351133337
102.71155996558127
58.72596382316442
117.46835187400666
33.81464941208833
387.6519450327296
98.7446564498714
67.00738373841068
29.995627627226895
122.73575925208479
995.2942822052282
39.990924735223416
59.03153769592609
89.62362699142705
121.40386168588338
154.54249084750336
179.79855483053143
74.52569420938835
105.7517485551607
65.91087329376205
728.6523488248313
1207.155096034323
119.09393934457694
74.5680384027819
1110.8623585488835
6.9235826207068385
122.03359755067527
116.30510019887447
302.9505428885061
48.30073566350757
84.5321654218551
33.37894737838724
101.09888828389785
72.80373870942867
3.980021022220626
48.18555705138442
0.5486974086634291
5.311828572414015
57.36171291742585
2.5697078697744473
96.02537292207671
708.8508723784948
898.154040286232
1581.2188227400839
238.90130598061387
128.51861047495458
216.34699257840293
686.295152741377
67.60118167733617
136.60624899251889
82.987931860971
35.73775247485355
365.0046081688379
14.662758417405712
84.54588114692342
949.3130185530754
66.3537841326779
305.8821455803844
30.162661080714088
1044.2152666635893
1334.0738119762275
1787.1716457981665
496.0142980679093
1401.8681780572633
774.8154435756969
2863.493878989954
665.956999090512
3343.40337100974
722.8417939270439
845.4289487971064
53.582675873998596
83.82424756229011
55.47849857473557
94.82099037805347
130.95566426364894
40.105494345310944
95.9784009597073
1136.8664282203767
648.9935018183523
8.881407449497146
683.5101324645229
77.02820660779707
15.241875696843636
109.24219595929935
2.2877012847484366
63.75717586946348
150.49221248638605
1589.003373009632
89.53399765716131
85.78096556467426
64.29946016580652
95.57422914713516
3348.76560128489
1940.0024123592398
105.37866740709887
1222.3940573343489
102.22690702834598
1376.3135739128961
83.80820223779756
33.12261816004229
92.92432462277884
62.45604996486054
44.743526421767456
92.56771470558306
168.4635376405613
48.99224487271567
123.44129568961944
245.9242234849553
103.07900872703885
127.69448161745186
59.13277183598257
645.0633978880878
1651.9163825573296
27.484999367574346
91.35609725303402
32.78172641675678
59.16161781041137
89.92707943120229
20.095707429333856
114.01690487399867
340.2093363313003
822.6573782312855
63.23244821125763
79.5377198575593
250.1172284665131
109.77508570763757
102.39048550576945
910.4320392744175
183.11190776171316
78.44536490393511
1450.7716676220753
1114.8422744085374
769.0120794836203
485.6013262283295
1186.456949326539
162.57943284494468
120.26446449184004
325.1887806261948
68.95361835547328
334.048050192348
221.4469995991526
123.60741366326374
474.9481839026271
433.99073620519675
33.66076011586483
380.7691714966131
111.71899313913218
62.1284462956246
9.888600472346297
69.98111799996605
50.51567336578228
4053.818625417436
388.6955335358725
41.93203123524199
20.8308939251865
109.21333016174322
9.587305909812585
3486.595995620841
2158.623029399918
456.37071508729787
162.3381944404855
310.2825784206202
11.81661526233438
1181.523702175029
2881.2907754755133
2633.087246891305
94.47378709334953
87.83389239059579
48.78010435368378
687.350045965209
751.388023299148
715.0136241870109
44.141947688700384
127.49055910289462
83.77385505847815
12.866985967890287
1234.303442726473
1271.7756579764537
176.9782778486824
1.6389812703400821
1322.8741569326658
113.95149234939072
65.93615957858492
31.987605836088733
110.91664977000164
269.5116701801171
102.93372505041407
136.25488938099443
51.468565488121385
4.339697967774555
84.42028086479695
21.10788427529951
50.61667807400045
602.1463889119568
27.015040972946736
58.11420237634616
38.38435017124982
7.027102700231353
167.08608523248904
1080.40720399137
81.46751670196772
941.6595857175889
20.1022830804327
96.61488063889556
80.78461871936952
227.344668467284
6.748043900668563
78.91063534179102
7.981417445683292
0.6883389932090722
549.8556367300862
65.19424953199541
17.59998159772931
50.35196678302691
109.78683453461235
61.21085263931309
228.94831122436608
114.46866002196475
77.05340356845227
159.31456404617074
817.4775988231413
708.666822374139
706.6543901935638
150.11108510977465
39.505803985483
51.037756539401016
1.9496033484501822
662.4631307081527
33.60444741864376
38.49063174197016
985.4122345769661
940.3565131381404
40.84363253753236
44.30698078626028
250.1301618076809
182.0686305238455
44.42480631275748
202.36105977021862
70.20260106952583
67.8248514633101
10.934524725700612
119.15633807511904
44.95055455215015
216.83167959139428
92.45179836056013
801.7858820901638
28.549917349726456
49.82495697025479
350.85939463951763
89.05377460246928
22.355360605278292
1280.97165600879
4.888747204624451
72.47860123765804
158.080167407933
1.5663052965719544
1230.4961466490558
87.55470540810893
460.23531845723846
22.088533347447083
2.96847446153879
4.4215677686243
115.44882302308179
122.88326481066815
515.1302436151727
52.61431206348266
1098.8896028441195
1967.440959087009
39.57949306838691
49.840088279865085
1246.5497740908859
1000.1244400632459
67.8397129760433
115.61340661671147
33.463210548246934
75.0636957936722
396.60087886014753
1.2280401864509258
80.20489379418996
60.3456743636998
10.721475565404035
797.3879779206136
44.01472845706121
81.64591037296486
50.63091253040693
120.84574482991229
63.93707830866151
73.99437834202399
53.80874559697986
27.637665753400142
7.7815316831420205
2.192015766750046
1772.2361932108477
2405.3334665627094
773.6176606619647
1750.7290659313285
74.62359712140915
77.42696763552522
37.498154163884465
435.5326301473342
113.21535162250257
47.60478903637522
72.4752020961223
131.95292133084695
65.86449970839749
57.34762136600875
27.518601902615046
81.91664620940719
73.79009638123947
39.25534062704378
62.16338049586125
939.7258399325656
676.2215707604839
15.28094523550294
32.75776942067432
1549.181795093934
41.77481978759897
55.253416848607685
112.82794741706994
41.644689853088494
76.03010697384343
77.56313583623978
93.45756694559623
493.0681856778583
56.002774955478344
115.02805976216769
118.50541908533614
62.04726381103137
49.39535781570612
33.88414576697414
19.253882421699927
1477.9381098861668
783.4720524512877
977.4796134171256
104.39496402109216
105.40565158730715
398.3177766978497
45.613946449407536
1053.4911907153173
737.358572645602
354.69080501207645
4561.613749956172
710.5881050881699
1957.7862474595559
695.4187616671843
1607.7915757016194
2467.3282832067425
681.2707919553259
222.38297522526864
195.9172770696241
173.6939612730821
732.3682435537721
13.008077448334234
1206.1408349950186
167.1042190044982
95.20425729322824
181.83867626295114
50.79284769017204
6.562143527497938
97.79881288275828
1558.5146979043434
424.06912614189787
78.16124578285871
22.148966918673977
57.760805183946104
51.21469052802695
650.8585049055228
2118.2537898281444
398.4026857740282
1386.0938851068856
70.3268035794149
118.35998073090536
281.0208619047901
469.7293118210332
72.68155604243748
62.27923694283891
81.95176865290205
558.5666195907002
104.14512701673493
187.9692944657877
75.33067647571306
12.93677716528191
1881.788695310442
1538.5939021391523
86.17857038230557
308.1756403154716
882.4226607482046
934.4879513503938
1262.0610199272487
584.9095006969528
85.42296146123772
166.96212643867875
426.0639109935919
1358.0426947863107
619.1266415778791
213.97091910754807
42.13922141045623
164.79800348274057
113.83786540972142
27.498909850424752
135.6482217801331
340.40584967219365
347.57141259219134
157.9170323921644
1220.5443209455302
103.78528267221827
623.605641782241
480.38359025961563
2099.0297719763184
170.41907561161406
109.20190248193558
55.696050624253985
46.43702664936245
2358.169435691814
333.27699344448774
1100.0504071945352
97.18800511433255
154.34442594885468
123.49083451231854
185.11636715738496
22.911950430180696
27.869891727036247
1878.7991070363319
1855.0680961396383
266.9345856901364
515.4231879370491
39.4576031551544
201.0676648031772
1339.152075500851
314.9661569676018
5491.154827758951
46.60459189670999
99.75912868294591
105.09837804208485
102.16725967004055
79.84754882938375
33.603026987689304
786.3041381463223
18.878722484651462
152.69895311888217
70.58418925315323
686.0212686335044
717.6521409714833
1336.586500320971
49.96476354803235
979.6428464123574
44.28178478229074
569.414643017687
24.778631692049203
103.43125866463379
95.319469133442
0.662693118551033
1001.1562123427948
699.2447699951308
2.720281877765956
98.3724600802343
321.9540595638391
28.519048932959777
80.00231216300563
29.210413834958672
847.4511659406921
73.23660476573423
145.4668003325944
333.81806489847213
65.24964583903443
47.573717353357324
77.45293110710782
896.8933242208445
79.93097187562262
29.766161775203727
95.51530036673648
25.028684611865174
57.061131841356655
101.94073289873995
1245.9734024980548
1251.2062247935264
445.2493942472811
37.95019237566339
27.202388611908646
95.8621556175749
152.93466942964278
74.59098825064666
132.83882992376493
174.92636273671724
92.26635643989266
96.23977462337098
1732.7929695702078
747.4771000611768
572.7765260886746
76.20780903073819
14.166045329928693
33.626013336566075
87.10571982137526
118.2494381652989
490.4994987476757
64.97461840952792
27.065048478655626
907.9847080613872
50.060566540527816
136.57915990303172
850.4910840004845
19.40789804481483
134.2322727141309
131.2331503037385
20.703860753512345
27.847362716632233
27.729502545855212
10.26228180216458
7.338928627890709
81.60391832836467
666.2009515931331
15.749988896312061
19.85597063640671
9.273749955769745
32.37013087568357
875.7445671719679
55.8454606690575
43.44455661921074
21.35378275495532
755.8118706174246
53.23443108754145
34.70668072427179
42.6251993095666
651.8391471798132
687.5701728594295
70.28764010364205
61.416056795372015
60.87015508140121
337.88068089806575
138.27115289986727
40.24776945110307
11.592354533543357
4.599320407470941
244.33066376753277
31.121062815474033
68.42575909120933
77.0174699588647
1028.324454095553
38.21605729199382
96.24518853611971
102.41762048621922
22.158685441228045
90.2891737846603
48.532974988433125
29.38302334250602
365.7817844452966
43.309913135040006
137.59493624797233
0.21678598448579578
133.52244187836732
1022.3192703217819
235.70912171793225
130.21404359865392
186.25927740234783
69.71710472583982
66.60783815571358
117.31814860744453
70.1959691235852
10.584508046280462
50.1776219652329
40.081734649031205
19.665226330711448
305.4650784711839
93.50130391602579
63.30226562560165
48.19807037720784
62.0886648105552
35.36994157662593
17.832614480763368
56.74682558731183
61.45731174764478
273.6251146878967
23.70277300381713
147.51440674942023
213.9452396790075
52.76052377807537
698.2804381788983
488.8104851955195
33.77412026218644
307.14779919716557
881.541330478929
1076.3662436726586
33.16905653474623
1572.6227678253954
11.491981229291014
58.233014180029386
154.28662868065567
102.99825413015878
43.76478233396392
1029.4358257578042
827.7649694094825
691.7441146606907
91.94060505254413
253.14329030982572
9.410565193759567
2.9333903651079254
40.608116910993886
345.46657607921657
150.19410718013046
15.220622138480621
24.87094605684706
526.4038962333061
269.330069271653
2149.8203232445826
352.04737466659935
1402.934859508353
1168.131880866229
1823.7437565601394
94.98414063332703
72.66544136489915
2915.8819906929384
383.0962486080866
23.152474414110202
3498.106602902661
948.4902284797563
125.61107956488559
720.1055966397707
37.706874286062884
26.833770896615533
28.985428936412063
65.43707127108064
264.9823963151364
79.4683924155944
28.691502646965773
144.14692317732306
73.20817470505881
1532.9451381249087
62.52588884039233
84.463961373855
8.164667485699283
57.8196126469943
73.33205022738639
613.7912735170221
1505.6082844923048
17.235884933109446
176.2132598570306
3385.973650832527
284.538411224441
103.21249138702478
5068.4839123809
102.34022075554094
58.01948267202715
201.33598548541522
508.05918517189366
258.0404527352666
95.60859916001846
609.3803188555885
86.84508710721911
1607.7535425131664
82.1192821850891
93.00049747793855
2.85719562171289
170.66958773408913
52.38543392281582
65.66760034292133
63.3131868568795
145.38728888079794
56.497115305363764
32.18583469200405
1529.79874679057
29.75740758359052
38.00771867679214
65.83478697864712
141.3278545559533
388.3607944685659
5.861062325733656
64.61282006654801
450.9838533023635
287.18684725466437
70.46134980797797
488.9773961138535
2179.554913263116
118.41938259035396
1027.1207287239968
21.09544220297994
78.7269351883615
83.13646480941134
31.648506803427153
27.810626100623267
27.82745553953646
88.61721567690438
680.7715244699975
35.67967244305328
66.93360732560723
41.99669693312828
1594.6212542176281
61.08428286185563
692.8747548721203
72.99433299920202
124.67820528785114
375.3729345841889
456.7429870508836
540.0617264986035
478.5545131959243
124.81051523863152
115.47098585973617
96.23220340778244
92.74261372770889
3996.622155190872
253.12957940384695
60.537128415357074
62.0126897781779
22.986078775742953
174.13831037294494
386.16259668203793
3329.4615361037386
366.7769004955562
1702.0242093761344
266.2382882004604
1230.5766304831584
1130.5122201052984
6.220457362690922
6771.168616733128
91.20344773649231
9.90207278741218
96.07871422285297
1478.2033701754053
62.813600108092714
75.25714664424754
100.29087869047567
44.80883097810761
41.57090795826457
209.49283153277975
44.817974814382524
62.62469195931362
923.4460843696293
5.046623605741843
36.301096885395054
93.44914608808222
151.96371116200544
95.78381864605444
205.95152832466647
59.848211900716706
291.5333721728366
266.9268477587175
181.69806559169774
78.24389210787376
74.97492616751879
56.34569876212208
308.20720702587096
107.57328767840045
289.0293924238231
10.871163270651778
95.1161616395002
67.32136508180793
37.06720330169264
1151.2562070040422
959.7620627100987
603.2306537465538
136.66575785077796
945.6482225803072
50.99782387336063
93.16602545059254
74.45432588023255
61.79003967443987
187.37789461682405
1.668470047208757
7.814338433204057
99.56855116470092
85.02709487492939
100.2857075731431
515.5055094101085
155.5514947608067
21.481729069817902
700.6163728016404
41.13544564527183
188.8925084391285
53.1563381651913
33.365383573198415
180.73128003422335
984.1565184276205
769.7457445037717
37.70673317118235
473.2337573066807
9.387528602648672
700.7201968648924
84.93822273391379
86.97196585401707
62.49102348967244
91.82978140234445
288.9185861154947
142.61309326422088
22.16660342337127
32.116740892137386
651.184930161191
33.37885008211197
24.99559251066603
12.464574762556367
159.24498830842242
1265.9783083375405
103.70623534132937
77.44100795271811
67.79863341740952
50.476461797129105
890.1271881898981
108.78969941644436
80.61083793309535
96.45169738740788
1539.8059332794292
628.6697361263314
4.04028382978413
947.2946311359492
200.40893890991174
141.84599550877738
39.46577277818051
951.7094074738034
669.1618324096507
131.68529033600862
57.003522322673234
31.941163515564767
26.53639988587929
241.78395608504434
73.98160012144945
90.9311720992755
74.37568789244506
39.24066940233547
106.16938659898051
86.82357177829294
121.5743754772634
44.95624844505528
1070.087893983004
131.22999304526638
77.87316294264065
61.21267548279275
495.78126725832453
65.82483609308247
93.5700469781491
122.7021201019138
52.63007914181526
6.3380760098552855
85.2740811465992
50.38508814027227
119.53364508352297
405.6003512609286
47.11915185692578
152.68465799847763
222.50368588252513
0.1646751826065156
103.3096203791647
786.2212774103855
27.206969904334073
58.733355387785195
218.4293464913835
40.71365504151345
15.82768694673814
431.62951784099914
5.01284082013899
36.51576334260699
58.33315244647383
37.73595910291715
662.0267043551921
563.6364536684814
731.8067246854316
130.2359772562294
474.8224772149184
43.73463440143894
1099.7433011983103
130.7505018613881
16.417465162406643
531.0340854516994
1980.6772120888377
921.886309763353
1234.4042941630833
221.11695775925818
289.0193012811933
130.16470833511812
23.812061816399364
181.02304568455838
181.06067733345847
25.946466485196254
55.1477324366852
8364.896252520135
471.80612309384924
176.26437985179655
25.08579378581453
701.5202798226921
815.6487418373467
52.044941372009816
39.33005965898792
1522.6773344888707
497.1038682418339
72.30673701143405
86.01590689948625
3352.9663825380085
875.3710879563173
110.1211342837205
57.29918963817818
90.78422409579161
103.28199753072113
45.981936080524974
1832.442597509641
492.3419005799087
47.20619597205041
34.133884229144314
359.32753161097935
2183.5285930970967
30.134868762786937
63.52811479576849
101.50718848389806
89.06888774081642
87.19044483477478
58.1396534633206
74.1901281985165
84.20101275132413
10.105649555050263
291.63278554827957
529.5762044286764
815.1885691022162
56.42796151114089
20.500456185698113
14.214288112284976
577.0798684597798
1035.5781633185948
577.0695387092892
16.928189403662145
115.98124783829644
821.3566409006125
201.91119645854997
461.6882357466111
322.5644439490079
45.4489319713166
96.35905482031922
70.59827384666642
1167.4963332591215
123.3609517020177
58.45164609085077
267.9489947768234
2.430928016347025
83.18628415994863
29.494602951726847
102.42705181216115
6.298604484103635
38.46488133411731
8.841080240043055
40.771360687561895
1523.2907956645404
68.53629486928912
835.308833583578
329.96885385854284
1072.1970757092317
511.5524039719048
117.66476177564982
2268.4210826623175
1821.751182985674
438.36607681999885
390.82971040829034
1868.0590223456588
1536.7866303669625
2774.5930791539495
658.6482739184353
2186.5536579109366
2592.111218059389
69.86185650287916
86.37753839021207
35.131850506468254
359.83736908183545
177.3751657295877
106.90300232831169
689.1666790041597
77.89988968793409
67.45071752241847
54.90699871897846
246.15677596650335
49.39034330636969
101.87363885153854
16.11690339599818
1774.577523690194
55.579629711714006
60.033884782756104
82.15292345366015
53.0834739358761
41.8493407616661
97.7011921424837
62.493045995122884
36.809857624982214
744.5440372441462
790.097626292626
1060.8498890030141
90.95301791059592
82.0066956666169
46.93937973602624
75.94103509848446
9.279895169391239
22.852235398780977
91.79991472524671
58.026190647939075
30.251757436932166
548.4169341811448
176.03624078239045
420.267415625729
18.556343497644775
15.39907365367516
481.42957310285124
13.889896173036163
63.057327731342525
11.555416829566298
125.44213146953382
83.83271979962637
100.25529944668051
212.31239057838957
26.692718704835215
30.972206391233158
73.71251768983097
33.151246572700984
60.83922647783129
1.9542533274654943
38.56444392616322
2754.624799707939
612.7075547666291
980.899447430862
156.17440667696155
70.53727696420538
92.24314325970045
85.88506219007468
70.67625444863552
12.93883696818466
128.8351184292078
12.085309579526438
157.7366312072263
95.2005479639929
146.7742926294277
52.26679377700657
1067.0677585327512
555.2614709516529
18.987308528735184
95.9269309345728
56.08700427425606
23.68964515304026
167.41142464163545
64.91173666427665
50.809609088642674
41.527275268017775
461.7248703719081
66.8844299251416
2074.2678126585884
19.142105888105107
232.23586029548915
154.7125439793299
91.14134839098915
35.72265914334639
129.21408265389346
81.67268033518121
611.190765358001
110.22256797316822
37.42718953972144
945.6378521396709
172.37288719997196
80.69355801193706
30.712301489336824
1678.2269513766942
167.07874911067302
319.7818953991791
70.39479254186517
33.81941926023319
20.79939605119216
70.53560188673691
252.17679829740155
42.66417216636728
344.6518499023448
59.944991662905466
720.9181878381285
85.56733091145156
651.4544949789847
62.23632640790947
596.289149525624
38.62888861518377
3987.820897070217
566.3189855832086
6587.868011678138
2311.0562839724516
65.45559616852006
149.44105276294522
46.81271460363564
735.2264826452208
591.0769700334449
37.37185430179534
8.55666498524397
296.993933941485
21.03572363967578
23.389402645303562
5.399683827795343
55.196210489488294
5.280418960560382
25.013330673922155
14.722081719069593
74.67237561808133
1585.6369190182472
425.70681231340404
54.307269133122645
74.007868343253
3030.115813912147
423.4598335927385
804.8250658692054
111.1719862781647
97.06042115565924
47.726552500374964
47.368331861197476
48.598981088473465
1826.8342269174104
98.9288758557168
38.59796844566972
568.281609450878
54.663711329119906
643.3319402665857
74.05483904278663
1451.7552886599124
3004.518324639302
1112.6293254199036
17.630031895535467
142.1127572798432
619.9630604809599
84.47596797228653
368.216800222468
384.4615335609933
1614.9440072377574
1265.3427939079838
1755.707497309244
64.29364213601025
956.2531828138272
3.760462197803463
402.59509651712824
110.78331458338153
737.7918157111458
586.0482479455477
14.712477784941257
74.39069081770413
4129.041043393831
455.31217429631397
108.87131927385826
19.245452127398494
112.84943373311216
147.7383499399357
7.925158077358901
96.62090662147466
25.74948458707331
35.85144675320362
1823.7943731245182
1679.27690340751
44.59442103091169
367.2026192569592
27.388843530522536
2201.156338105051
103.966467313159
1295.8801548736612
2.6495691566997266
927.3267745924823
326.14458792960977
306.2667523238624
2174.0824181869066
3054.042931906696
98.40641121481802
393.11875977950103
9.348709860317058
27.307317221717426
20.41231399105243
37.20535417537883
80.31950328251958
517.5408087911096
95.93827807637558
93.40336697705288
93.39267302419398
112.74513128248941
18.19920381381553
424.82376929786733
56.96328562902727
87.417094087225
27.864735858655877
74.64974443119763
80.21285151292204
40.923816812648056
90.83614747005186
113.73947753579478
24.67645576741552
146.67137304646894
270.37694585327336
1046.744068530642
78.03108901404357
114.68807125825788
617.2525272290286
82.7160452299222
76.66607499477504
62.358971994528474
17.669326964036372
127.04569878739585
8.827434905652808
104.20462211981612
958.8057129576746
59.71304462510943
109.91969003629947
3.719537343305092
5.752266738037179
662.7623647241717
20.910699041480257
115.05849362072695
6.716642703058824
101.47316902418106
106.41750286700335
4.430170640693973
718.7450108435255
99.99672134208436
120.46792690658867
39.946459083629634
654.3487915639666
4.168992416317451
19.465747409190953
5.664227195217791
44.76796810051019
93.86835214670873
83.12014045024307
40.380188753397306
143.3698931079084
82.02427194221582
50.94542276111679
119.32662678250381
466.46029912028916
85.53702804832892
78.41384252503394
25.270496302506217
36.01509826128222
175.94325700426452
63.703441822439345
6.396453498326991
1104.6404192080981
290.05720073902376
73.83423217474592
4.02158932623297
20.260051683313577
71.05939464405219
696.0935144219593
1063.8718338841372
626.0593520585662
154.07070864546586
106.33841934454722
397.1596262218354
100.27718303392066
11.412976103872811
47.2945554953135
36.90213722180761
42.994571236056345
1392.1963061818371
197.21443645832687
1.728924215724419
2144.723998640373
3053.9674939534025
1455.6146449929747
46.84508586202061
3401.1313784539207
0.4011134724460135
252.03967712674466
3605.7066984125695
2114.3823457249855
13.607936748722189
826.1019337261448
28.78669455455588
893.7532891224948
137.058588280398
407.79847513596314
1398.7444796240088
1665.4252890659054
1405.4858508043408
2459.00612420802
16.634691972944893
1590.6547501074415
1115.5979289746665
222.9564457376282
654.9091625137089
231.05981044819146
288.2659980829203
563.650516301359
1148.3366532517098
118.05424608278236
339.28534682379336
793.5152476557535
114.40155573134734
695.2467777889519
123.65118093132105
6.841425279934356
653.3789194802052
9.517444926446842
1196.6374311788986
282.30286994751896
57.06973981911506
1177.454394168908
127.54243084325753
1353.7136863873493
46.205777796609254
35.15799883303953
84.70856687126798
632.7080229259263
155.80618969524667
79.88505503088754
1471.2947071558128
55.497610429335964
727.5101264155203
64.14825136637228
314.60173467237155
538.03374101086
122.36952254980179
31.283380553185907
53.109598229400945
74.14540537277435
557.6990675381994
47.84923879926646
45.900996485708674
77.08421545678175
102.97860792431311
86.58765103001224
91.5895663028723
1337.6943226443627
116.67854511890346
21.81174583703978
35.92459971526296
11.84635697923386
1806.9043009171846
483.848865798931
323.62832477098345
2817.979014126846
679.0993709651393
191.62353563462966
3.5772679113670165
2140.68286685991
239.9384557054982
1847.8490252608594
2227.4298279369486
2958.3088597939177
35.53327675362743
19.90184897659549
137.28565376988456
82.1009336334132
657.8999441221243
138.6784454363492
71.99474770614574
667.3593570566786
80.3493249423359
31.925752461667344
44.48403104792487
45.37985998995282
33.298787355699915
53.00189186951502
57.01022604315904
163.15927993091236
65.37167475876504
1340.7712553628648
641.9261796598876
1.590286488079073
52.13421043289236
105.19802443535627
68.02731249603767
95.77437173486578
50.963735467357765
136.88567577906088
272.0196683418826
132.5060646007305
92.67628974511445
101.93277191168272
50.02233992316087
1125.1721967313624
865.3934414111754
1234.4555810918098
26.738389515023982
431.01813943453567
187.5089430663868
55.10990638780163
14.57822595548987
9.06377955013022
438.7496041337472
4242.895564205319
52.46106277201872
491.76201480572536
2801.4818970783986
42.28287694026267
43.66339186154755
11.51811026534142
8.73158968529242
3481.445825630415
1141.698085691679
269.06319255950984
490.59576199090225
93.97256906809935
592.2954156075916
181.55884573496814
196.22684154291164
1400.963321221947
1402.8666894279918
3921.2408015668134
99.25485795266104
1007.413557973141
133.35548936850682
178.4821574946327
640.3808765970143
69.33009124539603
1697.690329527114
5.602654321624868
76.310493537816
1316.8586880295406
1027.883033967672
96.36020635896875
115.90304056599734
12.079337123646837
507.8216024528956
235.93035463524575
264.22726245530066
154.7675929209745
495.0916907216888
622.2569793795437
487.94365392292093
54.52888748941041
699.2312373695122
223.13786725534374
1181.5909510393285
58.75232192106159
30.462998947486994
111.9567911029244
40.03508712936673
79.19302110795434
176.4938236533635
82.39825180620937
504.01449169376974
15.273096440853422
1682.3192816990063
1.230373577819364
72.0801850061307
666.1790117145313
468.38730490604166
519.4813591957127
165.5988597926971
565.8402405735969
7.953813765095219
403.21115193924925
83.79158841531444
94.47897026414466
36.399906713922064
3897.698836285914
293.19827854990217
1601.8196365459617
1679.9757382943035
87.49420625227958
351.3750709950782
1677.4326652703567
7.244340077706511
1181.015046003041
2847.099447841862
1256.844215672897
2644.9714285530063
14.348240360557611
79.27218202458607
532.3688066912855
718.9776583868089
3853.2761223907323
1214.2065187451599
259.2892855442342
250.36849222079218
170.30047842452768
1622.196439598962
1244.505492106939
3968.1118960280473
534.9896666568347
1567.659002369017
767.0161041753142
532.487530081961
101.5884102491641
1186.9694656021475
3.117916713402792
4218.025995721501
1050.5614015705887
1906.0788521932677
105.95521569418906
1519.3511527512437
93.84863228035965
49.73024883607786
2276.563025529411
193.18975220888478
29.11029550907824
11.30471223438417
422.3843384913107
1253.847562858312
168.79826241199908
673.1430593550535
46.056699925774865
326.46242647038616
240.19737588255566
28.9000106573194
541.7181403689042
860.1595143350228
100.33253204133052
4.460103582414376
359.7592344396144
134.5075085892031
123.39780985798552
586.9860984790712
771.6071077338274
43.58392422983616
122.22867565208071
123.70969657588375
49.515489501925
119.32644085764696
504.6214268115273
892.312520018635
54.81368086099792
647.8156464997337
289.4414240264605
155.1945646876611
292.4726308340332
74.42595621796727
358.74504981318387
17.686757852141454
939.0264616766749
105.80445011215215
3684.8668240738643
1089.9555227215396
553.825678977726
316.93282775536863
1729.0110157016775
4080.675824274088
240.37060662427393
377.26279838781875
1535.7933061262897
229.06441608438126
1.4179382134734624
2175.25578048398
3050.2845145136507
2273.9448028887523
1738.334189786814
1784.5809320379667
542.476057112829
1602.375924126708
112.33818307217553
1440.1614376745747
559.5668128995362
544.757594838374
72.79872549913921
195.84703424984173
405.01125358259924
92.43960115591813
489.30109772714286
88.82350272034682
5425.622898340236
50.469978511548106
118.41722729052526
1.5901262245497492
1265.2844678462025
33.18472345211376
68.76719197170132
176.6702338067903
1405.4598114979285
1183.0943838614066
1779.8649290062694
1621.8685343250527
460.68421571444424
1140.764453931816
1126.0743341465995
2418.7929818385132
6.124502130217479
1352.1360976140295
238.46363911545177
182.4862434104698
37.00134198408341
376.62887818793024
167.9699817567116
88.70117310046044
624.1393681675236
137.30599977255358
34.44849176234973
1414.9538607584036
43.77669638337693
491.03066449964376
163.38498191729377
264.78347075344846
95.04892316071073
4472.575507888247
6.478409388557338
448.01096844445146
923.19915540288
882.5723707378784
92.57871811378186
1118.1437149122496
2712.891692817124
1305.667667010167
12.797413754728723
436.1902624539273
456.3712691316973
153.20480637778883
1909.6966938284131
2404.0496881369063
2817.427995684491
2247.160578154225
2489.2618885641687
201.63127776695
349.6210051377966
346.68868612752703
714.3695181080693
105.25083695431931
1618.6855184643491
182.9977806471852
54.52441560681655
1093.550030807357
120.05068174459848
140.9412756790016
2756.562484793496
1623.521954057289
35.46720417135839
152.79092305654012
73.34704536771824
24.244147424561987
82.99027115216529
3036.269676262991
210.66234867302683
237.62478378559763
4454.8368463112265
53.29502990572291
165.7514182280629
573.2045402271997
14.27769981194615
4.397924169295948
13.490811405161367
33.234493993055764
2066.373797916778
1131.3385478795922
172.83280983218037
3800.027597419552
1869.0468119624675
1593.2349000061724
1126.4996628516183
5277.52460544128
101.2233341766696
617.113940448753
1580.6881876596676
2338.569412113583
2222.479918322658
34.3266191106577
24.91292735004754
39.79070381181555
68.45643793771524
22.578161928871168
1166.2014978004481
8.86713200749
532.2827933224785
116.79779441550727
40.56971572956854
1894.516409069718
106.1979496809945
8.304975142157673
94.39522467320239
3275.039247885721
11.542203528534515
1631.6714348548321
812.9264760563619
24.11237967504303
6187.066396013161
658.9311944005904
738.6529499514163
577.6492642337744
3015.952957081811
49.58222791747721
3.8081232966933385
496.67460243366986
33.51057625989506
1431.755661234496
48.18359276101546
1234.085052094029
76.62434856716709
105.176554516946
96.11551838136211
4.165952005242161
27.451510169953963
69.835433090494
80.01731522558566
974.504617632781
4705.26698894967
271.56314132442094
543.6754800947135
654.4279183070187
132.31509804697407
6607.506383678331
84.12237790507425
51.23099089206786
2152.536841554528
4454.7577609087575
338.7210707592403
2198.5762895280486
0.6328166709008656
256.2284833552035
205.13490724648727
1497.3320076722775
934.1873651972237
90.18988928579711
19.95326532096624
2805.7007456550373
109.10538814635947
1178.4459437758032
33.93090184122639
98.84829939996644
560.8640330343537
3248.8720968461757
33.74106243141978
177.9253405985446
256.60048378140436
221.5323398558403
1812.4882457628464
2063.5625100607367
702.7002774630614
420.7378092409476
141.88615466208785
257.50439426496405
2844.6977367502395
2622.608305182953
69.96314729191545
106.43315639150569
2024.022821559392
378.760014754459
362.64462025494186
267.04900105454135
358.6395138753164
247.2290475251939
313.32909862995666
1268.4160064690986
924.9706410294257
924.8110731177094
1497.1455660707825
56.80688649980948
64.87041016949115
45.78727327446995
3303.7820674890477
434.15783922956416
2315.7055779238544
385.7404750701626
1997.5889875794826
2257.1228449002565
1008.9961916323764
4014.90131879006
65.71928459143965
139.15879239105698
359.83502911618916
1759.771204065633
260.110445820751
3.650790014435188
3312.2871782828597
297.59139890998813
233.8375193067069
1247.426098035569
263.35245375440354
3605.635631660371
3357.9705548071915
103.68669303144634
1804.8140774055046
619.26664937837
154.51280362758735
420.08989164973354
34.07237026027542
120.07373151962202
