**** Histogram ****
(1, 48.96393320504066)
(2, 17.633620957228878)
(3, 4.1839965236824135)
(4, 3.1696567136383385)
(5, 2.8096095350425228)
(6, 2.8307157489602086)
(7, 2.9312806505680054)
(8, 2.6929045874976723)
(9, 2.2956111490471165)
(10, 1.904525420572351)
(11, 1.4116332484946303)
(12, 1.1111800856663978)
(13, 0.9373642063442796)
(14, 0.8864609845428022)
(15, 0.7796883729592153)
(16, 0.6468433794773109)
(17, 0.5649016077968837)
(18, 0.5139983859954063)
(19, 0.4221242783537153)
(20, 0.3451486746539202)
(21, 0.30045316282823264)
(22, 0.27065615494444095)
(23, 0.18623129927369794)
(24, 0.18250667328822398)
(25, 0.19616363523496183)
(26, 0.17878204730275002)
(27, 0.13532807747222048)
(28, 0.12539574151095662)
(29, 0.1340865354770625)
(30, 0.12042957353032467)
(31, 0.11049723756906078)
(32, 0.11546340554969273)
(33, 0.08690793966105903)
(34, 0.07573406170463716)
(35, 0.07325097771432118)
(36, 0.06331864175305729)
(37, 0.04717859581600348)
(38, 0.05586938978210938)
(39, 0.04097088584021354)
(40, 0.04097088584021354)
(41, 0.04221242783537153)
(42, 0.03848780184989757)
(43, 0.024830839903159724)
(44, 0.02607238189831771)
(45, 0.022347755912843752)
(46, 0.021106213917685766)
(47, 0.031038549878949658)
(48, 0.027313923893475697)
(49, 0.014898503941895836)
(50, 0.17629896331243405)
(51, 0)
