MINE/large_30
(1, 63.25530756668481)
(2, 10.315732172019597)
(3, 5.661404463799673)
(4, 5.307566684812194)
(5, 2.885138813282526)
(6, 2.2046815459989113)
(7, 1.6603157321720197)
(8, 1.5242242787152966)
(9, 1.0342950462710943)
(10, 0.7621121393576483)
(11, 0.7076755579749592)
(12, 0.6804572672836147)
(13, 0.24496461622210125)
(14, 0.29940119760479045)
(15, 0.4899292324442025)
(16, 0.40827436037016873)
(17, 0.3538377789874796)
(18, 0.24496461622210125)
(19, 0.29940119760479045)
(20, 1.6603157321720197)
(21, 0)
