MINE/large_100
(1, 66.59755416226953)
(2, 7.353653237320752)
(3, 5.640325284002731)
(4, 5.624185238065678)
(5, 4.200136569619468)
(6, 2.522813334161028)
(7, 1.8238251908870815)
(8, 1.4265317524365262)
(9, 1.07889999379229)
(10, 0.7672729530076355)
(11, 0.5711093177726736)
(12, 0.3687379725619219)
(13, 0.3749456825377118)
(14, 0.2607238189831771)
(15, 0.2545161090073872)
(16, 0.2259606431187535)
(17, 0.1626420013656962)
(18, 0.1365696194673785)
(19, 0.10304798559811286)
(20, 0.5065491340244583)
(21, 0)
