MINE/large_100
(1, 66.45804762498442)
(2, 7.384366039147238)
(3, 5.663882308939034)
(4, 5.647674853509538)
(5, 4.217678593691559)
(6, 2.533349956364543)
(7, 1.8314424635332252)
(8, 1.4324897144994388)
(9, 1.083406059094876)
(10, 0.7704774965714998)
(11, 0.5734945767360679)
(12, 0.3702780201969829)
(13, 0.3765116569006358)
(14, 0.26181274155342227)
(15, 0.25557910484976937)
(16, 0.22690437601296598)
(17, 0.16332128163570628)
(18, 0.13714000748036406)
(19, 0.10347836928063833)
(20, 0.5086647550180776)
(21, 0)
