**** Histogram ****
(1, 63.124829281617046)
(2, 10.352362742420103)
(3, 5.681507784758263)
(4, 5.326413548210871)
(5, 2.895383774924884)
(6, 2.2125102431029773)
(7, 1.6662114176454519)
(8, 1.5296367112810707)
(9, 1.0379677683692978)
(10, 0.7648183556405354)
(11, 0.7101884730947828)
(12, 0.6828735318219066)
(13, 0.24583447145588638)
(14, 0.3004643540016389)
(15, 0.49166894291177277)
(16, 0.409724119093144)
(17, 0.3550942365473914)
(18, 0.24583447145588638)
(19, 0.3004643540016389)
(20, 0.24583447145588638)
(21, 0.16388964763725758)
(22, 0.08194482381862879)
(23, 0.24583447145588638)
(24, 0.13657470636438132)
(25, 0.7921332969134116)
(26, 0)
