**** Histogram ****
(1, 42.923244420250406)
(2, 20.332063146434404)
(3, 6.396298312465977)
(4, 3.91943385955362)
(5, 2.885138813282526)
(6, 2.7762656505171472)
(7, 3.211758301578661)
(8, 2.095808383233533)
(9, 1.5242242787152966)
(10, 1.3609145345672293)
(11, 1.2520413718018508)
(12, 0.9526401741970605)
(13, 0.979858464888405)
(14, 0.6804572672836147)
(15, 0.7348938486663037)
(16, 0.7893304300489928)
(17, 0.5988023952095809)
(18, 0.43549265106151336)
(19, 0.5443658138268916)
(20, 0.21774632553075668)
(21, 0.24496461622210125)
(22, 0.46271094175285793)
(23, 0.46271094175285793)
(24, 0.21774632553075668)
(25, 0.19052803483941208)
(26, 0.05443658138268917)
(27, 0.1360914534567229)
(28, 0.16330974414806748)
(29, 0.32661948829613496)
(30, 0.16330974414806748)
(31, 0.29940119760479045)
(32, 0.10887316276537834)
(33, 0.08165487207403374)
(34, 0.2721829069134458)
(35, 0.16330974414806748)
(36, 0.08165487207403374)
(37, 0.16330974414806748)
(38, 0.1360914534567229)
(39, 0.1360914534567229)
(40, 0.10887316276537834)
(41, 0.08165487207403374)
(42, 0.08165487207403374)
(43, 0.08165487207403374)
(44, 0.0)
(45, 0.21774632553075668)
(46, 0.027218290691344585)
(47, 0.08165487207403374)
(48, 0.05443658138268917)
(49, 0.027218290691344585)
(50, 0.7621121393576483)
(51, 0)
