50.65945558983916
45.21691552461917
59.472223783223626
27.895983909402503
7.663786037218188
35.136403280720515
33.30777825041923
32.080605464372184
12.915115438570865
36.95015436697713
44.9403271142487
31.91434529493199
53.42957659536546
54.55910746491236
43.41836969050655
26.99099221060351
33.50881876977655
14.245954889949644
30.020527885040792
22.361372401966037
46.93021129142244
40.45791797247648
24.307171936940904
27.00003865179042
28.00320872080465
26.634536714067508
38.34821072158411
32.568564842982596
59.45290557910084
40.59952324793812
41.071802163241955
48.96109310936117
5.007679964295676
38.78705116197307
31.39426208367331
33.31611775136844
19.963335486298092
12.457001279051838
51.350229686753664
36.135457713035066
44.721677608678874
44.265245673043864
38.69821057633817
20.27683867808628
57.735651859329664
29.032378516112658
28.645009670843137
64.44190655338116
22.67879547535813
50.987340311043226
30.763220101669503
36.846736904175486
31.313777444484003
55.29458525877271
46.940838340715345
26.127715722526773
36.65688720988328
34.72324989061235
45.46206204363625
35.66166023695769
42.27770204875924
38.33726359214447
24.00475996435091
63.54144113053246
22.11432171116644
60.61081618544222
12.225847868098299
20.342846390180966
23.194856145406447
34.368778937308434
64.02367067579735
12.68046681717442
26.740132688786616
36.83225438824138
70.99452658828068
28.444609991669495
15.61738963852622
22.85272587023792
22.028854774918727
20.90283852699031
42.603128163192196
18.743923051244565
23.210065760464204
5.1583597693152115
64.91950411663765
20.038738161105357
27.249056148479212
9.858341616296457
64.4660050401726
59.81919076341728
64.9482018773324
69.60923484528757
23.38089545510593
15.654547760631388
24.955091298901266
19.4786479008244
13.754488281755584
26.395020142095973
51.26940605843379
56.32084584388258
51.88253552233982
62.97998256976439
34.75780332894283
14.956933889348875
57.70123359289346
33.99836482896899
51.89481395787743
60.29715120971741
54.498186780361266
55.839653876963894
64.25525577991539
53.41690765801468
17.001672435460932
64.03726435938643
34.395710016391604
21.073439507841613
12.092917246080106
2.5046467571319226
25.6210806541676
44.986371829774725
39.82603664692306
60.449131131089416
65.15844759565243
28.19639176860801
20.3303015252568
15.596852959923126
15.56247080375033
22.53379559653331
35.34750692990929
32.91157019796992
19.43993129734372
25.179031251078413
61.333037221958875
30.892155668292162
51.85995152429791
46.11873262535801
19.105972587432916
20.513254625133868
27.56801910819604
49.32702210126536
25.568420448292727
9.216328687279656
28.23645324689869
52.64854601480056
40.714390522496615
19.09083736993989
16.77370976492284
30.984141572543194
66.31122919196196
46.83125375361942
26.990172454144158
21.590906516566065
56.77560059955704
41.43245980295342
26.724599939177097
32.99476898736248
28.483227998482107
45.8359927013571
14.51296993755841
28.177051940479032
59.02206781591849
25.3854657967604
70.38619933640985
61.37094050088308
22.41969574329778
13.726560427643562
16.93791054653957
17.628569122376575
57.70104850291045
29.14878606268394
42.07447765597499
29.686452315565475
54.578914261166574
57.9036574772872
26.57244083468686
29.11517946654385
20.02169968263479
26.603329708759702
59.71721796743441
28.31529915574538
27.273862383048254
51.17198268820721
24.620561760721102
18.075552335289103
15.136690167799316
26.697145917081798
54.13321374449151
33.060504546188895
27.128067513360293
24.147442160672654
18.14016879951305
46.69691072764181
51.09889527964333
33.26696536247255
57.835802915056775
27.169954792545468
20.464028889975452
10.724219517109304
27.29570003594563
28.480047024797386
29.510531755935517
13.669212659740879
27.88077367124788
22.762922289864946
42.39312212043478
16.671688249278304
18.791716537671164
23.565932154175243
105.54269112289239
19.04993288373589
15.173868518313611
19.967113570350193
19.587052821110774
21.99399341669232
62.38329621129378
52.533695076835045
17.17230175728946
24.071006562054208
13.38929997199648
32.914881083770524
30.43996968209558
15.154798849183862
29.92839024480054
45.62673381799323
45.24590617081503
85.69405651147008
64.33133707039542
42.41132612610181
45.84615464640683
8.168293386161395
25.594128752301913
15.58537777586389
22.319694473100753
25.405038658698686
10.174825023745143
72.33214067519633
31.22015565976716
25.104103187621263
58.01297904827186
68.17290740217061
48.15927456283055
58.39018993608124
25.467403811273925
31.618652741551614
67.13635852851303
39.56531084581388
29.10784780002814
75.03506441229797
26.89160160059555
36.596605380938854
29.449147969355636
30.317918649946478
26.515696752445365
28.420285779609912
64.50388414264444
29.3515134922809
34.78995329081317
53.291165345416175
59.77860448134243
61.26507444387062
68.98604030653587
41.219521262698436
28.622560823908316
43.722484355084816
46.9125907289108
62.11029926393803
68.7213017496415
75.55575468249845
60.44685361417123
70.24541988210512
70.73812337020081
27.907545928403124
43.266181808224246
65.5140844532134
38.05535172152031
24.55417328726071
39.25115489981545
25.34110821444301
25.556553480082584
32.61762925814037
68.0085355586616
68.62480103937196
67.43637958783802
57.35165231474275
48.79760280589471
11.237949196713089
32.60383431433365
30.76789076876412
30.744608729697575
28.076745098067477
71.76723047801897
58.32749971579506
18.83161249270779
53.77928199138114
60.761413150850785
30.931338702415815
28.241508230901673
28.980359445529757
41.961619434183376
36.244216158116615
26.944230584122124
78.2703109703616
60.45843499279363
51.21219535275122
45.46995305206873
18.537784759228828
27.59194367542159
19.79707847366069
20.31972579479327
28.748427968405053
104.04987254695607
66.07292188082852
79.57331298944939
83.6563075007723
23.683053976317296
24.7982804382209
19.187498341044375
28.2912538058863
28.297264993202134
22.962434918112194
27.505011605229356
25.791851460980524
81.71929843751332
23.9670288142172
34.57761032950475
20.315518596908987
75.01758601581105
23.94885831330521
25.795296947319912
28.603273998593068
28.616896734796683
22.008522741380148
81.29614881879206
71.41014101994506
30.315845496234942
25.789342567289168
106.0178399649617
69.70667036246914
24.377366907639043
19.493595243506206
26.888713773599193
21.39146757852359
21.656426764120624
31.709969703748357
118.51234062924095
32.67564421748648
25.121111788688722
20.080869221825196
25.315364614329155
122.03279491947251
80.0515028277041
21.714708049561523
45.93621116266786
125.28240428907702
25.98634017290351
19.354325205860732
26.158945168082937
37.32788286271625
84.30861988907418
88.51059185846043
101.02566195137479
23.373751363451447
22.595821951732432
20.32852232865116
42.83509764669543
99.38841055768262
30.035311457520947
18.207012522700097
28.08422001719191
28.162082534799993
82.9339338804457
147.20050315855042
24.059558871966146
17.7217470835094
27.411169007591525
25.961469314781425
21.62376949083773
33.91351542267421
120.00082927776111
69.52765275203274
25.95772134510844
24.761887923632457
20.608234201139567
59.971681269418696
95.58057514711527
32.38947105008265
17.84070574384168
25.578454313214024
28.61301256489969
93.94109378484245
111.0304074648011
76.6563617994907
30.67775964860266
23.532018964291638
121.6089833010974
36.087938220711294
21.415766251935565
24.07959210123954
45.09918424415628
102.29703736798729
90.78180178161892
9.81987132809445
8.173170484596596
17.06976980975878
18.387818827160572
18.868482309452475
20.544504077017564
15.46285984936776
21.433822956866152
23.866165555393763
61.17201529844169
75.27640799409482
42.27418057797763
18.017113330191023
13.451570733433982
20.69454664908244
26.851951426421692
26.3051529475797
56.81661940402273
50.2019412326772
68.32462405377237
61.20471038925325
26.495641891094238
26.07805620036379
46.55833129251687
73.84833957459978
23.18523300918605
29.373307038280473
67.24517802934042
28.39068974323345
68.69247679125056
27.45040520188013
29.879877527004282
20.200937885874737
17.58963821641737
21.24256213251647
19.577929845143444
45.801390831745266
72.27793364470108
29.0462388337819
49.934495214712115
22.527025590623452
18.850114255339577
6.384799815985389
11.406960112532033
19.077455803353587
18.6367601975071
6.82501935493201
10.676239922249806
10.38078871063226
14.272116185975392
22.773136647301726
62.62016190890063
42.244984020961056
25.587298781894788
20.828922934677394
17.049573230226088
20.175022265328153
35.88232904254073
58.42630317446492
23.542697525805124
16.93475912323356
8.671857643110343
29.427910248804437
29.434218005804723
33.41572119837292
27.83641617561807
34.24367481185618
25.767583367227417
19.89935655708541
30.246016438355582
8.18165267375116
29.941832149895163
12.876713030009341
18.27016580983218
10.18875405865947
56.77505347515398
17.85903503982263
27.54532849427892
30.802451258786732
31.511373308127986
2.7309036201916115
40.44805938167485
14.375916847470307
66.4586073813939
19.673411402707643
21.801605978647785
51.43983212409239
34.267835426176134
17.809391762772066
27.18391829060056
22.625948743792833
23.469228512320115
72.09382999284935
50.49987514495251
11.07212429003539
44.53369522201638
26.756444101914894
30.362423960141314
20.04182527395824
32.97007121245588
29.799814677842733
13.330149841116508
30.86611652333613
26.669944882618665
24.790126529364215
41.64261878745833
29.744816772343256
23.82565163830077
30.71613546966728
24.369089912128402
33.82899906932107
24.22950546921129
17.636396800341572
4.221694698539068
20.599188280490125
130.5116402865576
23.49453447373162
20.497852261009257
15.280975445535432
26.300403393940087
10.98814623842054
20.552613448006923
5.743076312846824
114.86180737449104
23.92215268169275
25.457979355463067
17.191408420632797
19.252987120424223
24.699102970868807
110.0389422942967
30.61355720470874
25.87427890807703
14.701232120942223
20.29186325329647
20.74346579745361
22.255598195758466
22.96726087848765
21.119589629110123
18.49706932342997
18.66218910020598
21.877919238670074
21.144145054887304
23.02673499392222
12.558254914289137
22.831528229797186
24.717614821181996
8.945277912789606
24.223325303042657
16.311419487296007
24.459611673404652
169.57817696197253
27.59669245544137
20.94124279196876
16.555962864029425
17.39365161665046
23.74167062046763
138.0696351679535
112.57862151219342
143.81196456404268
24.77896504553246
12.507486495202102
23.45075725405877
18.87425605226781
11.156147910967775
27.611219419000918
11.175103153322198
21.17692730505769
18.08693285812842
16.811723037053525
17.363891429498835
22.448360902650165
7.369760790021246
22.737228091304132
155.22001474463286
27.086617118246068
13.460275107903726
18.235259274089913
19.10099602075934
18.426054107607342
19.100870797828975
21.971728829710628
21.035258684820292
6.671201743432903
12.36168113025633
39.71209273192471
45.61297021970677
28.82652546756833
20.274941271449734
22.290897609977037
21.586218659685528
69.99654820113619
17.06072107705404
24.577018899940413
18.818230389488235
21.08783772546667
23.383349511568667
30.99908067004435
94.25923751272967
3.0194486530253926
24.8356080616868
26.0102914062536
13.636902047648618
28.70364609911485
25.74614723326158
16.199503128722426
20.453739620385022
30.61507164903719
25.636306122618407
26.125280080421362
15.601661338872873
23.479244379337615
30.403123126332503
25.21068432568245
24.84877478712133
24.0495621621003
70.06543712385928
29.367337938630044
24.341974196407136
26.854373890701027
28.439658986523682
22.21223675084002
23.670725772204605
29.036088363474846
31.111644002554385
26.052888990607244
26.43094971462051
119.15945063932759
24.43683021754441
24.119116291734827
22.916923047207092
25.27553457907925
79.52450739268534
27.867044483777136
28.158675921229587
31.88688465688756
27.146241505128273
28.416713617141795
21.562972507275845
27.46608877473045
64.2896469608786
26.399228698577645
27.528277255063585
21.442457587872923
22.39229163091386
4.98581188893786
5.521074817899716
11.361612445894366
17.349489195763567
10.240841179934705
4.558387921679241
22.69395322321634
37.65011518454685
9.938562013050614
21.462724310446674
23.316675504784143
22.889302910456536
26.161850853441138
102.79038915667115
24.86233667585475
74.33203229579931
49.644050014539516
13.724147996792453
19.524674104355654
20.594411700569708
24.596623548517528
31.43656527341227
13.070871695750611
26.814567278370305
45.827556479769555
2.308680434300186
25.746507023351114
21.917726455037155
57.17136301549749
15.858925449676462
24.943801293502474
100.55728293316588
71.33185380955956
15.566524831830066
24.224539028730447
30.10027966385684
28.66862449571977
39.51857531127382
24.680841783836968
25.86633771725451
27.513230917708597
36.6217626959542
30.69507042203668
37.61944430285257
25.530193264297395
29.09022599313994
26.958744128734907
21.21440238132891
32.065237977586094
24.144436575849795
37.57230137603983
34.51630620969718
17.28145813687297
30.888095759324642
19.36447317461534
32.38821864647889
23.22673554487028
31.621764850123327
28.91250565304108
16.124350235289967
39.80938877685821
35.670777367142364
32.053965411168065
28.58850826617163
32.10881769539992
22.401475373710127
20.318594379234128
28.567284332755662
95.64957107401233
111.19933504844357
16.81755068669554
11.923285264663718
41.38595599508699
47.96746085453833
22.003428453470406
29.529272834963194
25.24205064751186
28.806137360930734
18.27289182215827
21.030342842176992
25.1021736652026
21.49476599758441
22.449145068332655
31.484470472778185
20.00119639234481
24.376686569699814
44.630809710252834
76.95105838748259
16.50644542054215
58.30566994243418
7.273631628139356
49.648503561827056
6.96932599120737
5.271794859508191
8.677382053083193
77.92557282092378
29.277444202366496
15.478973082512312
58.23049480679492
18.122503674359905
36.57242598036282
24.712804949276688
17.16267417185361
31.143894677266417
29.87759177535372
30.489072360798673
9.567184315616942
6.023619341052836
82.50511641992125
30.876479969630736
24.466806639615697
30.709322737913908
50.5138101970731
23.155062667558013
68.6078068727802
13.775095203194724
25.184665328502888
44.181516340349845
24.816251668773063
29.409627818916647
21.880116586861277
27.26260883560326
16.0649994615801
25.505307305738825
29.31367355258999
20.312831948850544
22.1240944178644
22.856772526267378
13.732775884217517
26.774171237698283
2.4646144373364223
181.65717237698118
25.5827764585174
127.03365005752948
26.653685567715
17.99694598800488
22.94292688031055
24.252349648741074
44.03581421672061
18.14780827588038
27.245771219950257
21.47168693693311
16.512782876365236
20.462062222162785
18.739484873985475
20.038668751496516
11.061483990538363
30.849185473363832
32.43407697706971
1.1417725861119834
27.865174953168435
86.75040295230701
28.13322758345248
29.87924669221138
21.885646692368027
28.289922918167576
36.04534857892486
15.10933738737458
2.2642818587501097
24.460265770137084
33.17828950333842
54.69098942235178
25.61651891933616
102.50830457749271
18.991355155734254
37.959474673019486
66.72055372270006
10.600886702918615
24.241868048040487
13.361901080133975
75.19271993527423
28.303303741105992
37.25144747227978
31.23468152976875
23.996675934482482
31.96414312212073
77.61848854082382
5.939245824295604
14.783658404171547
25.16706732251896
20.311406612695237
3.3970803234824416
19.828535459840168
70.96772845077976
60.328498906405
51.42963287528937
30.828158358221117
2.9949187662959957
31.15094803030297
49.48756508984661
26.61241373714074
25.123281790624787
45.21117908065207
68.8167401879291
31.752178258441575
39.787737248165286
7.345217089255584
43.76244950710907
23.366039971959253
31.732487733459493
83.20257686602599
46.276559199127405
41.96007008482684
0.6234656311353319
27.23257315954288
65.46815864434393
53.32229421825832
3.500792794258814
13.641858866579241
27.831950012356174
41.982970366136215
9.08693262228553
30.868729646739666
5.589748166412491
29.89184961514775
40.25399637393298
23.955667852351326
32.9907488054926
27.40457788211461
24.248216326241163
30.363084571690706
20.756155476338137
31.589494516877153
86.99329970193469
10.408758661859338
15.476988262607847
35.24810631960054
37.998658362282185
43.49960054942039
14.358229522968031
41.68861964257849
26.56383550989085
99.2089175452029
67.4961494314216
28.357378089892336
24.509259675215617
8.727223537987811
12.842725170510676
33.83453003611339
19.3914044128328
8.603301199102134
36.68054921602197
10.701919690975501
34.78952952057989
73.47671835963638
22.106650093797725
28.378403543054446
56.675832916579566
34.58680258100503
119.26526526074485
49.53515993705878
69.00961639048091
42.06649303122185
24.088735875540806
30.20732023468281
13.29844772469255
43.776721284090286
52.53047764916141
35.37281069987068
19.02329708580919
8.676155041165657
23.6272622781039
45.83762637941027
53.81077067188653
10.405841116722968
22.706857002386187
59.833025992399826
47.44731196098655
32.80944305006551
27.038146553945808
55.65921508611109
57.278260589076126
50.69639720498799
22.267646219299422
7.54255524652126
33.02582976829399
62.546754414078805
20.246447592095137
50.274182784502045
57.26838030900353
30.130753066945545
25.60194693757876
11.622880311086192
27.330832558822294
34.7298575785062
10.036012892875078
53.64126553997539
55.12976037998578
3.6993669844741817
29.08299403579076
10.211596149574689
40.200957353306876
49.46825531217655
11.260859079195143
38.10577656579608
54.27576721731566
26.46763614520023
11.809970367879941
13.388106680195051
19.458650337437575
52.42085425201731
49.2042880257859
32.977772481066495
5.15924302422718
21.115753434911312
59.10920941378572
17.75196985610637
6.462000569132215
23.39684294296967
36.839756382090854
44.06862528768215
43.70806827249726
54.210575480017724
29.3920842507614
19.565587621233135
25.43707350249315
50.18604686310937
56.56779665467184
20.85912638312584
25.704924770581783
19.045768730960845
25.568880404786796
15.233858675643205
56.0671790222641
30.662156114543905
14.689942116314342
10.521817595956236
22.273654473730858
26.248090840348596
26.564054438043968
25.909940605124575
32.142490581419224
34.752563443975305
37.897809228532424
20.707301015521807
32.67607116303225
24.508867072683643
32.06620412806387
49.82952885971645
33.05616367762195
31.687898786203732
38.46204954792756
23.461717358458372
38.20389248658694
17.059342150389966
22.20148170196626
23.327195350228067
35.40145726942501
14.480610667440487
33.963505463780166
44.345607500239566
24.87183759903928
29.04636894414216
23.77462163259952
26.289491863865805
29.729410882197044
31.952440740446036
57.161531144506625
34.85876446543625
42.22511400841046
29.078291147192544
49.20641643886438
36.646089212785455
12.593151321857476
47.01929185573681
34.75950961107992
11.690381759432057
9.806704527238253
18.00665876205312
33.63733718992353
45.04406369625667
37.67714633796186
38.82186843780801
23.234953081616368
27.59931449160763
20.251473267038833
29.684660388235216
31.461428412293913
10.997287664650912
33.69559643590958
33.05720530827102
14.089504944753116
47.358052813312355
31.622552427553046
23.52719000660545
37.77463317579496
7.022305256818015
26.327435245782908
30.140389769870126
11.300419973736098
9.463279898778637
64.48748969861579
31.65753430724226
10.811664489542409
29.82207212867229
27.05088315771286
15.543408922593926
47.06721899386912
51.736526400643925
32.790104110955326
23.590379639867933
21.42977262126078
28.62485708901795
29.558886647427244
21.41897983032686
2.886150092457683
20.8779108165254
20.26873988740408
101.66529482902752
18.93944820527031
39.4681295184655
6.523734127826174
25.67010021855367
24.94482178807266
77.88213954393177
92.38685630580585
26.616323801917133
17.561031946239382
24.495136231205834
23.950358665912063
87.11675669229771
20.31268550373659
50.60887824745157
23.271546137826135
23.922431247339773
58.63935658610717
27.047829813882345
6.03212425833226
21.726691654759634
22.810264732272117
11.257985716631083
13.915756197468
59.633521434770955
52.63547000143353
9.588699844023722
40.30043130189051
27.464609769355775
7.084979836919956
20.171006599161046
24.254456470678633
49.596783782001694
30.30971531747491
26.674551663733155
9.939471872159857
81.28198621081822
37.27438792741032
34.54836375337436
34.1384233094459
24.505047827968156
20.472033604202807
10.30941714272467
22.429806179821753
28.50517750937979
20.50391837286952
15.797316008492999
34.09443442112979
26.773286931339044
21.157878900714422
20.991739443621555
20.640346865617175
51.25476653205169
96.46430965409672
11.571244318194658
10.992536851717887
28.332860482205433
22.458340740527035
76.95905373032406
22.9642265379307
13.276729981227618
91.89356419227897
70.5619725876441
60.165868778319236
19.256107435902777
18.442091446434006
22.491386300260274
26.62586995034053
85.27945467387417
52.16651975346758
115.77985406696916
26.274276391053718
8.41402089242547
22.7576731629415
24.318728815405848
41.06315036081651
34.30381165178915
89.54837103246336
52.88380304965722
25.88552988873198
21.653887491022033
20.025026769735973
39.47716807626762
29.082023271622802
14.885549525240549
22.550696520821475
21.468478092082933
9.58935845383553
33.41170949183197
2.9292890189231002
72.15421237550845
16.385313642866095
36.65852583406104
202.98544226266858
124.15200072949665
15.23184591183417
67.50217156804501
68.255551376943
23.823981097053547
27.701842353386382
26.620026278906153
26.77870917682776
20.171534500597772
24.049905339476936
30.154790424938255
120.84675347114353
26.99488763291083
24.921130871873515
14.858147751028127
43.10847078707718
89.54015607280644
17.8323507648538
65.87399903781056
175.65639946926967
29.37728840152431
22.69021229941609
23.836215738263036
34.23524443092265
53.077239978354555
28.591051241798596
29.03071839099357
52.51993288641279
24.294878039312607
14.601338668964672
58.59730663566097
8.774016680499699
19.146390922276623
25.640565850331768
31.902068418930867
28.215754677017685
64.00842349758477
112.47841199907634
27.40359340782652
22.61515781077651
36.85290470430846
56.13354601868559
5.016065719664766
3.157910545980485
74.39395703156697
15.0959791430505
31.096069656130567
31.153266577417526
44.825250828687786
21.686864312192853
24.635768317765155
18.083188591103067
5.803288954320806
17.47965645530286
22.042662592228453
10.135410111312467
127.64716259455349
123.69738390697921
20.73295256954725
37.709758791528884
21.618199517210314
24.245243462532017
84.22870701328429
147.4994176820137
50.5953323596309
60.75039289862207
68.6597339492996
19.879099602263523
12.457005461590597
40.56498257572275
26.33790003430113
4.43073620904579
29.093340623023323
42.807575863584134
1.7028292827926634
61.42438542894524
57.896843176939
7.787055783439428
24.550167062971013
24.906074359376362
24.155899676184905
26.852402907908754
7.754418226761572
31.31294224225985
25.4538470491334
26.510574712423477
27.300073760250143
29.783655915792224
18.55076290024499
28.518122419445717
21.898477016717152
18.616793938847877
26.627119905067957
27.680631718909353
23.1446532558939
25.81866292286577
81.87831879078385
17.69676644034189
46.09735915938745
43.41014319942951
10.952934051241755
23.943870926692398
21.710991504185586
71.51503413457522
21.703573549715657
16.46714359570251
26.36805474218636
7.211117040646059
20.133576029074902
18.155194125440175
57.1123680759174
29.663658669800498
35.119828949898874
20.76970538466412
58.28778153894575
27.450802761943805
22.549161127335992
94.86403641869538
33.81946455174898
4.868749257750096
10.665841172947694
88.46815106240956
94.21069934554907
27.963173274793007
12.180924120422787
27.09634516011829
24.28551938891087
19.888369443591728
33.20980693666843
21.204999233666967
28.111368130404117
24.13826199604955
23.669206636433955
28.173651909068212
22.86838239761164
52.44176992201574
103.94282345925876
79.53056488977381
50.276093136140844
104.27487142246355
18.634097971898882
19.358922020182945
42.102172257868006
27.52139804219405
65.19163903273147
54.42764199179328
53.7903287734116
1.4879209628015815
27.013626980078698
0.2125369366567611
28.504872684889733
31.599043487103245
24.743798893564644
95.73435838367914
22.115221282616858
15.860256939371993
24.272858413269205
60.41876273470825
21.30372450779305
28.734404630742574
73.79091267155945
12.902419872051723
11.475566893003815
69.84505999397334
21.93834639272245
7.511127391118862
12.026927173879812
15.00590519002435
17.45149423287603
16.252583498175227
8.229869261256681
18.381845084015367
10.759117318674726
6.722052149708361
24.76115424900854
76.01358406133295
29.615845725562394
24.7285156828475
158.94248386474828
53.99967628680798
29.09544268848299
31.2722511847478
15.534651412080393
14.707871888540694
25.234967874088852
41.943449341934866
79.89153595999824
58.54561506308664
10.097471872542883
25.630937427851677
21.30114004835741
26.433228766440152
20.713641232491682
44.783761283786134
23.383040120386795
13.657507754992366
21.87690692423712
57.80424225531442
194.93386436512446
80.31679991620422
26.19333953275509
23.26061854126783
24.336319786914828
27.425925584336255
24.504743946887174
19.20459668888543
46.61560077570721
24.687458226011586
20.33186969821145
102.05009806675662
63.437597546134384
33.536308532812654
19.473612368421527
24.387919995280754
24.04875325854664
18.31832710521121
19.00336651246471
125.49890664638042
16.23668272415307
27.135486915589354
18.688864852669212
58.809683708577495
30.532534492802824
14.46570464247452
26.67110684506042
18.571400117660232
22.964406310235063
77.49739192898596
5.08390714401321
57.08467132385613
35.83640256550552
54.54710857462578
6.415183150668781
38.5465984370403
47.66441264119567
23.95560787717659
35.942507961667616
18.189385495817987
29.016620809075903
21.093176935677548
40.53776922921497
33.8372456031575
23.365100347778935
17.173181159592787
134.1676699761938
19.913145475948113
56.58630753584839
50.548832533273526
22.834689795593874
19.281229067677543
38.163394957150274
23.926717284905862
21.43067776323096
27.079531915346024
45.86485197618185
15.861248725161204
45.290484199749926
5.428036498095935
7.790586637261185
28.092760753134826
7.086480101773304
2.5724074740073775
13.313661133611276
32.95925491514981
87.18628511756833
57.17396838662944
39.925904024700685
35.70377034542889
25.601129540422335
53.951757081824326
34.165747450995696
18.097209411069343
17.578703021401452
40.84827340055017
12.392257110310311
23.42632761425193
44.107912947047225
13.77930831746562
9.446855382744616
54.77072465113088
122.43511683082033
106.11284225023155
25.00653233956291
25.27566617694447
23.80031229430824
15.866430550968289
25.47302320590643
23.18885158573721
106.14110081725266
35.11623116740884
27.351729461413925
23.74564747580007
35.1211046917324
12.744052240098995
15.740324993487434
24.674375570400798
22.63448980703015
38.20403466168182
50.39668038580021
38.97105212442875
19.919839194004453
27.485379212095722
17.567050451232717
55.994632822499625
69.04099730353994
16.767184884342896
35.166477334557385
8.838721038416224
108.33075694944955
49.28171507731531
19.02869612735958
23.482794531337277
29.195804186552323
5.063451928073846
21.912543120693044
21.182317685227645
21.478138235164806
25.244618332120353
56.835703897519124
23.250070954254625
27.50004864222319
17.773669691978284
42.6281409452777
19.092238686923963
67.81427493235833
176.24473765175298
23.89888696210437
43.05675470796177
34.72770494809765
24.316860586686744
18.801835859033417
21.100169188999644
3.1881091783943702
22.778829135915657
26.582452392605774
31.420742319595774
23.225163429187887
55.08594111295861
46.14573132463374
23.08696046665318
23.64624284454112
29.195667216714355
17.585181702583213
66.00143187358299
19.055521430254885
23.266891339324502
29.086519164318815
30.114130164305607
29.321538750875412
25.45507284565224
34.53474274284508
36.358140631476545
13.277594266572123
16.96411710421853
82.1492828331834
34.10125279644171
26.75939405635745
24.524917971430114
15.622542285269446
25.33577960553339
86.14085746026376
55.067825728534444
29.497162152030796
19.134440680276384
20.19097760454497
22.32738227589107
40.52990196907922
41.0627190225332
37.485635308823475
26.493392921341183
153.69684811478874
22.877774281087113
24.573527915805244
24.577710408117127
33.23938803067358
23.725833764035997
29.021916152953054
101.84636182417307
36.66771571526442
24.362388008528796
27.160604709415566
21.941231442855496
11.06274350014246
28.206795111273095
28.802423867264224
28.29816405816382
9.03520999864486
17.755716734711314
28.063399318763004
22.458131844392483
104.73107824455428
93.52046419877888
22.604402583055162
7.204677847799758
25.49647589643064
26.09700370821156
46.21174238528147
33.98422102596113
137.1082991874398
21.071554799783826
29.43849756020154
22.22200306518971
40.12456395215577
23.491621064542414
20.63928608405081
41.5269917949181
3.897318126587834
31.626436451250356
51.06013726324136
46.762367533688575
47.372635204126254
23.444447372925424
23.213518676959666
61.19540549949215
12.0185818343557
34.84980553149899
17.255603834987596
30.303196187976482
31.665457679375322
22.876241071835466
15.269854116049828
0.3086276822577929
22.14966202366668
15.660852729341059
38.44019741441116
29.80417200183274
31.93213302588356
7.221839216945227
22.405842116964777
11.696580877945962
25.37577704886462
21.582928959054698
25.049507105140947
89.87596629879044
22.12891334064932
30.05700190746552
19.01922634990524
34.26036918729187
21.885737738494754
29.541247681921504
15.94731444347235
15.76511600379672
8.806424322494422
55.159783051866725
17.34215492891053
48.831376906523474
31.459186333296202
27.4110473736946
44.12450919657476
19.45065783235168
23.9524948145463
20.370607856270908
41.80494088978139
60.44400604216844
8.587907292322598
6.915479937159034
23.83274768269166
80.03026449597837
18.300018880850075
8.68120408116829
45.50070115130893
143.26947991346606
29.152327622250596
118.78283947613818
27.018427558388794
3.450295240900232
18.100910841829318
24.61869657771166
23.920839394471272
29.62523712640757
21.12473748581351
53.244868326720734
25.69246252866901
92.2977922884171
62.29205181863358
24.262443942838672
22.68897738522719
19.87092057852442
39.89320894379489
75.05593446164221
25.301748060277532
34.419372137195296
32.28003973797058
113.26020804805421
41.90946064941181
15.032151737943423
344.7816450313403
21.401768940020702
30.78061508054452
12.250495625707117
25.767352981409203
57.66928177611953
12.721895089129248
23.904319767534616
62.15308125959746
26.10216868272255
1.4380956742461422
16.837896638893653
41.7764446598861
51.70319200314148
18.844498828613382
32.16332411344558
75.97015683496204
26.888961372861786
21.878038659908043
28.37572143005457
5.30758132369715
10.874998212288574
33.62461569467678
19.837378409660687
22.44886433503916
136.25256821773246
24.519097415274928
33.989866547118254
36.27891068140343
10.293792705564556
32.591453854171505
15.259919952232849
20.145186328947602
79.78923902018505
29.603575019904383
23.73937124576878
33.89708943487676
59.87452705533815
23.806677589537685
26.632390023368316
37.25118288527665
21.905128036696624
23.683401365284226
52.97233948793655
27.411079353133573
92.43629028193754
18.983517961034522
14.422849973810974
125.85029820018099
23.66411759052744
23.101622583822518
17.658199587301624
37.794205606026026
15.558597444858606
28.65443296267358
24.23348856371331
99.00708728239306
16.52191744952779
35.9327134208188
21.64093022000816
32.99004198347575
4.234574323103516
20.591462256068553
41.017891504524414
128.0917813708984
50.21639716529717
48.29656779863308
8.43181440445187
13.274062585016509
28.014654684204288
22.848742997426598
12.127022968122228
29.20468768588202
74.3638801947515
22.64056382537501
26.133009755230432
28.416695291016367
34.45993685125586
1.1239607235856965
24.72495951454721
7.848879632632361
27.211346694831036
52.84700553998573
68.69793193434225
31.723707379203915
25.74950785621786
2.7871100900883903
33.43342981188016
28.754812380869225
48.35012039510184
13.331388574373705
20.62975444469339
34.653502574284175
20.74763329878442
16.540355680919674
29.254799090647793
17.91700104652773
3.3611496695666574
28.523104864153538
24.922063696456462
22.536112682551902
18.73145812989057
30.139125274523025
20.960474252295683
25.650409250943085
111.10541214530554
20.32973518356266
23.12528854186894
100.6281472696046
92.77264320057611
26.292621654990853
19.999484059019323
43.45992942298335
9.19476363594731
6.8955265023842
11.693898040919521
25.691804412204874
46.069552732396915
70.9376756386373
28.87611379374357
35.160586951675214
18.70026481480454
34.30432524430216
35.624951729028226
24.55938009012243
28.647074383009567
31.231787604608144
18.949379360883995
24.5983155842232
17.93459629292738
66.3826849813031
32.18321000615924
8.590866924791044
22.86253344337638
35.63677780156104
47.07815404313442
50.88143725766713
23.605274116311193
27.428178911323812
101.94119973235138
46.8368147207475
0.49312048993306234
71.56151348388903
43.60374730970125
25.909528100404714
69.90666300194789
30.430506926091258
28.54968635861791
75.76559189956811
42.495552122136814
24.18063326909487
92.46796445719542
24.08598947094106
24.559977278730912
22.516007292425456
14.676660564929989
41.19716306622013
114.31779104178895
26.30566200182966
27.00127974774675
13.167561862266837
6.000377591018264
116.83798819124695
14.093184719511555
116.92816072453888
35.31226767223052
30.813981507061726
34.575590251681206
54.170155878955484
58.39187116888752
35.29268682155816
5.849106546993426
61.26318254757098
43.55313639369706
29.753151175377297
15.72069657066504
62.262969716683074
37.24132716823806
28.627462549152824
46.434727164896685
45.6657450120847
36.46780218976937
30.614607461354353
242.22355047026758
39.337069901167524
20.727741761029392
71.02417002556467
110.63737996760301
27.784986817134268
22.676844660149072
40.657102078364915
1.359217923779397
22.378386182663235
9.88207281533505
143.25368959215848
25.299764361550842
90.89165188150128
33.32054602016251
26.923278894799296
23.349313897626416
24.06402912854537
76.20634618245276
17.887650563210627
8.211162740228275
22.355021731635475
22.133259861106808
20.81248125076479
15.366106043414675
45.771731225080316
23.613972393328368
14.010993542706046
11.547929091687365
35.92399951764287
69.22744704593379
15.902066491603364
16.708145829879868
31.712946529519286
46.1727625379599
25.84434488628358
190.75285336070147
94.87257644286728
17.823620559816845
2.93051975072558
38.89396112218674
15.59131999375495
44.21730252694033
17.336312749375793
160.10822997109153
34.98718390584145
51.77967206690391
59.046765318144935
26.569092750312848
32.025671102639535
46.005907285494686
27.125778271678428
32.40894794269116
16.588507032334746
42.05789741521573
53.73802646358044
16.84541341377303
24.028684269614132
5.225225298218902
229.34600016400236
23.706948553611255
60.609501217395064
13.679817354041916
24.190596791558164
16.104256153834285
26.746164134330684
52.09342357995865
20.652606855116574
25.124555850917204
24.736537633370972
18.390056621581607
30.460958850492716
23.03439053819784
61.602146019330576
24.377571382363385
24.633271018498817
24.497547652924368
24.723760242829485
27.51126541339363
25.160653281841405
27.097734791572293
29.300403460841608
26.271282362662987
5.91825861873258
11.652466921263567
23.02057257656361
12.603297137340633
12.095739901228626
38.41621779071829
24.88356773751366
7.038079162401118
10.78890182110841
56.056001297976195
40.74143598025296
34.83202713168839
60.50367803557833
23.761637627945902
59.53139941931181
31.077010811709442
23.84753439432734
21.1973649036363
24.312052419086285
34.7500065457898
5.133454695090677
134.3144786089615
14.24184735122617
32.82207790245502
10.437364430317757
26.43538524970336
22.171372375678402
25.27473539258426
96.25630577640914
52.6665478822506
27.65080515946738
21.358404846926533
20.716949868297434
12.761998832763766
91.85924545646162
100.77899280331667
25.71520216099725
8.410392643626437
24.226667026984614
23.848729883468877
13.559669017329725
55.035809758031064
21.04946370637299
11.321270231508606
17.52210783877672
25.656284838420106
19.714771742412267
117.12402347098487
20.531124282260862
11.006407315250726
28.55434069259718
29.20147434757473
12.386034610684874
30.548935120637907
7.795322411217057
1.016056904431025
22.488415392166644
26.45157843834295
13.802794048552641
33.23780464456195
185.84104836664937
20.697986656923604
223.57532699869535
22.32868785896244
45.48361233032574
69.87743813949146
148.4767532101805
32.136733039833416
27.362634643120145
39.00572312600161
75.96402359452077
73.39101712976117
29.948782153795037
43.761302186707326
21.681606610560266
69.3386387437966
29.573695105325555
34.81199442754166
41.93088982981203
10.230891117363626
28.444224563327225
83.72381796098512
24.824507298019398
23.759254817884994
97.19606175064996
108.9822193772045
5.944464098699427
1.0742299594535325
27.78242220149059
13.778076833490559
224.80661331390183
67.1715408168443
55.97241418127851
17.369278299293
27.38330648577903
25.410091561330773
40.738570087549306
55.319854749991464
25.061698821096797
23.01734945839962
20.024950939943665
14.568065971245233
32.18072168470644
58.31893602375385
48.33457760005513
54.50761698114002
22.607793926227032
23.4618939664997
21.326974413289463
1.8706403999458416
141.0699024587302
16.378561958353202
24.53080893123024
67.76223646607559
19.439133375388337
23.592833025046275
65.51316919451074
25.052464511149083
102.18679957364748
55.43779032990733
25.909519786428064
70.48307695810672
49.777206264816414
64.36220415858952
11.272698788619891
26.00375795513537
30.217145806938788
57.89248268700976
49.71455196032002
25.386324873434205
16.19738611867433
90.64423211503708
31.680125920121327
22.5205625708777
26.088611338897863
2.9402511973894434
102.19076155852258
335.89928694433775
24.41063088401097
26.95357290172251
26.649469260716614
22.845234961261667
1.5292877450337983
27.18537020014446
26.910126749587107
29.035226641598456
17.046892234748157
24.474828927914132
23.337308091950945
50.481787385483585
20.079354758420777
16.90940186775697
35.16176653029834
12.57463611764615
25.541154212747642
39.09453128414498
25.815897397038498
72.54068764560179
63.65486070537918
23.094667122497412
71.0001063732825
68.0620224119707
92.39134203440608
26.15217147325984
56.68888811311308
25.810502525606353
15.748473196540544
18.020448572198347
10.476694090939418
24.434804671092934
9.102434180435012
34.874269564505994
52.14325069788174
61.84816869213137
39.73804805124746
24.5369166561195
15.294852827897557
23.16560545312859
24.08047802967667
21.137874984066002
21.68087659856792
24.532325454390957
23.133552477595003
30.01584680790802
4.067016101731497
22.90955290589409
17.90428751282161
56.61250268587082
15.821727504792761
24.43590853054593
13.684634193761667
38.247136104826495
61.21925555300169
30.17987030183872
138.72134013112463
30.05305051327764
16.813881578124438
25.981120468170957
22.270546861466755
26.726161936850076
24.859837903568405
13.62110823205785
31.33720287055303
48.27260721155426
77.45764154250764
19.491423181803384
31.53527489255066
33.19671164366446
14.447453845684322
42.04135387893348
40.32610544556019
81.19037089603717
14.643976920282512
32.085299642248174
19.29483894155055
15.922987417648983
19.03974333458791
28.858282166468598
25.604519400772915
21.90704769731019
76.9492783113692
118.54667315288862
50.00379653765958
26.45939573151736
18.861005758326428
21.80688577633191
24.89927724804511
40.84858644287351
18.41302817281735
21.448152406102963
32.357893980500194
15.919613079510782
7.564124692720725
31.846331423607808
27.65509267960988
35.88453773639384
34.73841034452016
8.943310661041323
22.967118814507558
30.445628695940286
18.71783289947416
40.97983199376358
20.417426063238963
56.261505020163895
23.736526537395548
21.925557276328618
16.98501660101101
9.862210293481212
18.71380550120989
22.020211627280787
5.149956019772617
37.312676437333266
65.3162410664113
27.16084732422496
23.681296680587366
68.78179705128468
93.58732763024045
35.4801325422186
90.84870530666694
38.342358231364415
21.86273030760458
12.140269518524292
17.842293708904435
46.056453325430994
24.114138542394358
16.413438395493472
23.817973264811826
22.853323881702636
44.77748739354365
24.721884956991744
34.68843931537958
44.94389751142535
10.029087024338878
12.560652543033939
13.388220007440395
35.98000111141391
54.19096529020317
32.24630216409878
19.226902455386153
26.21881326183575
14.192694759070946
24.473912362621377
54.69260888540339
23.163833806804178
31.615480941061833
22.571510386147565
258.00980939071997
81.7477395787464
30.35663493776559
76.20845138000186
25.020127042085278
34.45599155525656
5.605688661862132
29.388375003977444
29.446393405239178
10.904404610968413
95.15910714124311
7.323217032531829
20.478425444139248
39.3900956544403
37.244006713601266
29.409869011429237
21.954128690425932
19.60376179551895
25.59758388445516
26.081841744019584
23.598601430458075
31.212239708090237
57.75532483925599
26.982945919575286
89.72467301569804
23.915217109081823
26.050865696372057
17.698020444808208
21.01381200216656
17.977131272559745
21.728830215919515
9.702703098209895
43.23002675472435
37.087886823999725
71.63608707711046
25.720326445053615
69.96684295060004
31.12114870555797
24.490797873100746
23.30395209168455
74.27190026147036
62.23159501844384
26.3081903194211
36.40965202841198
20.829548293295375
60.41832182521739
77.30507606196716
98.80000134461898
27.51029113549157
15.340342520114064
165.9534628008248
26.08487974070431
74.88351099414967
37.21714726152777
21.80103045924534
30.835288798483816
19.875519369183166
21.52106378519602
71.93127220158203
23.63596326017432
25.561082705238732
17.706026448860484
21.07361318612675
23.95910011239266
8.291289217852864
21.91612175991486
42.49071936154405
24.18478267484079
23.775239291062462
6.648812123197786
32.922454171238314
16.42601461981758
46.97608815395506
30.356071973417784
26.416606573520767
23.801152636962797
13.996169678559454
86.15063851918057
50.986760420193605
29.100108548071148
39.71821433804325
18.8052725738562
23.608774267162516
12.13274098099646
83.31632154239014
54.557406230131164
58.73137711554102
23.48240120550497
33.76132944650499
28.534332267100808
18.67727405922028
51.72760221796557
80.25589332816253
18.59080741552407
204.81500453179387
14.629031784833387
91.69426281774622
28.039021479884468
61.03121940213805
14.457520099129397
22.352598337130075
37.13686055238213
68.06656502140868
19.623820678696575
30.325902190648776
45.0643461118716
30.891999400289023
18.09131797692862
78.57126680415786
80.07063434689007
18.13848138805588
32.10098451060185
22.2155064324088
27.883864699331752
22.894719120304217
27.211565112686003
46.04383251846593
20.444177121380562
41.59104641814156
35.106594307108026
47.20033751752635
207.63277787158222
59.45715345625359
26.48641671083874
26.578359533938965
56.43965157468756
41.282044984477125
10.059134987463949
23.323440668294097
32.03288947114061
9.790992572421601
224.1671662233366
32.45650366157952
28.963768971271293
59.90794380060697
74.5711018061761
51.67733539321762
13.878469031888017
101.04550739861133
41.285167957728845
26.588993774284972
100.47460642743863
40.39294386083475
15.29487291760961
56.92204812534692
14.18176788747951
119.14610481634645
19.20299253891426
65.06399731409874
7.550331986467427
17.213760613700288
25.85659693260095
44.62051815141058
17.743048524438564
26.804149566694832
2.2055619381553697
12.475714638600039
13.843965507030703
38.65765638156347
87.70108372100026
27.337824351010568
16.005190173619667
7.042070697563759
48.983629076851685
27.37525756324976
20.25309788958657
24.774914062103562
15.075118128746908
27.09185882037673
21.932178715267582
25.879394611860334
50.34315013482683
10.947876182984146
53.558613781318854
28.119460508214615
12.73919204221238
2.369725053849834
67.8781791696947
39.65117593270588
30.367109564191196
16.04189141434108
67.2060168486696
125.33170047125714
146.5425525024657
116.84526262021609
100.74602076033989
58.6638140513769
6.254126544347287
9.925032347770866
25.93257682669173
195.6295040984569
77.62466617901464
34.40447293008401
23.771547051168454
24.450785604827615
13.645249294080713
23.202808010621084
15.557882023133061
44.89772627443199
23.445008394779506
18.234911772633495
24.733811095335113
49.98394445190934
30.681021889635304
25.892874979557348
25.220694939462135
21.95183856374021
28.679793372115455
30.19401998450803
13.990789745527763
104.53946062691125
49.92949600945394
38.35511297287849
58.87254303638019
4.599133919473388
21.674985646908226
24.36055701454643
27.939037028696475
20.956315300862116
27.083985026018127
9.261499893840664
104.73393838837274
10.3149447584874
25.011660904812743
19.372880522872947
31.746122326656405
75.78270639409493
14.413360076395293
111.18597670226882
27.46487415334468
26.831711086750147
12.534900590162579
50.86669859299036
67.7455785876864
67.87950226289274
27.75568222600441
23.38460065349682
13.579211803511498
93.93153478872318
16.368630929631763
35.37757546179182
28.99457821942201
6.466337211549217
27.208546388449577
25.40035687348609
22.4025764380076
46.36281228231746
11.760193654505201
30.83292429546418
6.631971209295443
114.2245662022251
90.15921577196832
37.04905408267405
30.509713903359625
29.189840224357795
16.392470572955062
70.34709416599708
109.9641735633304
104.51844566820182
70.35692494988461
52.64214390716006
88.71152240625088
16.232899126040138
27.276149208588322
3.6201994989805826
63.23390205863325
26.483280458591253
38.783580107545276
22.964965476090583
69.83243286322713
16.178474714252616
15.927692002164122
15.67889642222599
59.403231864867394
25.24517343277057
50.29117841141351
8.283333366294755
8.86596971354038
25.98222348848276
21.830370924686576
24.385326578870263
33.05027530549842
29.838475174625728
33.025158298138194
26.073395524763328
105.03218994576685
35.272777419571185
34.2212180160966
28.69858398388351
23.931245130432217
37.05506726671865
19.57240562286097
25.644768276120885
11.497550801377656
24.277527538533832
40.10596270057613
7.683166532755422
51.932439626214546
16.563352222829053
69.96680260781068
32.09921428459347
33.944870046148935
23.466065126234753
63.720358748842045
7.494919780903729
31.385556843393715
29.613061034195198
13.932759875217016
24.257719393412117
1.6529449807212586
11.461213771920484
10.453479163552402
17.066190132803968
25.911080580726775
22.03925254236856
42.31172289569713
24.196848442734336
88.0728020613933
28.75399313328603
20.954316700667732
25.019947999153374
76.35778051736906
37.03462914847114
50.53403987211186
43.54819627476172
92.25382876409412
25.474764422098815
21.450046543001918
24.514681306468447
23.644122120611883
16.871354760294707
78.81800695226002
20.01111930915158
54.68431360601198
42.165748194405296
56.65864747600608
31.1566252869776
34.14710807716648
72.16992156868531
33.8009805641276
25.811175669659633
19.437575390446227
25.365205645866126
50.43206872044175
108.11103645277376
36.323027908187896
30.18226316268465
23.596815810923545
19.46166516057292
32.76621975556009
11.195057983859442
25.260527773085414
34.01876777619327
42.8480413598154
10.59986305811799
29.080886643059785
0.9475571219245467
57.36537730845794
26.01508205293976
14.74479117716146
59.90864008113931
59.47372630296195
22.62782607618101
31.188684108634334
37.991839271031495
137.3315222077872
62.01037589149945
26.788010313048403
19.894901840914372
22.381044804026715
18.160378787532863
20.043193034506658
108.19177627801605
49.16032553027162
30.211797397933424
20.135690553502172
12.80348208742862
19.51707127654572
26.472700718317355
33.20034477041145
10.697915586973068
63.58101720855029
86.97594579892757
92.98408212607501
26.428235717820826
67.41926078947381
103.79204533032953
18.912872525188504
14.982582000922775
88.75842205710887
26.963700291940768
26.870104226260082
26.792201524045595
21.23378634952678
104.61616344175624
25.978877466401627
36.7003366986753
17.86922029139123
54.57853805531249
12.41308196388627
21.041725897973038
24.259201979809404
1.2083106273139492
21.717096961509014
29.280750994948903
30.651321769860715
7.298594663732729
24.495904209849414
35.836074340978485
25.357936507198247
10.220269842602647
79.36125819182689
21.636752490658182
179.4976690464855
2.4789442769379093
71.50325831636837
14.025488432518614
24.65660197492616
77.63209904076302
19.675026641909426
66.58643069817663
94.4288963336594
31.055853301610114
152.22650033642094
26.25952302332007
23.387819943964132
42.800170197162515
56.212141594925924
44.78925923411589
20.22385016721273
11.86317743255131
77.0638906322165
24.43410140650343
31.429135752265438
22.21110889416559
25.62069648690249
51.346414969667194
28.37600231605984
19.931487507753218
82.19613855472016
82.12626228093836
45.18755684331336
49.537331500611344
25.37661499128353
15.573267947270324
40.698379079441565
144.39995584238704
24.491017021915468
11.37408711248463
43.54276618626227
29.9095020538698
26.598739571394617
43.243121603231884
60.66100310044294
10.894440740494247
29.52976393031986
12.544944452754862
45.059820780471455
15.718290083821557
26.619905542790548
24.043909025051107
23.138599117753984
21.2397006509309
32.937320154511326
74.8582524483445
25.010566748371275
27.309759673927147
80.05422076871218
20.162173577697104
221.461973399797
30.893563886074844
15.408452909487096
2.112106095217314
22.458180674002506
68.74792770632666
57.89369598782105
23.020767981375684
27.003950874139264
40.57834947983429
47.78751186498812
57.76252107904838
179.130593124195
25.60664690160047
44.87580894014718
25.973825171724457
32.75942224914752
30.690860013469774
11.140630981696631
22.017737428725923
48.429969175845144
21.223372802068297
22.083925877499496
26.134461394782193
24.450320033600292
154.23331173677798
28.468781282326745
25.14656236951305
64.3626439884938
87.23125608583268
48.65300658619617
24.462258057475992
2.8793295829855197
49.26818303400796
158.22450155306115
74.79340381041152
27.571070612589665
4.977792518784099
51.323496798351925
27.165296778590573
18.760577451912013
20.79899531953788
42.56783339323101
11.712264794533894
27.077171836785055
19.478939786299634
42.354774494107915
47.796914056510104
22.411529205081024
45.665144290225726
24.077563657564042
29.352260262424153
32.60689383485885
23.539470582610647
30.702556830414323
123.79385759333081
27.729259341538636
35.71718788250837
68.44749440651503
53.23926558371568
40.272097042652604
19.164328359074716
13.8005122124232
54.913665425305226
30.243995378736486
32.41597564055496
40.532917732505894
15.216073684995536
29.694948655250982
40.970460582414034
27.206690037156477
32.329368872778105
26.588404147797974
44.75582693115257
21.050443142575205
20.87625759371167
17.75918367045506
210.02749141648383
94.60099000993887
22.767450379107686
24.275225424629753
15.33024212354212
54.65842483837878
26.46285230353972
11.963662661182752
24.433398501671036
140.74663161887656
116.74363558527148
84.77398571407593
18.67009477548345
19.438951313168218
58.48863292413262
60.31614006802192
157.32614324229326
26.347962692072542
30.28522400948168
16.73846262068946
13.271398835563145
23.707312636365742
24.221416431844716
22.234858898859898
24.14251314510244
25.8339546256409
31.82272011392149
28.39700326991374
38.63940764752124
40.48273828735455
20.436751138331147
27.291110596204817
14.204187959549017
40.86380208306355
95.11117381609301
5.744992298766647
24.30179310528365
23.516982118283977
18.956571060889473
22.726900421441314
34.43208344794675
47.26436367632141
36.9340943748266
8.473703091151947
16.786225479936547
116.6085655232273
39.97161341690298
19.490378378046444
14.275681488918053
27.968065165485314
16.154351689216128
35.9264625681426
19.345303251919177
49.58090697137003
18.45799209400525
46.714209769020954
21.694599233253484
18.9527335171706
95.5708983235445
23.760522215117817
68.64656497666192
28.052674825501526
61.37523701518967
25.111173454082746
19.983040126780907
70.38482735644357
2.809273241002302
29.6003569720242
25.34645425727831
15.623719676015753
26.1101268670609
84.47541699232943
30.23908161979216
31.33730910603572
6.5612440934055485
48.721707234727546
78.05941927869117
31.442636440920978
75.65431814370095
21.319037633111293
20.82050805585922
48.70712718387449
27.682784074750998
21.802728611689417
104.94948548894354
115.06017693080503
121.8282969567299
10.49176599266184
21.298762146717934
23.97624316430256
21.001645752844524
11.255476136197558
34.41545974100495
24.94693877194868
34.65400746698742
19.56190827193859
76.15566850399864
30.858019419242737
104.28159081911826
78.09050491200924
33.59654966208609
19.887293522759137
23.206388997423346
27.284641989098418
31.140118158247788
117.92055412816171
24.26209014597771
12.552333314341013
16.802449669710768
29.655099678391707
44.01869838618131
39.110121288224946
31.445994962785335
87.9778547869455
130.8292797103013
11.511104169943792
25.53489134629126
23.00852291908086
69.18968454942478
14.275303433768386
5.21098498046922
125.07592790757917
16.55986707378233
59.77069257153556
26.18453785967722
69.21755145680982
24.65744506784904
20.366018182203334
20.940578600882418
127.72838271396995
35.59018315785761
18.79880034318535
26.438183609696353
7.004040596051709
25.757283699920208
109.0617550177376
38.95882742332833
172.79252256794007
19.607705946482383
97.9993108568533
40.76168060864893
39.75246044365667
26.482867556407655
19.516425654037448
24.657651472813086
45.77760984789802
16.27070860157619
45.388142764541044
89.86434246499448
20.32402569079568
51.34937654433634
17.20971743707196
26.571156696703838
10.742113508491457
6.936491156848206
97.78714211418264
16.789457522359953
41.687649022400365
29.561569258694362
33.19561000201247
80.20406551748601
42.13648015968829
28.095672923202933
36.0488332178312
15.134095974392494
20.251891223449547
81.70389780596224
48.34337804211236
27.5575156868847
19.673902459573583
55.19776995909979
26.085260920908695
22.29508506140428
45.28040875854185
75.17911213168736
2.590685396423396
12.688604896335164
20.460162305038466
18.590270430895544
20.73273868033357
23.084905621337384
33.84116278106194
19.465158587441692
12.17640371386733
26.570989271906
32.32001054948523
21.47751786103254
15.145436804705241
18.13352486463191
43.8210715897676
19.632652734353087
22.276068238822972
12.511994713298463
25.61657707252607
16.151882067820225
18.896963482975934
23.449012217834934
0.20321402041099645
35.280244087233314
28.06956781673034
12.949284809323217
94.52776787584298
29.68392647956989
24.24481793189443
24.6154935402883
15.487438545536861
24.785346992167433
26.25715052619489
27.573467176305712
14.047925332743034
26.714596792529846
24.637369996466077
24.865587732781933
28.30013581455387
66.33716334259861
13.058113134944506
21.107758702986757
19.58418886718664
28.037904031481958
7.9953240572504
19.704971020531957
17.498186399796396
6.665974653617923
42.51506926969523
61.86270307098039
23.463110405531552
109.0188637954634
22.750453660184576
85.04792737633215
31.256961503885798
53.81514505409035
23.257598701487723
12.373294341658038
20.34100713376938
10.337123435003377
72.82764362761168
16.067981038659127
26.146409713456706
26.740380001860103
41.117752977058444
21.19469376267989
22.852661804101444
47.28738373631222
26.458473139804482
23.3829323903592
16.26874370612992
31.82287825816732
28.583822908151006
35.68607986562904
22.69851047616612
41.87943473448831
22.145935839031154
22.227522694207437
36.384592064379376
25.476948462166547
216.982394579828
30.439924830334803
22.339114894974045
28.234261745801632
44.08511420222749
23.667233097073222
23.163556195366255
22.968359982820402
14.272780736706409
28.12100639604023
23.898779740678037
24.393963281389006
28.93838552450279
68.28245723809823
22.458194697551335
79.70839607600283
15.569264424024368
26.259252983307306
63.928178270672106
17.02633428815261
28.516917404529522
23.8384883319668
16.753976596655775
88.42497101608024
74.56645208383154
30.620728300155008
8.643164074527022
49.22664534946182
178.69706587187886
32.24964964777064
47.83174721237731
25.4335345385648
22.311121109483793
8.610683528687332
14.541098238964878
0.7406101340875466
10.300764921536029
12.05248978187592
23.50142626352863
87.31921265642359
75.16053621082119
22.74632652035143
9.24922789682023
23.68516195517259
16.651499068877456
53.55174706542766
7.764908254770489
22.84240659383522
25.77912276364077
17.795699443289777
70.5701831968745
27.514621646465457
30.240151635454822
33.4255747894058
28.528374100817018
35.190877434301
20.586676146465834
9.482857650345977
25.63847147801971
3.0819104564338033
100.40920585966276
78.2834453815708
21.96593357189886
43.78452001541018
19.080391555314236
8.85773727713422
47.25906766542903
28.0993579930946
26.138774803265733
90.81704552414521
22.07070965299863
19.0955342881025
34.28962023479835
149.57391233131602
16.489700301053745
20.685337879993313
18.631324915015284
12.872007354647394
21.405234936430134
58.1855927993638
40.43716919619692
23.943206228992494
29.26942207074353
38.95383708351437
6.120768147978351
118.58204341748967
30.55141867763257
75.70169327343467
18.82802865385065
10.873363094209708
17.741079180607358
22.638273726582156
34.309208067195414
10.687673733055817
29.76245290769748
23.15128571524201
27.820431519007798
24.14028484969549
55.06264091048615
19.92541772046752
24.847980044683936
23.407075595541755
72.43352656089701
16.520194280961732
120.05564943329318
22.37376364431202
50.86000471180978
66.65766618306861
52.386579988889025
21.92746986167731
19.318264107436335
19.293971267175948
45.566883764015984
26.804213356666878
42.86087975675764
4.0434162574092625
62.78153090907108
28.77633338051419
26.232537302748824
40.93596256222736
75.57167516692425
48.49032095939333
36.78585181943889
59.738610212478875
65.74092717964095
15.945212802737728
108.74851843144972
26.155074393202767
19.812782588880964
56.41673022488021
61.54102865142136
40.73249868229391
27.18838958802371
48.821355961728386
31.37758409924413
37.09583834664113
36.62777141303832
40.80566371519308
1.7361134267111993
79.46301926098658
7.022232790388443
23.850748714472502
24.20162695108229
18.632488145543903
51.627969405784825
33.28960691970951
25.948967644771074
15.176253518864542
115.75236652479362
23.75146534439773
23.979117170698373
4.924596122093135
26.002029124887486
24.33873532593134
21.198343585416296
17.65559268071604
22.390328406194044
57.337524266099194
27.06619989651813
9.098528282715279
23.04919787997767
93.75557010937234
28.873430901394386
32.61861048999617
23.678401997828587
33.39329947315173
14.346129003951319
26.306782614969052
23.190550159140457
62.28162207060723
20.479366033794577
23.784489286659664
23.995049753071726
41.6353481522583
23.074568460316186
10.276480515611183
68.15524733996335
26.922625019255065
23.543561185222643
45.22180394561747
19.560158981767017
27.90046991718191
48.01036547186959
13.44122739593513
76.6454332601661
23.1423060164434
22.509442372018384
23.116527206308092
53.279581194199636
21.29802174744691
12.032231715432378
21.106899093008565
28.407706491306158
23.15203382905247
18.72958314254356
29.007043908296737
91.66963618834552
25.64947145553697
28.455048870440805
29.522862985759275
43.59338086748566
44.50464805921513
12.227454844563908
11.491021367495705
25.84758807786261
8.967431283773294
9.60858273695294
17.3223341007224
29.21077767920042
15.289205802508604
29.456735173045672
39.233943752718005
57.51100555376115
36.462961261657256
25.3015732101112
94.71936710718137
36.477559519734314
14.81058057707969
120.04630163933462
34.68912536181506
33.44214664864057
27.028414803862688
15.37051543124835
38.85957134958153
70.22560172231988
28.36953935584097
24.42751808110188
31.5141360671023
26.414196459944833
17.077487996716627
6.8217062121493655
10.847790587091367
83.19510298353771
29.094357127941294
23.40300812444366
38.16712386991276
19.045489912439734
1.9727988826944056
32.451345477223185
30.62734771470059
14.340470631030257
27.532279401275446
2.0849170778332677
92.6572198671006
46.85885244484325
30.55803554833983
11.140409644080137
37.74832365752536
31.448329012361683
22.95166039396372
40.86638118999599
12.058977711023545
23.766742663716286
42.191804889323045
20.144724310010133
35.770893715772445
20.201837264824462
18.399716624362554
29.04985620914249
18.355560708003395
18.02553180958057
34.03238448422235
37.21466299887197
35.27136735694512
27.43837778519628
20.92768551548943
24.53135350141747
25.287970408919136
34.178796961124135
13.857957850300409
27.304368416582292
62.23740202132012
49.15892334246519
44.033220609490854
121.85641253432959
44.13378300417571
21.74190551212996
16.303363842282124
12.144243298318543
57.21183112349172
68.97306756127
19.436839099650115
20.47879249602056
43.444026396598474
27.077373674668706
36.42104070335381
17.641436907697425
25.88488629650692
7.856423804121732
12.137207500240038
0.5122118521450627
21.89026628947454
64.84485342138294
11.47298801094712
68.24308275925841
35.02006171455491
75.01014526766846
93.61814643662058
15.77771315559562
22.407174074419572
48.57786471482609
18.281123946083426
30.010115027621396
3.244792138590128
42.087041014113765
23.487004796389556
39.27415696803746
24.84414789442053
22.021363286533415
24.586679932844618
14.694641733801745
21.08160712978406
14.72519710747656
23.00699499120219
31.984091165750215
104.99559424442123
24.350925461365478
68.80886243371424
21.635088302693475
2.0860077421093592
27.450531748578214
28.183992264864173
83.3291966599536
23.164468798885537
5.586974855155859
7.732543268844893
23.722864635952646
157.02581248779734
28.665066438166832
64.06834778670418
39.58142340613358
60.64077300948702
6.717040700608777
27.189129253025385
18.963600934222995
24.543417963630418
60.35961599388605
31.206174832531474
10.883013518618782
44.59164287505189
4.1907673621690265
17.23213240339146
7.419087780308473
10.432893485420664
86.04795644779824
53.27060640770105
7.735975356896233
58.31114786655917
43.92538565751238
16.50329340276585
27.020993013811676
24.609221694306598
25.480952085337776
33.106378836467684
14.820396630476353
12.25289124074834
43.129813586596356
30.304984695986604
51.274141671905454
51.29523675330711
30.04186085409492
25.43099425953187
31.161380482684763
15.166321370677906
57.46358623224296
29.4863264854539
51.29646084446631
25.159459127959053
66.58877270265202
45.625323430652315
27.907021942761276
8.758451157762465
23.554346744484064
27.23499777777397
52.671665479410876
84.57824279939086
3.0632665593730053
18.850460894146458
44.23895842957218
149.0880563539714
90.1062384146345
33.31320295764067
4.515067163883032
31.97842726765839
6.634875038716018
62.21774948403254
18.909354845576672
26.844346820556893
47.55852697476688
16.430520586105445
8.369042974603417
26.93182294349981
18.355411213047773
13.395172311833448
53.572756062469125
16.961350614793496
9.959265541097281
11.371611951109344
106.43059274377822
30.02079769375041
13.27366864726946
27.84402829670944
6.256803765235418
28.043488915467606
34.51891019496907
22.613524147847784
16.342599378786872
22.35912093873594
54.46639617107985
145.4868982122016
48.50307587553016
56.80522259479767
83.60244366263578
7.23195878538354
17.643689050815738
23.90906941724512
24.783558411249487
34.62459100329011
6.712580279222266
19.53265491305956
28.389597509150462
42.276090449242474
27.380626346046483
50.19419264358885
6.898704160761554
4.034234027409184
27.270873012234006
15.30699847451524
34.55118899736226
24.27167829726386
6.013150242479242
27.088937794032972
90.05381354462952
18.87997951012403
22.67711698914718
32.023716555901046
9.527096831526682
23.436473975753188
30.075357433568854
20.863772120626436
37.365442886875144
22.51634367155566
23.485601871785548
73.74782169376113
27.412875360129874
43.21197425460059
76.80952524131499
81.55017227778217
89.76335311025377
29.050225027755005
27.28139878780894
48.51140228843997
35.141135162863975
68.42434975610377
22.63744878669604
33.114411450730586
57.88249815994459
12.28080978647995
65.77775293475133
6.142488725796284
60.41227425755733
25.389888580208208
22.715917524834367
89.76046023986964
24.722124022428034
32.43657065412026
69.5334829032845
12.571571622511328
40.7563180744919
19.679172257739992
38.45917131936585
28.30574390228412
14.1727247038707
5.150067621002563
99.44699632736229
35.161792723339715
19.82663051841746
25.126346090988704
23.688194279481877
38.80502470692363
17.0515555132788
31.3210731772524
28.725290524391994
23.932901897384454
25.934320600527826
86.10881250088778
54.97925623501578
57.969776469985845
17.520451982453324
13.578469284108905
24.636490540474824
44.044232746662146
28.83621185420816
20.025012682897795
60.75117988105558
24.755822596174767
46.07689828165712
31.86493246725695
29.390509368233324
17.808694512003058
21.68019973149785
25.016760308250923
21.616460836210535
19.05231778203506
25.98584474539257
43.83911470558451
40.86128449991975
23.842322554301063
29.67974259883522
12.58760638433615
18.68294122583484
24.256012741859195
13.170339007350321
49.03719491472725
22.154042562160157
7.783829566653367
33.77204732231348
11.737985542451952
23.25111330286927
20.843733730464237
50.412322576167725
31.168758211974364
17.809514014197703
33.71802269719137
53.771797142964715
111.81915280582916
9.272374117877916
14.80667472425921
24.502587297367427
23.114906622371564
121.45148181754848
181.70250928116843
51.78093050245775
68.10920670359678
227.32070064627624
85.98733659795471
39.611019194226174
19.108356806624215
21.212073113461884
24.679649750891258
5.243366992794108
53.28678952323753
47.965386948712876
44.110698304162725
22.967579636631854
37.86364718021923
67.58548948211137
22.82189692527936
19.370049935731004
43.2745067238711
44.46932553737406
23.454858952401082
38.50100590950751
33.24547339759965
29.8432578119764
22.08948274042541
24.26119230378208
46.844084322211984
23.278062676179616
24.12217643323129
10.850117112717271
19.63853242161713
35.08812604731884
72.7525244282142
27.03774016278112
21.597817963665875
35.4506822879157
62.851069064030526
24.837081500136264
28.11190248166531
70.8032414320096
32.07683729436576
16.997356901789317
21.204565007334168
13.6683341898833
18.715023023961777
29.43061510198845
34.306984485673865
25.852050266523293
29.625260202028585
10.54350798550422
46.78782220622725
26.45354039006361
0.9450093248196936
52.45946750244184
24.178164495368947
13.273771850412231
29.06372908949743
25.352252434744514
31.11621656517491
17.05954689083228
26.06215207378864
22.488937898583572
18.8082610143465
19.88547319963436
21.293081797284685
96.52159021220359
32.574040070354386
124.6206698548117
36.60918792609391
7.33954747156713
24.56401959534287
5.376478551836044
119.69897309916632
23.31036284115362
24.35155190439076
28.07185624397789
77.47565268908761
12.138596119724752
4.407397229071648
13.423417181493278
19.074313259011433
36.99299410911863
20.972718291449382
10.770060603832917
28.02648742609108
22.6631050540218
13.968173815218506
14.449099362580455
16.663111179668704
24.86983477337435
15.654003219016886
26.72653646859544
35.40526462163416
32.90731993162353
34.747295238160405
22.158996328427747
34.80432916926702
23.372165305329872
71.0432472117609
34.98065166170363
19.199327194421585
43.117191067856766
4.449130177139523
32.34499997995681
39.64532803218481
11.340156036058033
22.95395552883565
21.91130345361529
69.06888173882317
49.27544229469845
30.008721612211048
20.22390963767566
21.345948676530497
22.40388076268755
15.057577524145927
18.799422574932578
133.50900883786926
43.672311274051935
19.71028188888613
28.700183994182225
22.340801309874223
9.968787100551708
38.61748487172281
17.192452155339197
41.70152535329271
199.74326491507782
25.933652742998675
26.903722979427585
15.839348259642065
60.16035069307236
7.766174273954675
6.242450904301222
39.52424928255459
78.09269119443638
24.609145456938677
38.44142400233568
16.873933866828338
13.485276397919733
20.327598831057912
22.3678262140038
2.2104342487286885
47.61227871113442
28.863786783294017
85.3405569869301
14.621251275868417
4.987022949551829
23.231987018853033
73.34960564822904
21.045721162634436
66.6280512794765
180.09143681787418
27.213908553395413
58.251450925347854
49.78680724320657
26.043240218208666
24.941756623139554
22.620999211711023
62.051058535514144
55.602012458861736
26.455775635664395
23.78698648248246
25.490917418508616
45.896451314209116
4.1803496362153965
23.161403140537004
43.326323768838805
27.822732220469106
16.232266772115054
32.12722976051964
27.20746943095537
30.18493297872965
26.3790755428181
75.25255871157651
32.60671497834301
7.171768815162068
66.54986998634013
26.720502997617587
59.768273400170074
12.897894274283317
82.5190509810327
24.473503499157232
19.424591088881243
23.029808467790644
30.134196396086736
54.17379653506396
60.40556101643051
20.827969153038794
20.151904318415347
28.668090562224506
75.93316424909403
26.382689524864873
5.7256243589126825
29.262448012899767
21.480132742537535
57.51239596045161
15.964115627439242
82.17429920143422
27.015190907913166
30.18538108314715
12.619884992012885
24.13588919308677
32.52501864889547
26.73057973813883
35.54879427317974
71.21988327667486
51.703203259060956
24.351413615900128
54.71632644938563
24.926697831936508
39.58819697623676
14.710301402192272
28.20594307723877
27.55149932076165
23.349286358687095
22.55117950008571
34.673987956640985
59.20826619165837
86.70228268672781
28.19827489519048
111.88192218407221
25.84159615785211
31.723640038939266
12.862303702762802
10.498178817097141
26.3456930976663
29.588631527606594
25.356917550687285
12.05444538870995
29.15382019312301
27.329382311598238
26.907299361882906
43.76761365564835
27.51748949546709
9.755129755305461
15.462744866930734
40.237345316647406
24.912822690539997
14.327138451976225
18.66566786562771
36.24039683178353
30.768008559253758
19.43797943928439
19.114050211777794
16.349803611248717
28.028350989563478
67.47619474265048
27.75639902661169
21.337853713923323
22.603006877036535
21.736985200341223
31.82348154374256
130.75986486937927
34.35560460358465
25.431901286782704
33.12486485851514
21.56814279776154
57.59038664493528
90.4905532542598
7.6292120603175135
26.104286065294218
0.5943911533577193
21.368362695795497
11.917824984216509
178.1787743860623
31.851600089793465
30.45596532422951
37.04297543607754
20.10444688766438
64.932608239513
24.554442157276753
26.71465579461983
48.75164216712801
114.81962823023787
25.268210902755527
33.06600899159639
26.178190702226857
18.619533217355638
16.891770914186054
55.978378495115976
78.20200391641993
11.196644365052634
52.70061264557262
25.937237251248916
39.26724234436824
39.247811870411624
68.64529260647532
24.852258780725606
27.08088837658852
20.699933302849786
140.67875417842788
26.966936206411447
20.872763226932875
54.76638496864871
19.680703704592815
5.016522842328413
78.96534568064862
22.28109776161
49.668418209541414
23.956631699829813
51.42305906589718
16.340177476118697
26.441340311770546
21.942300272000466
27.66809785334226
18.83499797564764
12.472845031132238
21.438603042633986
71.36114619920045
23.804246406361926
91.77623282876448
182.6926576461683
34.291798070862114
29.274774295811767
32.78109504758049
21.0596236080537
13.873797720078073
44.82260257262806
46.13112119810103
55.14895677061486
147.7662237034392
60.10616422268504
24.913651466267765
25.12065627141783
71.00812905749422
27.080872053592884
93.61938414090764
61.43253845713116
17.188165913597913
21.765334173258452
30.982726128516482
21.910124330494654
21.033593081991967
24.53636037632259
22.265179757469014
42.20058687326491
29.568086208406385
18.255203911558056
142.7547128473857
18.606305547557895
15.877273087310641
64.4222475500901
67.12529425543744
58.90646621754422
43.79921034528161
27.516330967715476
68.63941854117002
125.2556277184276
22.63152032675316
62.213897111643746
39.01608450391677
22.364510892020917
19.49816379599997
13.643836171082512
23.667671923263697
21.166193196881068
18.49268329550614
31.68440153236142
21.712734247927983
15.259178500034977
36.92352109640251
42.71128453812116
39.21086992169421
13.86699492121079
43.32816127524711
20.233268088588375
51.394083342867816
19.254031473722875
13.093781537362702
6.419039653744221
20.940538872095203
19.936872285009485
21.90274672871419
49.03471968162103
21.31580040773224
23.77223420145674
25.183430013927136
35.492151683806696
32.74045074353671
2.502194157359554
35.523262276382866
32.0990737669581
54.398036434719415
40.4665017387988
3.369272803325657
17.582776124843804
14.646223158237262
39.741117759141105
18.695506171998204
26.122069667721007
15.641194488016481
27.872007509793548
33.557861273382514
24.096316363000824
25.500869933212925
23.539506797256763
58.332688618147586
53.72260640972945
72.01138911653288
22.600949709958513
22.577400818929164
26.86729739664497
14.946977529773676
24.08002868402491
26.721830066910115
26.336598213460093
11.55496850745476
33.65605861267068
25.73760280157876
18.496596272942043
19.775760473490664
18.67168350281281
107.06839691508321
24.06229751551291
97.61920243222085
