**** Histogram ****
(1, 65.10745891276865)
(2, 14.73521562017137)
(3, 6.88298918387414)
(4, 3.652198342463829)
(5, 1.994662171653322)
(6, 1.5311139204944515)
(7, 1.053518752633797)
(8, 1.1237533361427168)
(9, 0.7304396684927659)
(10, 0.6602050849838461)
(11, 0.4495013344570867)
(12, 0.32307908414103104)
(13, 0.23879758393032727)
(14, 0.1685630004214075)
(15, 0.18260991712319147)
(16, 0.22475066722854334)
(17, 0.18260991712319147)
(18, 0.08428150021070376)
(19, 0.08428150021070376)
(20, 0.1404691670178396)
(21, 0.056187666807135835)
(22, 0.056187666807135835)
(23, 0.056187666807135835)
(24, 0.09832841691248771)
(25, 0.18260991712319147)
(26, 0)
