MINE/medium_30
(1, 30.969993021632934)
(2, 17.292393579902303)
(3, 11.779483600837404)
(4, 5.28960223307746)
(5, 5.2337752965806)
(6, 3.768318213538032)
(7, 3.14026517794836)
(8, 2.4982554082344732)
(9, 2.6099092812281928)
(10, 1.6468946266573623)
(11, 1.3956734124214933)
(12, 1.1863224005582695)
(13, 0.9211444521981856)
(14, 1.032798325191905)
(15, 0.7955338450802513)
(16, 0.8792742498255408)
(17, 0.6140963014654571)
(18, 0.3768318213538032)
(19, 0.5582693649685974)
(20, 8.011165387299373)
(21, 0)
