MINE/medium_100
(1, 67.14656348884989)
(2, 13.436361182345797)
(3, 8.857845563203911)
(4, 4.100868313312637)
(5, 2.3357478142199426)
(6, 1.3054693240953197)
(7, 0.669606034702539)
(8, 0.5661282824192798)
(9, 0.39741455587048785)
(10, 0.28568857695595445)
(11, 0.21070469848982468)
(12, 0.14771824057827565)
(13, 0.11022630134521078)
(14, 0.09897871957529132)
(15, 0.055488070064936036)
(16, 0.04798968221832306)
(17, 0.03074339017111321)
(18, 0.033742745309758404)
(19, 0.02849387381712932)
(20, 0.1342211424543723)
(21, 0)
