**** Histogram ****
(1, 48.26238660153524)
(2, 17.069085833914862)
(3, 9.002093510118632)
(4, 5.638520586182834)
(5, 4.256803907885555)
(6, 2.5819958129797627)
(7, 1.9539427773900906)
(8, 1.6748080949057922)
(9, 0.9909281228192602)
(10, 0.9909281228192602)
(11, 0.7815771109560363)
(12, 0.7397069085833915)
(13, 0.6559665038381018)
(14, 0.39078855547801816)
(15, 0.6559665038381018)
(16, 0.4605722260990928)
(17, 0.2512212142358688)
(18, 0.47452896022330776)
(19, 0.23726448011165388)
(20, 0.41870202372644805)
(21, 0.20935101186322402)
(22, 0.23726448011165388)
(23, 0.18143754361479414)
(24, 0.13956734124214934)
(25, 0.13956734124214934)
(26, 0.09769713886950454)
(27, 0.11165387299371947)
(28, 0.055826936496859735)
(29, 0.1256106071179344)
(30, 0.055826936496859735)
(31, 0.09769713886950454)
(32, 0.1256106071179344)
(33, 0.0837404047452896)
(34, 0.09769713886950454)
(35, 0.055826936496859735)
(36, 0.027913468248429867)
(37, 0.06978367062107467)
(38, 0.013956734124214934)
(39, 0.0418702023726448)
(40, 0.09769713886950454)
(41, 0.0418702023726448)
(42, 0.013956734124214934)
(43, 0.027913468248429867)
(44, 0.027913468248429867)
(45, 0.013956734124214934)
(46, 0.0418702023726448)
(47, 0.027913468248429867)
(48, 0.06978367062107467)
(49, 0.055826936496859735)
(50, 0.1256106071179344)
(51, 0)
