MINE/medium_100
(1, 66.85453183747268)
(2, 13.555795955729383)
(3, 8.936582266032211)
(4, 4.137320613978682)
(5, 2.3565100955464606)
(6, 1.31707353975807)
(7, 0.6755581108581026)
(8, 0.571160552853155)
(9, 0.4009471430624797)
(10, 0.2882280405788769)
(11, 0.21257763622746562)
(12, 0.14903129657228018)
(13, 0.11120609439657454)
(14, 0.09985853374386286)
(15, 0.055981299220044335)
(16, 0.0484162587849032)
(17, 0.031016665784078613)
(18, 0.03404268195813506)
(19, 0.028747153653536278)
(20, 0.13541422378902615)
(21, 0)
