**** Histogram ****
(1, 60.721194943087234)
(2, 6.425368545762661)
(3, 6.858025524512231)
(4, 6.578335657833565)
(5, 5.56380378218683)
(6, 3.2940417810170812)
(7, 2.2547652254765223)
(8, 1.846103087836115)
(9, 1.3062191628799809)
(10, 1.029528651339962)
(11, 0.7010992636583135)
(12, 0.604370060437006)
(13, 0.3749193923306489)
(14, 0.2946866423718901)
(15, 0.28343906060197055)
(16, 0.2826892218173093)
(17, 0.23694905595297008)
(18, 0.16046549991751774)
(19, 0.15146743450158215)
(20, 0.1342211424543723)
(21, 0.1049774298525817)
(22, 0.105727268637243)
(23, 0.07873307238943626)
(24, 0.0689851681888394)
(25, 0.05398839249561345)
(26, 0.05623790884959733)
(27, 0.05248871492629085)
(28, 0.046490004649000466)
(29, 0.023245002324500233)
(30, 0.0322430677404358)
(31, 0.026994196247806725)
(32, 0.02099548597051634)
(33, 0.01424693690856466)
(34, 0.016496453262548554)
(35, 0.013497098123903362)
(36, 0.02024564718585504)
(37, 0.013497098123903362)
(38, 0.014996775693225956)
(39, 0.013497098123903362)
(40, 0.008248226631274277)
(41, 0.006748549061951681)
(42, 0.00974790420059687)
(43, 0.011247581769919468)
(44, 0.006748549061951681)
(45, 0.008998065415935574)
(46, 0.006748549061951681)
(47, 0.008248226631274277)
(48, 0.0029993551386451912)
(49, 0.0014996775693225956)
(50, 0.04948935978764566)
(51, 0)
