MINE/medium_100
(1, 30.00130829166182)
(2, 38.188306779858124)
(3, 15.103500407024073)
(4, 7.474706361204792)
(5, 3.8761774624956393)
(6, 2.179759274334225)
(7, 1.3017502035120363)
(8, 0.7609896499592976)
(9, 0.45136062332829396)
(10, 0.25729736015815796)
(11, 0.15554134201651354)
(12, 0.09012675892545645)
(13, 0.06032678218397488)
(14, 0.04288289335969299)
(15, 0.019624374927317133)
(16, 0.014536574020234913)
(17, 0.007268287010117456)
(18, 0.0043609722060704735)
(19, 0.002907314804046982)
(20, 0.007268287010117456)
(21, 0)
