MINE/medium_30
(1, 65.3314724354501)
(2, 14.640614096301466)
(3, 6.838799720865317)
(4, 3.628750872295883)
(5, 1.9818562456385205)
(6, 1.5212840195394277)
(7, 1.04675505931612)
(8, 1.1165387299371947)
(9, 0.7257501744591766)
(10, 0.6559665038381018)
(11, 0.4466154919748779)
(12, 0.3210048848569435)
(13, 0.23726448011165388)
(14, 0.1674808094905792)
(15, 0.18143754361479414)
(16, 0.22330774598743894)
(17, 0.18143754361479414)
(18, 0.0837404047452896)
(19, 0.0837404047452896)
(20, 0.5861828332170272)
(21, 0)
