MINE/medium_100
(1, 45.69742505361347)
(2, 15.023769889473762)
(3, 3.312787750633614)
(4, 3.1125807951290474)
(5, 3.506246157076229)
(6, 3.351779367436001)
(7, 3.3225356548342106)
(8, 3.2558000029993552)
(9, 2.9678619096894168)
(10, 2.5959418724974133)
(11, 1.8850947046385027)
(12, 1.4089470763785785)
(13, 1.1592507610863663)
(14, 1.095514464390156)
(15, 0.9897871957529132)
(16, 0.8563158920832021)
(17, 0.7370915253220558)
(18, 0.5691276375579251)
(19, 0.5458826352334248)
(20, 4.606259654174353)
(21, 0)
