**** Histogram ****
(1, 142)
(2, 165)
(3, 200)
(4, 267)
(5, 285)
(6, 412)
(7, 557)
(8, 655)
(9, 856)
(10, 876)
(11, 536)
(12, 361)
(13, 315)
(14, 319)
(15, 329)
(16, 376)
(17, 327)
(18, 401)
(19, 377)
(20, 351)
(21, 265)
(22, 249)
(23, 232)
(24, 267)
(25, 255)
(26, 227)
(27, 208)
(28, 195)
(29, 180)
(30, 190)
(31, 185)
(32, 184)
(33, 132)
(34, 137)
(35, 126)
(36, 145)
(37, 119)
(38, 124)
(39, 98)
(40, 101)
(41, 99)
(42, 91)
(43, 68)
(44, 76)
(45, 64)
(46, 65)
(47, 70)
(48, 64)
(49, 54)
(50, 824)
(50, 0)
