**** Histogram ****
(1, 1555)
(2, 1826)
(3, 2714)
(4, 2462)
(5, 4753)
(6, 6915)
(7, 3591)
(8, 2581)
(9, 2200)
(10, 1915)
(11, 1978)
(12, 1826)
(13, 1406)
(14, 1077)
(15, 950)
(16, 868)
(17, 758)
(18, 672)
(19, 540)
(20, 472)
(21, 398)
(22, 340)
(23, 288)
(24, 256)
(25, 240)
(26, 218)
(27, 178)
(28, 158)
(29, 137)
(30, 136)
(31, 88)
(32, 90)
(33, 78)
(34, 47)
(35, 52)
(36, 55)
(37, 41)
(38, 41)
(39, 23)
(40, 17)
(41, 23)
(42, 26)
(43, 22)
(44, 14)
(45, 10)
(46, 13)
(47, 14)
(48, 8)
(49, 9)
(50, 45)
(50, 0)
