0.0 65
1.0 123
2.0 158
3.0 216
4.0 303
5.0 427
6.0 512
7.0 694
8.0 1230
9.0 1527
10.0 1148
11.0 669
12.0 346
13.0 194
14.0 147
15.0 120
16.0 95
17.0 82
18.0 77
19.0 69
20.0 49
21.0 62
22.0 53
23.0 58
24.0 40
25.0 44
26.0 39
27.0 34
28.0 30
29.0 31
30.0 33
31.0 25
32.0 23
33.0 19
34.0 20
35.0 17
36.0 26
37.0 18
38.0 28
39.0 10
40.0 13
41.0 13
42.0 10
43.0 14
44.0 18
45.0 17
46.0 20
47.0 17
48.0 18
49.0 7
50.0 9
51.0 13
52.0 8
53.0 11
54.0 14
55.0 8
56.0 4
57.0 7
58.0 10
59.0 4
60.0 7
61.0 5
62.0 8
63.0 9
64.0 10
65.0 8
66.0 5
67.0 5
68.0 11
69.0 4
70.0 3
71.0 2
72.0 7
73.0 6
74.0 5
75.0 4
76.0 4
77.0 3
78.0 3
79.0 4
80.0 4
81.0 1
82.0 5
83.0 5
84.0 0
85.0 1
86.0 5
87.0 4
88.0 2
89.0 4
90.0 6
91.0 6
92.0 2
93.0 4
94.0 3
95.0 0
96.0 4
97.0 3
98.0 3
99.0 3
100.0 1
101.0 2
102.0 3
103.0 3
104.0 3
105.0 1
106.0 2
107.0 1
108.0 0
109.0 1
110.0 0
111.0 0
112.0 5
113.0 0
114.0 0
115.0 4
116.0 2
117.0 5
118.0 2
119.0 4
120.0 3
121.0 0
122.0 0
123.0 1
124.0 0
125.0 1
126.0 0
127.0 0
128.0 1
129.0 1
130.0 2
131.0 3
132.0 0
133.0 1
134.0 0
135.0 0
136.0 2
137.0 0
138.0 0
139.0 0
140.0 0
141.0 0
142.0 0
143.0 0
144.0 0
145.0 1
146.0 3
147.0 0
148.0 0
149.0 0
150.0 0
151.0 0
152.0 0
153.0 1
154.0 1
155.0 0
156.0 0
157.0 0
158.0 0
159.0 0
160.0 0
161.0 0
162.0 0
163.0 0
164.0 0
165.0 1
166.0 1
167.0 0
168.0 0
169.0 0
170.0 0
171.0 0
172.0 1
173.0 0
174.0 0
175.0 0
176.0 0
177.0 0
178.0 0
179.0 0
180.0 1
181.0 0
182.0 1
183.0 0
184.0 1
185.0 1
186.0 0
187.0 1
188.0 0
189.0 0
190.0 1
191.0 0
192.0 0
193.0 0
194.0 0
195.0 0
196.0 0
197.0 0
198.0 0
199.0 0
200.0 0
201.0 1
202.0 0
203.0 0
204.0 0
205.0 0
206.0 1
207.0 0
208.0 0
209.0 0
210.0 0
211.0 0
212.0 0
213.0 0
214.0 0
215.0 0
216.0 1
217.0 0
218.0 0
219.0 0
220.0 0
221.0 0
222.0 1
223.0 0
224.0 0
225.0 0
226.0 0
227.0 0
228.0 0
229.0 0
230.0 0
231.0 0
232.0 0
233.0 0
234.0 0
235.0 0
236.0 0
237.0 0
238.0 1
239.0 0
240.0 0
241.0 1
242.0 0
243.0 0
244.0 0
245.0 0
246.0 0
247.0 0
248.0 0
249.0 0
250.0 0
251.0 0
252.0 0
253.0 0
254.0 0
255.0 0
256.0 0
257.0 0
258.0 0
259.0 0
260.0 0
261.0 0
262.0 0
263.0 0
264.0 0
265.0 0
266.0 0
267.0 0
268.0 0
269.0 1
270.0 0
271.0 0
272.0 0
273.0 0
274.0 0
275.0 0
276.0 0
277.0 0
278.0 0
279.0 0
280.0 0
281.0 1
282.0 0
283.0 0
284.0 0
285.0 0
286.0 0
287.0 0
288.0 0
289.0 0
290.0 0
291.0 0
292.0 0
293.0 0
294.0 0
295.0 0
296.0 0
297.0 0
298.0 0
299.0 0
300.0 0
301.0 0
302.0 0
303.0 0
304.0 0
305.0 0
306.0 0
307.0 1
308.0 0
309.0 0
310.0 0
311.0 0
312.0 0
313.0 0
314.0 1
315.0 0
316.0 0
317.0 0
318.0 0
319.0 0
320.0 0
321.0 0
322.0 0
323.0 0
324.0 0
325.0 0
326.0 0
327.0 1
328.0 0
329.0 0
330.0 0
331.0 0
332.0 0
333.0 0
334.0 0
335.0 0
336.0 0
337.0 0
338.0 0
339.0 0
340.0 0
341.0 0
342.0 0
343.0 0
344.0 0
345.0 0
346.0 0
347.0 0
348.0 0
349.0 0
350.0 0
351.0 0
352.0 0
353.0 0
354.0 0
355.0 0
356.0 0
357.0 0
358.0 0
359.0 0
360.0 0
361.0 0
362.0 0
363.0 0
364.0 0
365.0 0
366.0 0
367.0 0
368.0 0
369.0 0
370.0 0
371.0 0
372.0 0
373.0 0
374.0 0
375.0 0
376.0 0
377.0 0
378.0 0
379.0 0
380.0 0
381.0 0
382.0 0
383.0 0
384.0 0
385.0 0
386.0 0
387.0 0
388.0 0
389.0 0
390.0 1
391.0 0
