# messageDelay  cumulativeProbability
2.1000 0.0001
2.1000 0.0003
2.2000 0.0004
2.3000 0.0006
2.4000 0.0007
2.4000 0.0008
2.5000 0.0010
2.5000 0.0011
2.5000 0.0013
2.6000 0.0014
2.6000 0.0015
2.6000 0.0017
2.8000 0.0018
2.9000 0.0020
3.0000 0.0021
3.1000 0.0022
3.2000 0.0024
3.2000 0.0025
3.2000 0.0027
3.2000 0.0028
3.3000 0.0029
3.4000 0.0031
3.4000 0.0032
3.5000 0.0034
3.5000 0.0035
3.6000 0.0036
3.6000 0.0038
3.7000 0.0039
3.7000 0.0041
3.9000 0.0042
4.0000 0.0043
4.5000 0.0045
4.7000 0.0046
5.3000 0.0048
5.8000 0.0049
6.2000 0.0051
6.4000 0.0052
6.9000 0.0053
7.2000 0.0055
7.5000 0.0056
8.0000 0.0058
8.1000 0.0059
8.3000 0.0060
8.6000 0.0062
8.6000 0.0063
10.0000 0.0065
10.5000 0.0066
10.6000 0.0067
10.8000 0.0069
11.2000 0.0070
12.3000 0.0072
13.3000 0.0073
13.9000 0.0074
14.4000 0.0076
14.6000 0.0077
15.1000 0.0079
15.9000 0.0080
15.9000 0.0081
16.1000 0.0083
16.5000 0.0084
16.8000 0.0086
17.1000 0.0087
17.2000 0.0088
18.2000 0.0090
18.2000 0.0091
18.5000 0.0093
19.1000 0.0094
19.5000 0.0095
19.8000 0.0097
20.3000 0.0098
20.7000 0.0100
21.0000 0.0101
21.2000 0.0102
21.5000 0.0104
23.6000 0.0105
24.1000 0.0107
24.5000 0.0108
24.6000 0.0109
24.6000 0.0111
25.9000 0.0112
26.1000 0.0114
26.6000 0.0115
27.4000 0.0116
29.0000 0.0118
29.7000 0.0119
29.8000 0.0121
30.5000 0.0122
31.4000 0.0123
33.8000 0.0125
34.6000 0.0126
35.4000 0.0128
36.4000 0.0129
37.1000 0.0130
37.8000 0.0132
37.8000 0.0133
39.1000 0.0135
39.4000 0.0136
39.4000 0.0137
39.6000 0.0139
40.0000 0.0140
40.1000 0.0142
40.5000 0.0143
41.3000 0.0145
41.4000 0.0146
41.9000 0.0147
42.6000 0.0149
42.7000 0.0150
43.4000 0.0152
43.8000 0.0153
44.8000 0.0154
45.5000 0.0156
45.5000 0.0157
46.6000 0.0159
47.4000 0.0160
48.8000 0.0161
49.2000 0.0163
50.5000 0.0164
50.9000 0.0166
51.7000 0.0167
52.4000 0.0168
55.8000 0.0170
55.9000 0.0171
56.0000 0.0173
56.3000 0.0174
58.2000 0.0175
58.6000 0.0177
58.7000 0.0178
59.6000 0.0180
59.7000 0.0181
60.1000 0.0182
60.6000 0.0184
61.7000 0.0185
61.8000 0.0187
61.9000 0.0188
63.9000 0.0189
64.6000 0.0191
64.8000 0.0192
64.9000 0.0194
65.0000 0.0195
65.5000 0.0196
66.9000 0.0198
67.1000 0.0199
67.6000 0.0201
67.9000 0.0202
68.5000 0.0203
69.4000 0.0205
70.0000 0.0206
70.1000 0.0208
70.6000 0.0209
70.8000 0.0210
71.1000 0.0212
71.5000 0.0213
71.5000 0.0215
72.3000 0.0216
72.4000 0.0217
73.0000 0.0219
73.0000 0.0220
74.0000 0.0222
74.8000 0.0223
75.2000 0.0224
75.4000 0.0226
76.0000 0.0227
78.2000 0.0229
78.4000 0.0230
78.6000 0.0231
79.4000 0.0233
80.1000 0.0234
80.3000 0.0236
80.8000 0.0237
81.2000 0.0238
81.2000 0.0240
81.5000 0.0241
81.5000 0.0243
81.8000 0.0244
82.1000 0.0246
83.5000 0.0247
84.5000 0.0248
85.8000 0.0250
86.0000 0.0251
86.1000 0.0253
86.3000 0.0254
86.3000 0.0255
86.5000 0.0257
86.5000 0.0258
87.0000 0.0260
87.5000 0.0261
88.2000 0.0262
89.5000 0.0264
90.5000 0.0265
91.2000 0.0267
92.5000 0.0268
92.8000 0.0269
94.7000 0.0271
95.2000 0.0272
96.3000 0.0274
96.3000 0.0275
96.4000 0.0276
96.8000 0.0278
97.3000 0.0279
97.5000 0.0281
97.9000 0.0282
98.6000 0.0283
98.9000 0.0285
99.0000 0.0286
99.1000 0.0288
99.3000 0.0289
100.8000 0.0290
102.4000 0.0292
102.5000 0.0293
103.1000 0.0295
105.0000 0.0296
105.9000 0.0297
106.1000 0.0299
106.5000 0.0300
106.5000 0.0302
108.3000 0.0303
108.9000 0.0304
109.4000 0.0306
109.4000 0.0307
109.7000 0.0309
109.8000 0.0310
110.1000 0.0311
110.2000 0.0313
110.8000 0.0314
111.9000 0.0316
112.1000 0.0317
112.1000 0.0318
112.2000 0.0320
112.3000 0.0321
112.3000 0.0323
113.1000 0.0324
113.4000 0.0325
113.5000 0.0327
113.6000 0.0328
113.9000 0.0330
114.0000 0.0331
114.0000 0.0332
114.0000 0.0334
114.6000 0.0335
114.8000 0.0337
118.3000 0.0338
118.5000 0.0340
118.6000 0.0341
119.1000 0.0342
119.2000 0.0344
119.2000 0.0345
119.2000 0.0347
119.3000 0.0348
120.1000 0.0349
120.4000 0.0351
120.8000 0.0352
121.0000 0.0354
121.9000 0.0355
122.2000 0.0356
123.4000 0.0358
123.9000 0.0359
124.2000 0.0361
126.4000 0.0362
126.5000 0.0363
127.1000 0.0365
127.9000 0.0366
128.2000 0.0368
128.3000 0.0369
128.6000 0.0370
128.7000 0.0372
128.7000 0.0373
128.8000 0.0375
129.4000 0.0376
129.4000 0.0377
129.8000 0.0379
129.8000 0.0380
130.3000 0.0382
131.4000 0.0383
133.3000 0.0384
133.6000 0.0386
133.9000 0.0387
133.9000 0.0389
134.2000 0.0390
134.3000 0.0391
135.0000 0.0393
135.4000 0.0394
135.5000 0.0396
135.7000 0.0397
136.8000 0.0398
137.3000 0.0400
137.8000 0.0401
137.9000 0.0403
137.9000 0.0404
138.5000 0.0405
138.5000 0.0407
138.6000 0.0408
139.2000 0.0410
139.4000 0.0411
139.6000 0.0412
140.3000 0.0414
140.3000 0.0415
140.9000 0.0417
141.3000 0.0418
141.9000 0.0419
142.0000 0.0421
142.9000 0.0422
142.9000 0.0424
143.1000 0.0425
143.4000 0.0426
143.7000 0.0428
144.1000 0.0429
144.5000 0.0431
145.2000 0.0432
145.4000 0.0434
145.8000 0.0435
146.3000 0.0436
146.6000 0.0438
147.1000 0.0439
147.2000 0.0441
147.2000 0.0442
149.4000 0.0443
149.4000 0.0445
150.3000 0.0446
150.4000 0.0448
150.8000 0.0449
150.8000 0.0450
151.1000 0.0452
151.3000 0.0453
151.7000 0.0455
152.4000 0.0456
153.0000 0.0457
153.6000 0.0459
154.4000 0.0460
155.9000 0.0462
156.0000 0.0463
156.1000 0.0464
156.2000 0.0466
156.2000 0.0467
156.4000 0.0469
156.4000 0.0470
156.5000 0.0471
156.7000 0.0473
156.8000 0.0474
158.1000 0.0476
158.7000 0.0477
159.6000 0.0478
160.7000 0.0480
160.7000 0.0481
161.3000 0.0483
161.6000 0.0484
162.2000 0.0485
163.0000 0.0487
163.4000 0.0488
164.1000 0.0490
165.5000 0.0491
165.6000 0.0492
165.9000 0.0494
165.9000 0.0495
166.1000 0.0497
166.3000 0.0498
166.8000 0.0499
167.2000 0.0501
167.7000 0.0502
168.4000 0.0504
169.1000 0.0505
169.4000 0.0506
169.5000 0.0508
170.8000 0.0509
171.2000 0.0511
171.2000 0.0512
171.4000 0.0513
171.4000 0.0515
171.8000 0.0516
172.5000 0.0518
172.5000 0.0519
173.7000 0.0520
173.9000 0.0522
174.0000 0.0523
174.4000 0.0525
174.9000 0.0526
175.0000 0.0527
175.5000 0.0529
175.7000 0.0530
176.4000 0.0532
177.6000 0.0533
178.0000 0.0535
178.8000 0.0536
178.9000 0.0537
180.4000 0.0539
180.7000 0.0540
180.8000 0.0542
181.3000 0.0543
181.3000 0.0544
182.4000 0.0546
182.6000 0.0547
183.7000 0.0549
183.7000 0.0550
183.8000 0.0551
184.7000 0.0553
186.7000 0.0554
187.0000 0.0556
188.1000 0.0557
188.3000 0.0558
189.0000 0.0560
190.2000 0.0561
191.1000 0.0563
191.3000 0.0564
191.6000 0.0565
192.4000 0.0567
192.6000 0.0568
192.7000 0.0570
193.1000 0.0571
193.5000 0.0572
193.6000 0.0574
193.8000 0.0575
193.9000 0.0577
194.3000 0.0578
195.0000 0.0579
195.3000 0.0581
196.3000 0.0582
196.4000 0.0584
196.6000 0.0585
197.4000 0.0586
197.5000 0.0588
197.7000 0.0589
197.9000 0.0591
197.9000 0.0592
198.0000 0.0593
198.7000 0.0595
198.7000 0.0596
198.8000 0.0598
199.0000 0.0599
199.6000 0.0600
199.6000 0.0602
199.6000 0.0603
200.2000 0.0605
201.7000 0.0606
201.9000 0.0607
202.3000 0.0609
202.6000 0.0610
203.0000 0.0612
203.1000 0.0613
203.2000 0.0614
203.6000 0.0616
204.3000 0.0617
204.6000 0.0619
205.3000 0.0620
205.4000 0.0621
208.0000 0.0623
208.5000 0.0624
208.5000 0.0626
209.0000 0.0627
209.1000 0.0629
209.4000 0.0630
209.6000 0.0631
212.3000 0.0633
212.6000 0.0634
213.1000 0.0636
213.3000 0.0637
213.6000 0.0638
213.7000 0.0640
214.6000 0.0641
216.4000 0.0643
216.5000 0.0644
216.8000 0.0645
217.2000 0.0647
217.4000 0.0648
217.6000 0.0650
218.0000 0.0651
218.6000 0.0652
219.0000 0.0654
219.9000 0.0655
220.5000 0.0657
220.7000 0.0658
220.8000 0.0659
221.3000 0.0661
221.5000 0.0662
221.5000 0.0664
222.1000 0.0665
223.3000 0.0666
223.4000 0.0668
223.4000 0.0669
223.5000 0.0671
223.5000 0.0672
223.6000 0.0673
224.5000 0.0675
224.5000 0.0676
225.0000 0.0678
225.6000 0.0679
225.9000 0.0680
226.7000 0.0682
227.4000 0.0683
227.6000 0.0685
227.8000 0.0686
228.2000 0.0687
228.2000 0.0689
228.8000 0.0690
228.9000 0.0692
229.0000 0.0693
229.2000 0.0694
229.4000 0.0696
230.2000 0.0697
230.5000 0.0699
230.8000 0.0700
230.8000 0.0701
231.7000 0.0703
231.8000 0.0704
232.0000 0.0706
232.8000 0.0707
232.8000 0.0708
233.4000 0.0710
233.5000 0.0711
233.5000 0.0713
233.6000 0.0714
233.7000 0.0715
234.5000 0.0717
235.4000 0.0718
236.4000 0.0720
237.3000 0.0721
237.5000 0.0723
240.0000 0.0724
241.1000 0.0725
241.1000 0.0727
242.0000 0.0728
242.4000 0.0730
244.1000 0.0731
244.4000 0.0732
245.5000 0.0734
245.8000 0.0735
246.1000 0.0737
246.6000 0.0738
246.7000 0.0739
247.5000 0.0741
248.1000 0.0742
248.3000 0.0744
248.5000 0.0745
248.6000 0.0746
249.3000 0.0748
249.8000 0.0749
251.3000 0.0751
252.8000 0.0752
253.1000 0.0753
253.6000 0.0755
253.8000 0.0756
253.9000 0.0758
253.9000 0.0759
254.4000 0.0760
254.9000 0.0762
256.4000 0.0763
256.9000 0.0765
257.4000 0.0766
257.8000 0.0767
258.6000 0.0769
258.7000 0.0770
258.9000 0.0772
259.2000 0.0773
259.4000 0.0774
259.8000 0.0776
259.8000 0.0777
260.4000 0.0779
260.4000 0.0780
262.2000 0.0781
262.3000 0.0783
263.9000 0.0784
264.9000 0.0786
265.4000 0.0787
265.5000 0.0788
265.5000 0.0790
267.7000 0.0791
268.5000 0.0793
268.6000 0.0794
269.2000 0.0795
270.4000 0.0797
271.0000 0.0798
272.6000 0.0800
273.0000 0.0801
274.7000 0.0802
275.2000 0.0804
277.6000 0.0805
278.2000 0.0807
278.4000 0.0808
279.0000 0.0809
280.8000 0.0811
281.1000 0.0812
281.7000 0.0814
281.7000 0.0815
281.9000 0.0816
282.0000 0.0818
282.3000 0.0819
282.4000 0.0821
283.3000 0.0822
283.6000 0.0824
284.1000 0.0825
285.0000 0.0826
285.7000 0.0828
285.8000 0.0829
286.1000 0.0831
286.7000 0.0832
286.8000 0.0833
287.8000 0.0835
288.1000 0.0836
288.6000 0.0838
288.9000 0.0839
289.0000 0.0840
289.2000 0.0842
289.7000 0.0843
290.0000 0.0845
290.4000 0.0846
291.2000 0.0847
292.6000 0.0849
292.8000 0.0850
292.9000 0.0852
293.0000 0.0853
293.1000 0.0854
293.2000 0.0856
293.6000 0.0857
294.1000 0.0859
294.6000 0.0860
296.2000 0.0861
298.0000 0.0863
298.7000 0.0864
299.5000 0.0866
299.6000 0.0867
299.9000 0.0868
300.9000 0.0870
301.3000 0.0871
302.1000 0.0873
302.2000 0.0874
302.3000 0.0875
302.4000 0.0877
302.8000 0.0878
302.8000 0.0880
303.0000 0.0881
303.7000 0.0882
305.5000 0.0884
305.5000 0.0885
306.9000 0.0887
309.0000 0.0888
309.1000 0.0889
309.8000 0.0891
310.3000 0.0892
311.0000 0.0894
311.0000 0.0895
311.5000 0.0896
312.9000 0.0898
313.0000 0.0899
313.5000 0.0901
314.4000 0.0902
315.4000 0.0903
316.0000 0.0905
316.4000 0.0906
317.1000 0.0908
318.2000 0.0909
319.9000 0.0910
321.0000 0.0912
323.7000 0.0913
324.1000 0.0915
324.3000 0.0916
325.7000 0.0918
326.1000 0.0919
326.3000 0.0920
327.7000 0.0922
327.8000 0.0923
328.8000 0.0925
329.5000 0.0926
329.7000 0.0927
332.7000 0.0929
333.7000 0.0930
334.6000 0.0932
335.0000 0.0933
340.5000 0.0934
340.7000 0.0936
340.7000 0.0937
341.0000 0.0939
341.0000 0.0940
341.2000 0.0941
341.3000 0.0943
344.7000 0.0944
344.7000 0.0946
345.5000 0.0947
348.9000 0.0948
349.5000 0.0950
349.6000 0.0951
350.8000 0.0953
351.2000 0.0954
351.5000 0.0955
351.7000 0.0957
353.4000 0.0958
353.7000 0.0960
353.7000 0.0961
353.8000 0.0962
354.7000 0.0964
354.8000 0.0965
355.3000 0.0967
355.3000 0.0968
355.9000 0.0969
357.0000 0.0971
357.4000 0.0972
360.2000 0.0974
360.8000 0.0975
361.6000 0.0976
362.3000 0.0978
363.1000 0.0979
363.4000 0.0981
363.8000 0.0982
363.9000 0.0983
364.1000 0.0985
364.6000 0.0986
365.0000 0.0988
367.2000 0.0989
368.5000 0.0990
368.8000 0.0992
369.1000 0.0993
370.2000 0.0995
370.5000 0.0996
371.0000 0.0997
371.1000 0.0999
371.4000 0.1000
372.0000 0.1002
372.5000 0.1003
373.6000 0.1004
374.5000 0.1006
375.9000 0.1007
376.5000 0.1009
377.5000 0.1010
378.0000 0.1012
378.2000 0.1013
378.9000 0.1014
379.5000 0.1016
380.3000 0.1017
383.3000 0.1019
385.8000 0.1020
391.5000 0.1021
392.1000 0.1023
392.2000 0.1024
392.6000 0.1026
394.8000 0.1027
395.0000 0.1028
395.5000 0.1030
395.8000 0.1031
396.1000 0.1033
398.8000 0.1034
402.2000 0.1035
402.5000 0.1037
404.9000 0.1038
405.5000 0.1040
406.4000 0.1041
407.3000 0.1042
407.6000 0.1044
408.7000 0.1045
408.8000 0.1047
409.1000 0.1048
410.3000 0.1049
410.4000 0.1051
411.9000 0.1052
413.2000 0.1054
413.7000 0.1055
414.4000 0.1056
415.7000 0.1058
416.7000 0.1059
416.8000 0.1061
417.6000 0.1062
417.9000 0.1063
419.9000 0.1065
423.4000 0.1066
423.5000 0.1068
425.3000 0.1069
426.0000 0.1070
427.8000 0.1072
427.9000 0.1073
429.0000 0.1075
430.3000 0.1076
430.9000 0.1077
431.0000 0.1079
431.4000 0.1080
433.5000 0.1082
433.8000 0.1083
434.0000 0.1084
434.5000 0.1086
435.6000 0.1087
436.0000 0.1089
436.2000 0.1090
437.0000 0.1091
438.7000 0.1093
439.5000 0.1094
440.0000 0.1096
440.8000 0.1097
443.0000 0.1098
443.6000 0.1100
444.1000 0.1101
447.2000 0.1103
448.6000 0.1104
449.0000 0.1105
449.7000 0.1107
450.7000 0.1108
450.7000 0.1110
451.3000 0.1111
451.4000 0.1113
451.7000 0.1114
452.9000 0.1115
453.0000 0.1117
453.6000 0.1118
454.6000 0.1120
454.6000 0.1121
456.1000 0.1122
459.9000 0.1124
461.1000 0.1125
462.5000 0.1127
464.4000 0.1128
467.3000 0.1129
467.5000 0.1131
470.5000 0.1132
475.9000 0.1134
478.2000 0.1135
478.3000 0.1136
480.5000 0.1138
481.9000 0.1139
489.9000 0.1141
490.1000 0.1142
492.4000 0.1143
493.4000 0.1145
493.9000 0.1146
494.0000 0.1148
494.7000 0.1149
495.0000 0.1150
496.3000 0.1152
496.7000 0.1153
496.9000 0.1155
497.0000 0.1156
499.8000 0.1157
502.6000 0.1159
506.0000 0.1160
509.5000 0.1162
510.5000 0.1163
510.6000 0.1164
511.2000 0.1166
514.5000 0.1167
516.6000 0.1169
516.8000 0.1170
517.1000 0.1171
519.5000 0.1173
520.4000 0.1174
521.5000 0.1176
522.3000 0.1177
525.6000 0.1178
526.2000 0.1180
527.7000 0.1181
527.9000 0.1183
528.9000 0.1184
530.1000 0.1185
532.1000 0.1187
532.7000 0.1188
533.0000 0.1190
533.4000 0.1191
533.7000 0.1192
535.0000 0.1194
540.0000 0.1195
547.2000 0.1197
547.6000 0.1198
550.6000 0.1199
552.9000 0.1201
552.9000 0.1202
553.6000 0.1204
555.5000 0.1205
555.7000 0.1207
555.7000 0.1208
556.7000 0.1209
560.1000 0.1211
562.3000 0.1212
565.1000 0.1214
565.6000 0.1215
568.1000 0.1216
569.9000 0.1218
570.7000 0.1219
572.9000 0.1221
580.4000 0.1222
583.1000 0.1223
584.0000 0.1225
584.8000 0.1226
586.2000 0.1228
588.5000 0.1229
588.6000 0.1230
588.7000 0.1232
592.6000 0.1233
593.2000 0.1235
595.2000 0.1236
598.0000 0.1237
599.0000 0.1239
599.3000 0.1240
600.0000 0.1242
601.5000 0.1243
604.3000 0.1244
605.0000 0.1246
606.3000 0.1247
606.7000 0.1249
607.9000 0.1250
608.0000 0.1251
610.2000 0.1253
611.5000 0.1254
612.6000 0.1256
622.0000 0.1257
623.5000 0.1258
624.3000 0.1260
624.7000 0.1261
625.6000 0.1263
627.0000 0.1264
628.5000 0.1265
629.9000 0.1267
635.5000 0.1268
636.3000 0.1270
637.5000 0.1271
642.3000 0.1272
646.9000 0.1274
647.5000 0.1275
656.2000 0.1277
664.8000 0.1278
666.7000 0.1279
668.9000 0.1281
674.7000 0.1282
678.0000 0.1284
686.6000 0.1285
686.7000 0.1286
698.6000 0.1288
719.7000 0.1289
724.1000 0.1291
730.6000 0.1292
735.3000 0.1293
743.1000 0.1295
762.8000 0.1296
764.1000 0.1298
769.7000 0.1299
774.1000 0.1301
777.6000 0.1302
780.0000 0.1303
803.4000 0.1305
814.5000 0.1306
816.5000 0.1308
816.8000 0.1309
820.0000 0.1310
825.7000 0.1312
859.7000 0.1313
874.6000 0.1315
890.9000 0.1316
894.7000 0.1317
924.2000 0.1319
932.5000 0.1320
945.6000 0.1322
962.8000 0.1323
977.9000 0.1324
982.3000 0.1326
1038.7000 0.1327
1102.1000 0.1329
1133.5000 0.1330
1155.2000 0.1331
1215.5000 0.1333
1221.5000 0.1334
1233.2000 0.1336
1269.5000 0.1337
1287.0000 0.1338
1304.5000 0.1340
1373.7000 0.1341
1386.1000 0.1343
1447.7000 0.1344
1558.5000 0.1345
1702.9000 0.1347
1719.8000 0.1348
1782.3000 0.1350
1820.2000 0.1351
