1491.156328004549
838.3694651411276
820.4457992394414
1160.8205697885255
1210.9944758771844
915.3893866086346
864.6661724806572
439.46957282689254
966.1159182421839
2881.7246312106668
3105.909584494075
3670.218777214907
890.9891719393518
2977.6173302565758
2678.0795995018216
867.5952049352409
3555.5093102858527
928.9751963345257
827.3619812093016
949.5881103876372
4115.437747809868
1090.5351099582513
790.6356725760209
3459.811277770072
1726.9112300259567
3026.274657521989
958.1244069022246
2205.4888503870025
889.8653187447826
3121.152972574876
1664.4507395022938
808.8090738746718
3234.2582092268667
927.6567128576316
1750.736791648551
1606.7047977772977
4597.926154356632
703.3654636373521
1094.5119345819949
3436.5244167076035
2484.5641884443876
4951.314041115039
2948.063879154423
1741.141950388902
1379.2416318846106
657.4089948760197
971.8553416936447
562.9510947163153
2606.816958861158
402.4218735813629
323.0801428205723
4071.2157882909637
858.7343650694602
1848.5532471251481
1309.939543297317
2728.171285447243
873.0293655615628
1793.4604046542454
904.0744350443765
2211.80396371019
2058.0246617341395
845.9888886148628
1834.9316333220995
775.3342000545781
1910.2855170801713
1916.8518647679903
804.2784577423395
961.1245646726379
2729.682174634093
2022.6974276689825
2149.2357249962806
34.416191056676325
2136.3607966123877
1236.0462657974872
1530.7362584581342
2895.5202514499
1773.9196086820261
3828.64863906145
2319.0533753388117
1783.615735383532
827.1238345736224
2814.321584566112
1413.105128267474
5090.670450612994
4713.991563323605
1746.4674982987617
1985.5227804616588
3779.063903006822
2548.350269402443
839.3794093126617
725.1262048225053
399.86404482635135
1420.9667070355167
2686.305034302627
1498.251654303508
3839.697783731038
410.8846242751979
613.4515672221779
4787.815519614872
2102.6731529296385
841.4218015221932
850.1968241173281
2926.9393232707853
783.1456685236462
6952.861089521748
1727.6763134861776
6076.722450267098
2744.299006800028
786.2325149350509
1605.4450286133897
1100.0271855073388
1832.4178042793146
5021.690066320824
1130.517066571075
3131.803613428564
3178.0063723078483
1786.4754351945185
3245.4379002494447
304.1775621102555
1352.6966959914714
5753.077236321104
1177.3593896909397
1308.066727361579
2855.4483450438
2346.283493117052
960.4919453465276
7405.942027358388
4498.451812496065
7718.412777388906
5666.630902065579
6367.9544651658525
127.77178761258028
5053.030227466485
1696.439570980191
1686.7640394804575
1429.6929700689934
753.4743201007004
2601.591535994539
3543.168837095209
1224.8758924857893
764.0746444000733
1174.481691447707
5606.307765782001
1036.1981954799417
1241.5002450065558
2116.6294191812412
1170.437806071017
844.5290184606351
1113.2935579128157
1270.2030925317522
1402.7830956621428
2581.365250539611
3161.0029456801667
875.5782774654053
3639.552497648117
3434.7279333785627
1659.2514347586957
1146.3049073363218
1172.8151346204577
2083.7692087257556
933.805754320615
4299.9415420795685
2256.8806412286967
941.2555932771984
3059.491869428686
722.5847188709204
1484.1264584420805
715.0763663394823
1398.6544895270385
1930.264456913852
4530.425834993086
630.1251585334476
1279.0340524598487
1621.7521662274075
3249.774780286114
1224.406367657265
927.360140874428
747.7004116667613
897.1028251897469
1463.6052914104816
2145.5814689390045
1104.8530701783884
896.5298378784178
1154.0592139672208
1436.5034529331087
1825.3238436828497
1003.2019788024181
837.9428139693971
1664.244410904283
1128.7314777692013
4357.886626196042
541.7676263753492
17.192687719523747
1251.5017139251604
943.3978526359629
1271.1844721624639
367.74808501456573
3861.8658358715347
995.6174034436453
2239.284269849243
804.7161370984654
2332.7084341885184
1173.7504327871197
1275.5511649259615
905.5184287708316
4299.597522970675
5369.654411851394
958.5997642634584
1368.7964414223234
2980.7058447551763
1619.6484152431008
1083.2838358236386
7.306392241397589
991.4196238882432
928.5189733542038
339.0776097518683
919.1518546689758
2941.765246434816
356.49850295746364
337.8684807480777
611.1247692904235
825.4449198801176
1008.1322877165338
2203.420448402104
1356.4584169051086
991.1136775988898
35.63483233295301
252.63939316151937
9007.019871961891
2865.473532928978
2960.1359254444433
909.7040815834234
945.9844539714904
5217.394851068275
401.15383834932027
1292.306446684066
903.6068448758624
594.1308360352632
3826.427996508497
1997.931971225864
5523.030222588156
1114.2682702263064
3410.8624570767033
1985.6881940217809
431.75843246278396
3948.8395928144027
661.3304699856053
3567.712766363101
1935.0912781886632
1276.4801898173596
1624.2633478119114
333.23498855096386
891.1951223847424
405.45230328090247
1211.2464768798227
1099.4597840213191
1035.738325467756
1329.67431191967
281.6077738516333
992.865893422425
2435.2115444618553
1228.2303778731139
1358.5642201213623
692.5068801477664
4094.2141137001267
957.749862911045
8584.181207052225
4951.849439180024
2865.084625011209
144.89684072920227
2138.3619642142075
1135.4306515575063
1076.9430040136385
2247.6934751864137
2364.260904148951
1105.341847404523
1017.9201687935079
1023.8565686076181
924.0980672420537
3531.718457423979
1030.2521641394087
842.0429839932076
7843.6740166872105
1832.1266542482122
1825.6411683676206
4232.911570271808
1039.637379054178
4406.302262200343
1609.8231239223132
606.3877696095747
2077.6756530459566
2572.055834211345
940.7673377664833
2482.8601127284965
1863.3628595129649
1741.298810004681
1766.9436861354125
811.8602572548217
5325.482116027311
760.0963424371339
811.1659875034429
972.6464367696949
3104.773069395429
857.4879285029956
1148.807739119873
1082.9734232855444
601.8162191926003
4780.781377041554
2227.6603458730433
2884.6352875536118
1866.118760801408
8727.223201744673
1214.7160245851967
891.5257627657047
1624.2454958928574
2718.2062301004307
1098.7434623943427
5026.074160608356
3456.147433333648
3594.9217009739123
990.9352602634553
1932.3819591504898
1109.0095827008
2281.1636808600338
1935.6528807325358
969.8347636327808
2568.0392847013213
5954.7682123820505
1737.7512970587966
715.6849865498311
1200.5778175653536
4046.4161982630812
780.7729547260975
4037.2854165659205
1771.8427563995772
1112.9512965915428
1105.0278639681437
4411.345160047857
1450.9218469045281
2397.564361902749
158.5377110006266
1113.6602211132022
1694.17949870539
1469.857298829682
528.4799363594175
2786.6888702593365
1585.5061042379075
915.1658341514744
1942.1605214277217
5873.693275178082
162.65329506851822
1030.91455589549
3490.9413919988533
3289.7261692365737
865.6844798249222
3386.7934100879156
4941.776946627879
1877.4612754633947
2721.996384621827
798.8385966210199
730.9873476268467
1194.592265009088
2951.3367833260495
1999.9044797980614
648.9909671879122
553.7797802370656
1500.073969305533
1073.1325327272243
2266.684885983109
1510.576966456436
3596.797034194676
7366.665167543989
1962.845790180555
1937.6135762083281
62.93787481568506
564.0773757825491
590.7496945506873
4434.6097566570315
3610.6863695830325
5443.382385523627
2084.2460681177827
333.73252449942447
5187.790139541521
960.9157503843262
1775.0799499926397
205.5910624590257
634.5532549330037
7156.9191155392455
5030.321807392905
4600.296817740029
3000.679480096085
2599.05752218018
58.952131641333835
680.021163197337
4965.283739261919
898.3034135349426
1833.9801033743515
1819.86742564839
1346.1167468986037
4243.500147665138
3633.0405813142743
6672.646891404492
884.1194817301675
2736.0463191175845
894.5043934180003
2576.8974926654223
853.9041807782532
2744.0457282584675
1312.2268687091537
903.8157008884391
2970.151311658293
2752.3004478066505
5022.770938634498
1291.4737757522767
1515.701519529474
935.82639475015
1472.661873177276
1608.09851965111
1513.1402553863331
5954.325169831387
903.8146343557347
2039.1623813817737
3244.8136660453956
489.1596868261171
7017.3060330556555
885.034423404855
926.4197251194419
138.77646931101845
1075.951855708171
3385.674139018908
498.34963236501426
3741.293187999656
2570.5321323944336
2045.6762483154125
110.42592981877124
2476.4657421700686
2620.6048566626205
1527.45972480513
737.1195647737222
34.963375398205244
329.6113789732008
734.9508632761508
1347.6160114616396
901.9677287064533
64.4674987044026
1664.912958013726
940.0862011569002
1795.9074233229603
1623.8662406988506
1014.5820518315259
1944.3029855161212
2047.9694301716386
861.6689263289691
1190.4989328360716
7814.765297581263
5653.365765519197
3549.7519295910424
2044.6261539331808
1410.024461112288
728.9012791721716
3004.1875810895854
4217.613345697378
4277.714677703205
4733.106098504892
1718.3577922509548
45.07943663662263
1396.7472148719244
974.2391388261549
1414.094083210066
6064.601942698505
1410.05751398557
2028.8956961633712
4223.6188753064125
2232.2608014005496
4413.0122779648245
2334.733907771052
3362.558205101471
1831.0645447945872
1143.703299506642
403.01363633003984
894.943073084869
1872.240014574254
1103.1699008673804
400.73266624230655
2625.8018507384195
1019.6204356863564
4716.57151742067
1354.348436475916
2002.656288322234
4177.714984866079
269.72825876481056
162.16789660401764
1783.1842254201829
3186.555763827186
4202.58990793964
2681.2852641552795
2048.6348289060534
3628.04699205701
8968.586578974398
6226.604694205907
730.4444885348189
1742.9906387258975
3157.221611589026
866.3668043747216
4591.787593665165
1063.5368417048783
728.3269606593597
1295.69908683542
1537.8390360400554
1271.313717093758
1351.5248889411423
1916.0763257873064
1774.169786410705
2174.492036854479
2332.9139446917643
834.667648288605
1219.6807604900896
908.675617031733
997.5090106527364
2163.7773740226935
926.786287857095
2467.709940947948
1047.3647475286077
1246.5420464964718
936.8727672164996
2482.757323377807
998.4918242358799
2828.8025610417653
1497.9868594008628
1018.9572101685121
2725.580081371406
1050.3390589279006
2886.300038859492
1927.1767330466582
333.4102398592822
83.44776303109211
3955.4766821223184
875.7724036453383
705.7803215238491
304.9848141295506
963.6381717378208
589.920229010738
2524.385840111215
4959.518972884732
894.7587131533533
2836.5004864972775
1180.9264558837358
2085.5569731486175
6211.043793608947
1681.5013769059615
2486.1210925514933
1633.5569526564514
1063.9729976438557
952.5823177715342
829.9012353878561
447.73809682964566
2542.3271098509854
731.4249238726397
3997.4310010499266
3115.0238537082014
2008.8594711394535
1317.1116285591115
2021.288467333068
813.8547466436282
4261.052329349543
2518.627684003194
3684.517402454815
1328.402004090547
1158.1511942270954
10.438388200233021
1050.3054681730168
701.8480293433979
3494.7366999131063
1266.9045433256579
4993.089042015438
1217.0985435320536
505.3491932270008
839.8263019520194
2013.056166227637
880.8880546891196
1851.8702141348604
3067.612862071276
538.6722298074674
778.2903946107372
636.32924405215
2839.7577812486475
842.0864155688405
744.1486158284008
2376.124052847553
2872.060954261421
1610.496518473557
1716.6770778284736
494.3550598874108
2193.174597047074
1242.759559811464
2855.4878163434782
1058.9968334422406
1382.1511358507878
2213.014484012272
118.81739953609394
1662.125308725221
853.8323864817676
3281.158113461501
261.20704124382246
4291.571065136724
1644.0279595471447
1612.6517687254643
4842.666164520493
1279.151523071534
507.47320108173153
2497.9890021585934
799.0003201314826
2712.819125344804
2908.766180350617
20.597361753662426
2972.6667720391133
5407.202286178175
255.6480406346982
1044.933073241924
782.2956764965088
1061.0597885105235
2514.014507199819
1633.628121644112
3446.2990342178828
3060.8426231586473
306.67598004057345
986.5029183955853
930.0036840006851
648.6437684748232
3682.222434502327
918.5174091053614
1338.795411278431
1134.5238830459384
3300.24539484641
1780.287048681238
1839.1943688675092
376.49184531489277
987.223563206662
1046.7271801615889
8206.53252319741
913.9166868448725
1212.585167367042
927.4072131247099
3162.2997334295633
973.9913293103507
6189.324628137705
7535.645162125053
2062.67755857421
3897.362918973634
4535.037613813914
552.2812738251628
865.5663917713209
710.2870377217964
884.2483450967143
2229.768351118504
5959.448690309369
2460.4777430184085
2368.5445314735434
1177.6626223734538
1127.1346115356064
1376.5331314733762
1785.0905431546425
847.9390381924859
1542.180791699926
738.7223077544513
1003.1550579519808
834.2247595394556
2376.729662299622
1360.638241180348
3358.9659660074876
1764.7968970608845
999.6619085137527
1893.6727910567606
1239.6937575676932
965.8787259148835
918.8654861004984
1019.3571115965083
5784.959261491262
3047.810472394939
3181.1752085132493
3925.769013019656
2135.8690708213253
1346.2174651712485
1240.2095839122221
89.99955969500752
10.199237913483103
2130.1507166171127
1079.0572168827584
1340.2227427294229
637.5591471437374
110.11359422928672
1261.9760320262058
178.61405995780115
2821.6377786167704
840.514539920593
1006.2893513095396
707.967361387211
2366.4550749946775
2111.4260336158686
323.5626963931654
1231.6176758284232
660.2014691800168
2620.544306821954
889.2677444915898
3678.238791221238
1058.702668641995
798.5329425864693
3935.8216889028167
891.8703266951334
995.6942595755116
2131.2047265201586
3247.83618412941
4583.635048431183
4276.465760492361
2869.770079677893
6323.1084835119855
2369.420830654752
179.57387155414062
1432.5316137209538
820.4928581426248
2701.075982108142
2069.411864247675
1533.626949304719
1257.7206403266882
647.8626442814639
143.20179037415346
1384.937444988167
853.293526534585
590.5106109237986
3805.2439510123354
1870.884949355645
790.5591307848636
984.9858898086459
522.3880844292453
1867.3244594961961
2783.9618986801825
7733.193845904217
6995.2680695831905
3879.6274054580927
21.030340966238327
3010.0834489495
8550.204206980341
836.3793857584351
2229.301793961409
602.3105863507458
1079.6750823451785
3233.257602430541
1061.7036104512472
5218.993624907524
7553.806994492757
506.9351796595147
4537.932123404299
4124.63302314398
654.0589371805108
8004.0494785599085
782.9936958423486
798.6887776651938
1343.859908082178
1454.9030891558946
2057.99983671961
418.5467493526412
1491.163709508347
127.15400993972344
2081.118865814656
1530.580518412116
1559.1032901637664
6830.647203864219
1958.0508108366116
625.6564963906612
1103.0631461449902
1119.620043111233
2217.366173228951
790.3091844392936
3568.0985412000723
4158.096209042585
2057.1853120828614
1515.8675848394782
2816.8224113621554
1832.1597862932786
1298.5866198368353
2144.8287243847913
1661.6915167595262
960.6443430801155
784.1392717133604
705.5331757556869
54.811839441753364
3860.1083531636755
1836.385677882089
1919.4848748977956
4202.861908483001
1891.0223907504114
2406.2075777072587
64.26229792737081
2757.763827801717
2541.3324452138286
2606.7659819466944
912.4312058359915
1105.463953875853
1956.6433890040375
997.7427960081895
1229.8744119297526
294.14982479847276
1436.6552021716516
1056.847329641214
819.6132116140698
613.7303262488554
2104.2947112287634
2748.1092140674104
2862.895644032257
983.7398507501732
6640.033380683053
1553.8318328796
4454.770608315758
2659.8072529061637
2994.518748777795
4367.265302654084
3100.171954223927
942.5197518074401
5010.75962643656
3812.7891815688563
2134.913665265727
883.6489446673904
8032.99938473025
1911.217894234303
4945.661806619273
2522.7055754829576
3149.331768669696
5629.467835192081
2086.428405073045
1036.5430895457157
1010.5382207288121
4900.3941021123555
591.60055666263
2262.932467775804
3454.762699668664
1956.5335622831171
946.5602362678142
4246.4214435337735
622.1377677610253
947.0504429645226
692.1124235233972
5607.634343918229
834.98944834141
2843.1271548077802
1621.1979922033643
1692.9776732739165
745.089062917993
1924.963454497144
3379.2865008450694
883.7970153015663
4994.65653018641
1458.918401277393
766.4576789575585
501.4687030621444
5096.689226094656
2475.3878153414107
888.0455034978003
2020.5959932581177
4545.805064302188
639.0443653244729
1672.6403779707252
644.3990856562787
1656.7144304773483
266.62550631686827
1585.9460582298289
3722.782215413035
3335.8931110180883
991.2667598521289
3939.048913466824
1571.4735697406013
4391.320450564499
1191.0115309633493
4372.480872798191
2599.9640468239922
199.1273724922903
1029.9271976391756
1799.0425538063714
626.2499763736205
3271.1538465015783
2748.242401569292
2463.6982583411955
677.270623038009
614.9430104230323
636.9161608681225
2074.866227233512
2474.7387019552575
962.3687455596746
773.9740936292762
2248.1488530976812
726.4274302139364
6880.281806893168
61.53929404142036
496.78863136511063
3250.1186253760534
932.1936782328751
1291.1960159822565
319.28262259556413
754.2523583186544
806.8229457931537
4779.686225646948
1134.9146337198945
1324.8669262125914
1965.9140439822768
1455.6605293698103
3694.2588078213603
1259.986879240068
281.7288577771708
942.3776640453184
3262.3421300289774
2308.5933826824257
2968.479873126335
329.24412705976783
4356.968202986015
3396.209383368476
2535.1713536423713
750.5211645355621
8238.771234004764
49.53610783111435
4237.223615067681
2098.117092014799
597.1078676557104
2186.168945813441
1761.2376803727473
92.10186229425244
1875.7687927275456
6513.496628540057
825.5853181189214
980.5960560180529
826.8272467987308
1102.3737168754396
3443.7846130401795
1085.257890269018
4339.842756541198
83.35748190428967
1086.0163409449808
1341.2233992969623
5340.091044240561
3143.9869322873046
4821.307613005942
934.3899124773188
1555.09051613463
3569.8071848023305
3063.2706247905126
502.79500283901234
2731.831065090895
1230.4803217540448
45.03083888218703
2134.0235057627415
777.9719986960417
4111.940596538489
689.4336704656398
1163.9042904903272
2946.3646796222665
2238.7533560009206
312.0839069672884
3290.1700551973036
2364.0209593755803
5256.026155792099
2053.301697437134
605.0513031415471
2452.1216090863895
949.8480939067576
340.02306904434045
512.9809660538394
129.53103776554872
1758.2713359703112
1439.3487907707722
2362.18185648493
4260.889326230104
1384.227701116735
2476.055811340526
1755.8182362934454
5152.402767845373
681.3198740085566
1745.5081049713945
60.715656447456695
1660.355888919269
3197.6925927628954
700.9506088243252
508.7009954327327
2573.7624601954517
1728.0323570207283
1455.0285984370894
3496.2721375123187
938.9053755649165
1089.7190566614208
1015.6995137975464
2929.3635674384004
1987.3917740364013
8240.393506637853
6035.562550176639
5715.720164265187
2628.1707202652315
4708.949929941999
153.52510742250706
3356.7217896302523
834.3237831327724
2939.382288685292
1082.8358760970536
710.3221333283504
1892.156830846906
791.7337445564644
1800.230090156244
945.9946613820202
1987.2433607051753
1832.344001707036
2123.3389881035473
1110.6445992031731
853.6060506172926
6036.177552319012
591.9606170042348
760.6827402423592
1218.9622915381033
903.8925546867304
640.0170790042466
395.65033541114644
1348.7586323522737
63.647813286107976
1034.0922903155779
701.8092940529095
2031.770836595816
810.0703867969341
1548.1171572409667
1213.8351548129426
3141.760063176067
1083.1680668850868
1815.7409427172342
3823.832307694339
3571.147717099098
1619.6383101349757
1021.770189375432
1161.6416961827285
3171.5414297200987
1258.2773150039327
4860.483126807794
4842.553591400044
1119.4379666282662
1200.2226042215284
1738.501771191497
740.3954417325331
1310.4424177502897
6364.336330416815
3641.1812139203985
3022.3528968711425
1128.6757922401175
1052.750581441378
976.5358149036647
5803.853738253034
1831.602433384549
584.7017555230614
246.3840534292035
5299.832344765438
1942.0183558201238
797.7305498406377
1710.459033474007
1754.5693344767715
4054.415475870266
1915.2581061746905
1081.1492720458982
775.8968334213009
91.84441467618763
779.080803722818
2972.8455502626302
1923.814923512533
941.0116165535537
2299.162016137846
