SLAW/lar_30
(1, 1.125703564727955)
(2, 1.2195121951219512)
(3, 0.8442776735459663)
(4, 0.6566604127579738)
(5, 0.18761726078799248)
(6, 0.7504690431519699)
(7, 1.4071294559099436)
(8, 0.46904315196998125)
(9, 0.9380863039399625)
(10, 0.37523452157598497)
(11, 1.0318949343339587)
(12, 1.125703564727955)
(13, 2.0637898686679175)
(14, 0.9380863039399625)
(15, 2.4390243902439024)
(16, 2.6266416510318953)
(17, 3.095684803001876)
(18, 3.283302063789869)
(19, 4.127579737335835)
(20, 71.29455909943715)
(21, 0)
