SLAW/lar_30
(1, 3.8461538461538463)
(2, 2.8142589118198873)
(3, 3.4709193245778613)
(4, 8.067542213883677)
(5, 13.696060037523452)
(6, 8.630393996247655)
(7, 6.566604127579738)
(8, 3.9399624765478425)
(9, 5.816135084427768)
(10, 5.159474671669793)
(11, 4.315196998123827)
(12, 3.095684803001876)
(13, 2.908067542213884)
(14, 2.6266416510318953)
(15, 3.189493433395872)
(16, 2.5328330206378986)
(17, 1.9699812382739212)
(18, 1.9699812382739212)
(19, 1.2195121951219512)
(20, 14.165103189493433)
(21, 0)
