SLAW/lar_30
(1, 8.926174496644295)
(2, 54.36241610738255)
(3, 21.34228187919463)
(4, 4.228187919463087)
(5, 1.8791946308724832)
(6, 1.6778523489932886)
(7, 1.476510067114094)
(8, 0.6711409395973155)
(9, 1.006711409395973)
(10, 0.9395973154362416)
(11, 0.5369127516778524)
(12, 0.4697986577181208)
(13, 0.1342281879194631)
(14, 0.33557046979865773)
(15, 0.1342281879194631)
(16, 0.20134228187919465)
(17, 0.4026845637583893)
(18, 0.20134228187919465)
(19, 0.20134228187919465)
(20, 0.87248322147651)
(21, 0)
