SLAW/lar_100
(1, 8.117979082507885)
(2, 57.655912788445576)
(3, 19.73880803497316)
(4, 2.589784737977976)
(5, 2.351834430856068)
(6, 1.4885728515300758)
(7, 1.1288805268109126)
(8, 0.852194123180787)
(9, 0.7304521055835316)
(10, 0.6087100879862763)
(11, 0.5699739914780588)
(12, 0.3652260527917658)
(13, 0.34862486857395825)
(14, 0.27668640363012564)
(15, 0.2213491229041005)
(16, 0.226882850976703)
(17, 0.12727574566985778)
(18, 0.24348403519451056)
(19, 0.13834320181506282)
(20, 2.2190249571136076)
(21, 0)
