**** Histogram ****
(1, 2.345215759849906)
(2, 1.5009380863039399)
(3, 0.9380863039399625)
(4, 1.876172607879925)
(5, 1.3133208255159476)
(6, 2.1575984990619137)
(7, 3.0018761726078798)
(8, 5.065666041275797)
(9, 6.378986866791744)
(10, 7.317073170731707)
(11, 4.784240150093809)
(12, 3.8461538461538463)
(13, 3.75234521575985)
(14, 2.8142589118198873)
(15, 2.25140712945591)
(16, 1.6885553470919326)
(17, 2.8142589118198873)
(18, 3.0018761726078798)
(19, 2.5328330206378986)
(20, 2.6266416510318953)
(21, 2.5328330206378986)
(22, 1.7823639774859286)
(23, 1.6885553470919326)
(24, 1.4071294559099436)
(25, 1.4071294559099436)
(26, 1.5009380863039399)
(27, 1.0318949343339587)
(28, 1.594746716697936)
(29, 1.6885553470919326)
(30, 1.5009380863039399)
(31, 0.9380863039399625)
(32, 1.594746716697936)
(33, 1.125703564727955)
(34, 0.8442776735459663)
(35, 1.0318949343339587)
(36, 0.9380863039399625)
(37, 0.9380863039399625)
(38, 0.28142589118198874)
(39, 0.9380863039399625)
(40, 0.5628517823639775)
(41, 0.46904315196998125)
(42, 0.46904315196998125)
(43, 1.4071294559099436)
(44, 0.5628517823639775)
(45, 0.5628517823639775)
(46, 0.6566604127579738)
(47, 0.09380863039399624)
(48, 0.6566604127579738)
(49, 0.37523452157598497)
(50, 7.410881801125703)
(51, 0)
