**** Histogram ****
(1, 2.2959763582632418)
(2, 3.538683034022884)
(3, 5.28150337197848)
(4, 9.183905433052967)
(5, 13.124194892778663)
(6, 6.796999318026824)
(7, 4.804122148973251)
(8, 5.342123209820413)
(9, 5.516405243615973)
(10, 5.516405243615973)
(11, 3.894824581344245)
(12, 3.781162385390619)
(13, 3.65234522997651)
(14, 3.053724331287414)
(15, 2.803667500189437)
(16, 2.796090020459195)
(17, 2.038342047435023)
(18, 2.0534970068955065)
(19, 1.8413275744487385)
(20, 1.5079184663181027)
(21, 1.4397211487459272)
(22, 1.091157081154808)
(23, 0.9774948852011821)
(24, 1.0153822838523907)
(25, 6.653027203152232)
(26, 0)
