**** Histogram ****
(1, 1.0756760851450649)
(2, 1.2499053102037725)
(3, 1.5150367396409363)
(4, 2.02257404742065)
(5, 2.158927353988334)
(6, 3.120975683660329)
(7, 4.2193773199000075)
(8, 4.961745322324066)
(9, 6.484357245663206)
(10, 6.6358609196273015)
(11, 4.06029846223771)
(12, 2.73464131505189)
(13, 2.3861828649344745)
(14, 2.4164835997272935)
(15, 2.4922354367093402)
(16, 2.8482690705249603)
(17, 2.4770850693129307)
(18, 3.037648662980077)
(19, 2.855844254223165)
(20, 2.658889478069843)
(21, 2.0074236800242407)
(22, 1.8862207408529656)
(23, 1.7574426179834859)
(24, 2.02257404742065)
(25, 1.9316718430421937)
(26, 1.7195666994924628)
(27, 1.5756382092265735)
(28, 1.477160821149913)
(29, 1.3635330656768427)
(30, 1.4392849026588894)
(31, 1.401408984167866)
(32, 1.3938338004696615)
(33, 0.9999242481630181)
(34, 1.0378001666540415)
(35, 0.9544731459737897)
(36, 1.098401636239679)
(37, 0.901446860086357)
(38, 0.9393227785773804)
(39, 0.7423680024240588)
(40, 0.7650935535186728)
(41, 0.7499431861222635)
(42, 0.689341716536626)
(43, 0.5151124914779184)
(44, 0.5757139610635559)
(45, 0.48481175668509957)
(46, 0.49238694038330433)
(47, 0.5302628588743278)
(48, 0.48481175668509957)
(49, 0.4090599197030528)
(50, 6.241951367320658)
(51, 0)
