SLAW/lar_100
(1, 0.5378380425725324)
(2, 0.5378380425725324)
(3, 0.6969169002348308)
(4, 0.5529884099689418)
(5, 0.7196424513294447)
(6, 0.7953942883114915)
(7, 0.9090220437845618)
(8, 1.1135520036360882)
(9, 0.9999242481630181)
(10, 1.1590031058253163)
(11, 1.802893720172714)
(12, 1.3180819634876146)
(13, 2.946746458601621)
(14, 1.2726308612983865)
(15, 3.3558063783046737)
(16, 1.6059389440193923)
(17, 3.9693962578592537)
(18, 2.5149609878039545)
(19, 3.636088175138247)
(20, 69.55533671691538)
(21, 0)
