42.81435857518409
40.328498670461954
49.50466988514199
45.27877125391569
47.30917786840837
8.090139299829389
50.000000000298314
49.896412913620225
48.600753348206126
95.37647094096519
56.08392464017561
37.24898634231886
50.16671792478701
43.53411071329538
41.20088727972666
50.0
31.586238621170196
24.469560351539258
3.7718698323378703
45.72082197607415
41.38930531943697
37.52145274028135
41.403143415871455
50.497689218587766
48.69470003293827
47.80306344944802
46.59416485047768
39.54764237294148
51.36972823614997
49.11732992526879
155.15239704690066
49.41975212889702
49.999999999701686
42.36318079231569
28.613738922520497
43.96258484652208
56.915233742700366
245.31792482424908
18.250041598279495
66.3613616377861
36.86989856627952
58.96497783513041
48.565462170852015
49.493810445439976
33.448911755449444
42.11834551128959
50.035276960647025
81.54388164324519
108.85433011948044
43.842852679787484
58.846571216305165
41.13054338411166
49.99999999996271
10.286814967343162
49.999999999701686
50.0
10.712799669729975
31.137596618582393
31.90475811365104
50.000000000074124
25.442407658902084
36.09385117458851
30.060825155889688
39.71079027871747
16.633042290472076
34.805526968382765
36.54595289090503
214.34895376453278
41.872775955351244
47.74633467767762
49.999999999701686
26.193265925132437
45.39908022992677
133.33437234640587
50.0
35.95219389314025
41.786178450658554
44.86087630273323
51.32263660525496
35.5065414738383
50.32193361717327
50.00000000014916
49.746429422157235
42.458967541124366
49.8097656587197
46.56199394362511
46.17409692612364
50.13263599637503
36.79490136140339
37.28229452177595
11.043837285059453
48.29852291906059
47.201458766607175
48.13859092788334
287.8672172956394
51.77835101310211
188.1407139413102
38.3845235879744
50.68404087273666
48.847912397173786
32.89781303703148
48.702712649917885
36.69279387278857
50.0
44.75807373442149
50.00000000119326
46.74102124766864
44.977681379380556
64.90266775645614
27.858993687055772
44.66660807152539
7.259941586426976
48.8439800668275
52.674185168143595
51.53093315071055
42.90294109415845
49.99999999940337
78.803717375406
171.1704502339744
32.969857287682316
50.0
49.276345081165346
17.01420882140519
51.453356230857935
65.2733927449508
89.63042990971735
191.9632709422367
46.278884332688904
48.810987365375695
174.683397250883
46.664628688839
97.40741707455663
24.15804939028726
49.829462899182545
21.53122811115645
45.25410536194249
49.13384319442957
26.63532181251685
47.59290299566783
48.311547816516395
49.91831579490008
50.0
48.002625602819535
44.43475486764146
17.46015197401198
100.11618019383786
48.502313107549526
40.82808778807157
47.98765467326666
47.311535725915746
23.981764884352742
49.39105250596822
57.59892113668866
54.00371415575091
48.96618480146935
48.71871653591454
17.784908452377294
13.366969401655297
48.61367075891576
29.90986092212188
50.00000000000006
50.0
98.14496172655436
414.3605054273082
45.805791382424104
95.25028391330443
41.46969227988666
412.22553665722444
44.027174052334885
50.82598344387952
36.688506999444144
128.13018742201712
44.71183906124861
41.86700343159475
51.99192201142114
45.78745623109353
161.38093232624487
49.13472879087567
51.927678058689935
39.842492999276146
48.54682867755764
337.16938982155807
55.932726218268726
12.288023483382858
73.33418965530257
61.521544561283235
41.52316307056208
66.16170344045622
26.345679955702508
44.26674619608639
94.29485801351802
28.83192988980045
48.128017602402
50.000000000298314
18.935849594679894
56.47533198093765
36.43806943573236
233.15674714236775
24.684927618029178
37.76466357593927
49.55628107363009
49.732611986763004
264.117783706728
49.73947496479013
113.04581335613238
12.828551875991252
38.283940515753784
49.99999999940337
42.48960696831
44.05367313408806
31.07980200734164
47.02283383755275
93.68439980668182
112.56877021268178
48.32278752213824
46.18429498140904
73.69790731995727
24.688410022869903
63.745287059852785
61.78292908723961
35.16936708098365
51.8634177176981
22.462167602730915
111.52349116921141
44.587020356046196
50.00000000014916
50.029390758014415
44.78824545066527
50.00000000003729
49.66827164774077
25.22526230832773
49.722868150003706
108.08140099568936
34.08763500708574
13.515519003920417
42.52930448197003
50.00000000059663
51.89641828196454
347.8048501866001
20.33181253548355
25.699669297804576
72.15222259920904
15.802902870002072
159.0742005954462
49.11197717373943
43.428918953160974
27.68674344822466
47.051430384927244
33.90859263167658
42.09323005772785
16.575537685515883
61.4083917136777
277.884366627708
145.9899053860163
47.65978551100852
8.700452983370269
49.808824123556406
54.625094156819614
44.8372238663942
45.45363504193119
47.909839911180825
42.311645559406315
7.585764769051821
19.274353573210988
49.411404999667866
48.23888217942658
28.09476415797417
25.404499294811103
49.99679447746894
127.90742268538452
3.8405348756332387
156.60954546150788
49.42937938551404
47.84943361918431
37.88356312511405
44.4667561919141
224.36485189836458
48.51998361985716
135.09679419293388
41.92982987656433
25.433712161184303
50.0
13.433349698324491
41.63759054065213
44.11672421281946
50.00000000059663
49.999999999701686
256.2204427943922
49.06694839077136
130.5678748467626
34.4149912134053
50.00000000119326
52.284441426135345
401.6145641718931
37.93434008301301
699.2669999584243
57.61301087775064
446.1121612366587
341.7261701543666
50.0
50.0
60.301438318802866
47.432781299700764
60.15411936504188
31.540817228937158
67.75932994060531
44.672391890824656
50.6589365690279
55.6757285020758
313.83220741114565
51.76217655491041
207.02087740939032
50.00000000014916
339.3210689039661
167.99299125894322
44.840966059502534
39.60449941712977
51.645448373470046
49.26016171424999
39.92631710376554
72.24196611629122
49.999999999701686
92.9981316078638
46.53694815312974
50.284660885725316
39.61653114622095
33.953055230126665
37.95187183584858
49.588869992010586
181.91567040843256
271.5562959875424
43.308906135516736
49.903961541431045
64.59063433172241
69.65334204426472
15.15665405758773
78.23072212569468
46.05924882148793
43.575423165795655
153.54381386827436
63.86492521356581
52.200575123903945
74.85864526601927
51.42445263216723
47.88679958575176
25.39039746945491
36.301527952171455
77.18734107503042
408.37637543569326
50.14159933054998
49.999999999981355
15.230668559968763
49.96029191878824
23.908853635935884
48.82788721713405
37.46711503487313
49.99999999940337
49.937298252119945
48.96957954318441
49.49744134368484
69.58770839612862
19.35305370426795
34.03749409760269
44.81880913636883
34.40154474703013
41.73220424619467
52.902504281070264
45.828125433105015
48.972379536302014
46.39022629721694
29.093303258028754
194.43384854298256
83.40627726389812
48.47131136503231
43.79392220556838
44.34464884077897
49.99999999985084
12.816027486007442
44.050500847039075
50.0
79.4027838337247
33.654390921734375
43.14080097120495
60.16785553978025
38.46280698612645
16.657956560178718
46.58061157334487
21.735958975577205
42.05043770401244
43.08196374184263
51.57022939922899
48.340185114893075
81.6260373830446
49.70825590255117
66.07156551287517
98.53434920828295
45.51913934390177
77.68033057906723
22.692194631260463
49.208792064371664
32.31771705539359
49.99999999999545
50.353662561062265
21.086014230892033
46.51123661872043
42.618495689707515
126.01508375848289
49.29636002557345
56.17671095609694
47.32067453964919
52.33699166927181
38.99305472062042
50.0
48.75123366359912
46.73661457700564
47.997513784376224
24.316843870583398
70.7707754199364
33.195398780815594
96.57469094541239
34.43079613262853
104.76979646227755
49.99983089597299
49.02317387544099
61.33260583508127
72.42325041451477
49.52097308527391
49.999999999701686
20.811437097105227
32.81601723752078
49.69167218513121
25.525808425065406
49.99862205573663
50.114746911579005
13.614358466940757
25.117212008157367
50.00000000007458
23.94583919982051
49.40945066213135
20.40944058126479
15.923103142897162
32.97006768134656
39.20875169696956
154.67154759391087
49.99999999996271
50.0
73.8265996763721
16.696604730010222
44.02621443620592
48.91098619690274
44.38149503385284
44.494782622146886
12.412471006635315
47.483731059408456
195.11319180871806
51.0421277995265
52.59627966261746
49.76084864083441
45.847038552032245
47.27139187886314
32.34021208850754
50.0
45.7744782149216
45.65851444685404
48.97215803893596
78.00258338005415
43.08436033478392
13.930130240678409
26.238948089170663
44.599234199657076
256.89384290896214
92.56344449813332
26.11427428496654
22.284855387041716
93.95937142839648
639.8835062068006
33.84363410723745
50.000000000298314
54.74404517160656
48.827413092953066
432.3882200576718
50.05347495636943
401.5936958340626
39.29541188202893
22.999046522460162
49.238264778630764
43.01396157813633
41.75841876054619
108.12239361947854
112.86295123914624
50.000000000018645
31.42627731486573
50.471212066026055
28.587847657043312
42.60588140507343
49.999999999701686
44.107336063907496
48.96888078527263
452.49009583733095
50.00000000007458
16.54354376485935
44.35225333951894
41.50139684509486
50.0
54.36761082114299
58.26404642704256
54.71589220473288
202.4322643422779
199.75829216311422
48.758595297589636
35.06870444204287
198.81044255461347
50.00000000007458
42.94029943982605
50.0
39.9888339658678
50.0
45.226411950401484
46.896544855968386
49.99999999880674
50.00000000003729
27.095218764519814
46.7515982788791
50.00000000044747
47.85825378749723
49.99999999940337
125.02458609616178
382.53804568184705
34.70004515827168
49.75223498414698
49.954544518457624
127.44563351544366
49.51649457120584
49.99999999996271
17.90309808924303
25.257277054719452
26.15039692926439
369.90935616732895
49.35453165668241
50.28491824764933
50.000000000018645
31.1752457285329
50.096025653084325
44.796548100906875
49.967464957135235
58.95168231982416
50.000000000000455
72.21721427637021
49.99999999985084
69.68680535378371
50.0
39.962837650618894
49.96368171784707
39.76201594637314
51.04449649777234
35.049330195911125
49.63749778330157
49.99999999940337
5.136884406721947
56.01482512197437
45.54938340158333
47.79916928737293
50.00000000007458
49.67103839228548
42.61305412087131
21.875453314107517
23.33928155293779
12.267586325289813
51.950345828072386
49.99999999940337
37.37872486786
14.115885704355605
46.087479743317544
65.47942461126695
50.0
50.426112048829964
44.87243905304422
49.999999999981355
205.954351290447
125.48108934492393
40.343549486337
107.34404556561276
120.87063472009686
23.98069739533514
50.25796556568048
23.751285131093027
46.43969529852973
73.30817358318882
49.990990780523134
48.79869120519288
266.1144649217117
84.00603817783463
0.3928972152607457
47.159708541426426
43.71250395277639
130.38384232290628
41.40131579995523
41.89085772576618
40.71346236001591
51.15317388216317
13.811789198900897
34.79306727736184
46.45149117190704
56.693777778345975
217.65837097425083
44.62712764042226
50.0
37.40803211591265
35.48356156202135
233.5314901770762
54.92682971687918
419.57244206118776
258.5541463287864
107.88162393818493
50.00000000059663
47.171820641480736
45.47500165880467
23.04886588492832
63.43804070238002
11.095054930850893
160.40623566529212
45.22486728338481
50.46960557635339
58.52193877582977
16.030647088494334
44.82444648053206
42.741510632704376
37.490273568484554
50.0
48.640592408215525
48.271522532144445
49.87356591855132
35.813823792404946
49.99677650014564
50.78629597616691
76.99145304243939
225.9026027374257
47.79050118889245
31.0933665208795
49.990402789105005
47.916331365455335
50.00000000119326
41.61573946087651
49.72479252163612
116.84433628977422
98.73196962357179
45.684413509508886
32.98611907919985
50.09998151616446
93.40331426506282
33.290400628797215
55.33719217433827
40.44832674569079
360.5233195563096
23.610674830068092
43.838278450442886
49.88314179175086
45.869799448617414
46.80679219072408
46.89874372752888
49.76924871242227
37.31781715298166
59.03410767067362
43.967685326657374
53.64100113325367
51.866678975277864
53.33373891937936
50.00000000059663
50.0
49.99999999940337
978.849467722669
55.36873803247818
53.00597393852513
56.04097621660185
49.75008177930431
77.97233998574143
49.999999999701686
702.0172503612685
49.985402308047924
47.07740496504357
73.97845466783838
37.05740692427207
31.119431618639283
34.66792666656602
39.35581492780511
87.45672982072438
46.76792437635777
49.43795532072181
42.67415175201131
49.99638596124532
28.56185645144251
47.181103954349965
50.0
34.73102949009626
24.20654060983361
127.07961015051751
230.24295173381887
49.484190802297235
87.24147922738439
33.397692522363286
168.756309292904
35.62851066720532
42.74373345114691
25.662576531222385
35.791539356932844
49.99999999985084
46.53091563139242
47.15376661156188
69.24907215025166
39.194515489167316
15.650180810721395
72.16641809126759
49.406732590174215
31.631079470136683
46.120729556600054
49.9330116263136
54.74189910310406
37.63759017473967
41.00775207126935
42.27145541974096
45.08564718282287
36.05624033460481
50.0
44.02563971534437
127.36372305790928
36.09005149195582
52.817480697322026
20.215877627779264
78.79623906878805
114.65686101223037
45.44155660493979
36.64006643907851
49.99999999988813
19.342982093786304
47.462912841630896
50.0
31.357194992000586
31.032738067878334
451.0059468112727
21.25506823647447
17.783142569040137
110.2629238059344
31.881317005098936
48.74008179848897
213.5322733082685
394.3502678097475
65.15500595359481
860.9280517768952
49.48526714042964
54.70389186454486
31.108309898076186
46.39080015196305
24.837518183929205
46.02209459925507
41.52462362163533
40.02045177370928
160.9172675404152
35.7161707888165
46.7736275262705
29.084562240434025
49.4352534925456
50.0
42.59228055188396
51.22898329378586
207.95406747846937
71.38883834799799
43.94552144793488
65.69918589888005
246.06236811147983
77.3275570797523
49.925972477713
32.65792665580739
19.454895255343217
67.49296122719124
247.68971766340792
50.61228242318248
25.966148537658228
36.36945615385412
55.31663070116804
50.0
32.19232382043447
46.73914813024021
3.038133703215351
11.82778438541618
49.75775441286714
18.5032439271381
41.73496944014187
42.80849729329202
47.7349791380866
128.84290045306898
40.6919969440969
36.5894700091776
184.90964730581254
349.3027379275306
49.602253755586844
35.3263025960523
30.9892185025692
35.279092607433995
49.99999999996271
50.0
49.50986703031958
43.12996973205736
37.74749260036589
12.30228924021685
50.90343219508759
48.05692424911467
49.991263640222314
32.86549618909703
48.4744160363698
28.08514618199024
49.999999999981355
19.57431713436199
42.394736155654755
30.42317721955078
45.70152582368337
38.00950548409219
42.68660661546528
57.99735355402845
82.27473776074112
44.87076888062711
216.17989538455186
24.39991679121158
48.78269961168553
41.94372918317822
28.042477667398998
77.65825282095375
50.43242871009352
65.44409548254225
449.64680907292313
59.772939023403524
27.9562404461127
49.382685988060075
36.60876466349782
52.177183422711096
49.999999999701686
50.124625258196374
49.790775217537885
38.26825499268125
46.73109506233345
96.74297285422745
20.94912716932413
45.73798934670049
11.740076282625523
26.130260690411205
49.231615802000306
46.9195226094871
42.93280380607939
77.69290093324526
158.1927384124201
33.57235679245696
45.50215606637721
36.23044118925145
46.526629785272235
120.3939599588075
27.818344562410857
49.87953699757145
44.749869068538715
50.0
103.48935662915983
157.74905042260434
40.08709923765673
25.716180492318017
49.99935963081816
61.341002111132184
144.04765655761912
595.8218059238566
49.934105028723934
54.406347750296845
35.45606670665211
32.52636949444877
48.6124812705948
43.93171714104756
49.75315416822923
46.324320928059024
503.57625649950194
39.435978646073636
28.575308235451303
215.3017763984226
96.1251608076941
60.385778145290715
46.8153464957295
12.850203831852355
49.709712845223294
47.427107169460214
50.23054191060214
60.24431102766903
25.915284331409566
47.872974896054984
49.984207115177924
30.929405434208093
45.67895972738188
93.55495621713999
59.83781566188554
48.87131904194757
49.99999999999545
74.06634930493328
52.19080019103012
43.30383416108816
229.64892537379637
37.756568839494776
3.0791177957908076
42.11417343847734
38.439513654318944
187.6237790050145
6.716191556542981
91.15732004245729
567.6990254307457
50.0
291.08661754114814
211.39974467443926
49.02468587585281
960.9244293902584
27.711798606938828
51.29552296471195
50.000000000018645
10.379992857086108
27.34029503493548
46.41956598470642
32.49869850331197
49.84286739500749
49.808921924173774
49.99999999992542
48.31661278677893
46.876135883883876
50.0
23.586411644477266
43.76300315330627
49.32078322070083
50.53407353431612
52.88723846416133
46.48239652999291
50.00000000007458
44.95369930533616
29.9893500845792
46.08256900923334
49.88989237741043
44.47424854075916
27.566966299655178
49.99675113851845
50.000000000298314
272.7845933957997
47.70784813514183
50.0
49.99999999999545
47.37393927711673
45.699199920900355
52.46493627088239
47.013845764398866
151.09428819866253
15.384323535002295
51.5507240294728
51.79733632991338
52.12661443631714
52.97071784504078
52.704307674708616
53.06016030186038
54.94255078970491
35.41481789457066
64.60384448357581
149.40832057853913
49.811935786266986
10.008810770779746
43.06303342591127
46.35167160102492
60.92654440705064
29.938969935901696
50.0
22.330398017255902
50.00000000007458
7.07050909854479
122.56774282508377
79.71929275580624
51.7179281767294
37.41726431286588
246.03764893957396
88.08791972933977
40.22143610958483
56.588472324436225
23.925132480466345
49.999999999995396
42.369455504993766
35.43656234051559
45.58294689041031
270.01158504592433
49.71454582820479
50.000000001789886
49.999999999999886
9.652057093474468
38.99838397914573
4.936654601538521
50.0
66.37299379931528
44.06913951620663
155.24180321290714
48.86659365444939
48.09199788370279
51.393567360981706
43.862586691793695
47.0540125407515
52.059840384552444
137.080087655846
46.10737815826178
37.96117922024132
49.35897259429112
19.45926695230446
48.08009335279348
49.50551023076878
659.0634642193145
42.38811287115641
49.99962940272417
36.30282293684013
50.0
45.827048351560734
50.00000000007458
294.01443578422186
72.13415887110295
19.67308128622335
106.65488332853147
47.62329651168102
41.49710666957617
6.984619361434397
42.92537201493542
40.548876240863365
175.22746708645718
54.06083919711091
47.122214576820625
47.98225796829752
45.14228554982765
40.18859588439955
29.451770896398443
19.677047040781872
50.0
50.00000000014916
49.828849063216694
79.50988384497577
4.442209511254987
285.7827964336866
18.66644937752335
44.32848197327985
21.239300368852582
36.122694398964086
48.98777414297729
68.15404964544243
29.30000403008671
47.179075280386314
46.68134748819284
48.45894732237359
62.49204682507116
47.939373217242974
57.72798808788684
47.89202738174117
37.47274018537428
47.032792493802845
33.669568864175744
91.28266625128526
118.93600230563425
50.0
80.26103979469553
43.69977422021111
49.82804187087095
49.964611351158965
32.32259394039647
2.746230881009069
145.52231936035605
49.92774882387448
212.37907555609218
247.15149672131156
26.185245391823628
66.55805276606043
40.22224999398895
47.81742809530738
59.00390581160195
48.93789864093924
50.0
49.999999999990905
450.4578255930087
43.59006442403006
94.3155159220496
39.322763711828884
45.24694073503542
49.99999999992542
43.98041495423058
49.999999999701686
50.3772671623592
49.02134546079105
50.88919084684562
54.00603139646046
37.19698251615
82.54930776965602
41.68521607564435
55.79771794425142
54.17615787660543
32.221260988429094
47.37828807457481
42.54407713436376
63.80283621228227
34.429807955366414
40.85129858398341
18.32526078124829
38.84584653425918
42.65296364665096
37.40587909633268
50.0
49.999999999701686
38.964550144361056
49.37750098090328
49.999999999701686
311.30951385433946
35.89034556853221
48.46845287512406
21.4455603840579
53.491081308393404
50.0
47.42913033178047
49.812789102329134
49.842869279641434
52.97718292133686
47.088546684752146
50.000000000298314
39.058339207615575
105.56867438694735
49.99555450108164
43.274062997229294
18.62132228203336
48.70418848578265
45.774322467557795
25.903532548874864
34.71681335920948
35.42343121701447
26.023664090713282
49.331292478458636
82.17290075655728
58.14156441206319
42.01595636381171
49.22983277550338
23.62391952158214
34.36747141226715
48.62726555485824
49.996500859606385
27.296577904004153
50.00000000059663
49.64472450545554
43.4311596240841
49.99963134242353
49.996906790738024
49.62757116857938
73.7381172867872
51.59552796974481
66.0804479572821
22.27827404848358
73.81534060589138
21.89768330618881
41.27881645625166
50.00000000044747
43.45024422186316
67.62871855393769
49.96434959029784
50.00000000014916
33.03417919861067
10.713222533111093
50.346015654835355
44.03330962458614
76.66503280452116
75.85829914033184
47.87055101184342
48.505591773440756
50.154621385116116
45.71364252540752
50.0
76.75896027350291
49.99999999996271
48.61823785019078
50.0
47.01116569742044
76.45817282877556
49.99999999985084
48.166658171285235
47.45019782292002
49.92889412202021
46.79787055216002
49.957366828886734
50.0
27.844003501480984
46.209298518660944
225.91185909050637
53.12813571174547
40.78595790617692
59.353906091351746
49.99977378376934
55.2962742134423
49.89093372388788
77.94849377362516
45.79011245009906
41.056248891866744
29.436277209906592
40.82030465180719
46.57320474936387
221.5493174270905
47.80937793673729
50.268383600389825
22.00612715618081
50.0
99.45446040699971
47.194205208139465
49.01198405240211
44.32854446592319
38.11813191359761
21.870069383929472
28.6053062373403
50.0
45.22409660824633
16.618173692841083
48.47452052301287
87.37053746620495
39.104045336428726
298.29780880596854
43.53898306825249
50.00000000059663
14.678819863187528
45.50812865450371
50.296616537301816
28.27283853031804
49.68186850573693
72.44716339725346
50.00000000003729
28.934415381932922
53.36274803665401
65.47803392977039
49.834650230259285
55.481278623414255
42.89992902695303
47.55603242180746
33.02627500116614
41.52019470988307
42.626165410090834
41.78530260234879
48.69712918919595
48.019068434969086
75.19407722062306
8.38791604113033
50.00000000000455
61.0158292105134
47.022911004818525
49.82292854256593
43.44630308707747
48.575195224151685
56.03613804744873
24.351526577475852
11.410062284778178
118.28306674246551
38.243235243489835
14.500743864612927
46.45346379752982
50.00000000014916
108.27732085203934
48.74902405556713
156.81893942763782
41.04780153278625
49.99545496310384
84.75747011937528
38.255019460957556
66.63985625220039
78.6060146284658
133.2455831494135
23.41172542752065
125.98540343422883
26.422967477610655
75.4530516014056
49.15825860805853
48.92455297579863
45.48237599991262
25.374471799721505
69.35864600475361
153.0663631240077
50.000000000298314
48.82517079869285
41.37594648317088
16.16172818932955
47.421028304357606
46.31304552096344
17.402123397390824
26.79400409745358
46.78240512168486
33.36979423108278
49.29702711656549
45.95923568178114
49.99999999992542
50.63227558793005
40.6155688062704
45.89104534926901
46.24655821509259
45.52542424207968
35.23616685027446
50.0
27.259055664981133
46.46298203957849
63.47681770273448
50.0
44.962285642852294
43.888319329756996
52.9513343277481
50.0
50.0
47.853800842251076
43.18459838706258
43.88753427368283
59.69624416134502
43.78783174158161
49.99999999940337
166.3491326866406
36.63628582383899
50.23047990869031
44.92851937008709
36.837737313127946
50.29067184888845
49.999999999981355
49.999541995066465
25.90608691661282
34.0287967439981
42.573660490823386
47.476243139337384
36.008895830414986
56.65999353609095
56.93590948049405
121.43252635328463
49.999999999701686
49.99999999940337
39.60150336424704
36.702985895277834
39.572807487777936
32.69168557795092
47.02628107721466
21.59975842811582
23.81478758399342
47.66037089877409
49.54542118773861
40.088161238757266
37.77717741250308
50.0
47.52208237671357
41.10055888696661
247.8944106553672
127.20621999982359
212.18181050424664
232.33371715715475
82.36465721064633
31.245884617190313
46.82369019838734
27.042514225998467
77.33461441834629
44.795416259615195
50.0
55.90924415128916
48.583031025259515
33.61946203669504
34.7980781465202
63.67536921087276
49.05435116818626
66.00203055912971
49.58397285694082
41.0283113265823
66.97061180961464
43.47278638928765
15.927803788774327
50.0
7.188661174686786
51.80323305633556
30.534679388317272
208.83086924491272
49.941088062954805
49.42587982061741
60.229164063408916
50.20825176377548
43.7016501428443
49.4809983278501
47.5600162376395
46.65167608935644
46.1417855075797
45.947298238257645
49.999999999990905
50.00000000119326
49.99999999992542
25.354045016300006
46.70349518629064
32.47986753346595
56.3222188714426
18.9354677619433
0.052169632866025495
778.6551609666049
16.489779566707995
45.591119562323
35.09331072450004
50.6575181706412
37.61661019196532
49.914526737316464
49.95573472338219
156.18597069457428
58.48814430489438
41.83911849572178
169.8590778644575
50.0
19.436990780692213
51.87306556139811
50.338143225026215
11.44093353685821
1.659485454803871
107.34190613477949
41.13976836842994
88.53838088287739
114.8696743263987
49.71248636226301
229.18819231957195
395.82093793844024
50.0
49.408577852706
295.0539970426198
46.2619059029912
113.29994147584148
31.13878076990295
41.971367237254526
49.99942838818879
21.176067696396785
92.65634573120133
126.78208590844679
49.83849008215111
51.49971596147316
133.37804883320132
32.69408671736869
43.286218053988705
57.674357348549165
14.687825991684804
49.977625723295205
34.55394183287581
38.44501919916547
26.838809340703847
50.0
50.0
50.00000000089494
52.4089717129707
49.97699110743861
50.98514252829409
48.484601341453526
50.0
50.00000000007458
20.16445109664528
45.5671500672197
102.8846299888337
714.6987356126726
49.20369989485425
50.6630051729735
44.4532563333305
33.067462534743754
50.00000000119326
48.74854666245494
47.41212864076897
49.999999999701686
129.05076726340246
726.8389436830203
45.83776251574818
39.212347315016814
47.82875586869159
53.203201767226346
168.63581845668705
44.86140304849232
42.40910889448787
31.40086762439023
48.20252082625666
74.90191010698982
63.42529192801703
126.20092531186219
50.0
47.59745209798348
38.07894430376746
49.14751009990141
47.382712417082075
49.91625931515409
49.99999999940337
47.10921586903987
34.35019985890358
34.923601458156554
77.296370996713
78.2749619893757
43.40167622743502
33.30074981866892
84.33480772955227
49.41623738384078
28.635740506966613
29.710520139296932
49.692222386996946
26.506827059820353
