56.30345748263403
15.856846628515996
37.74109083026269
48.437293583983774
22.957212006027476
29.676906163169406
19.979688346887997
50.0
49.999825663859156
52.956372253629524
39.47654845514626
50.0
49.99966792428256
16.90601822966164
50.00000000007458
10.235591436122377
31.62143477196514
47.8259400217903
46.44292369631512
79.93281333023333
22.980300374883882
110.23708426797657
274.51653846383124
30.53067674362137
15.705563107690068
50.892256967819776
21.055624552453082
75.65861552508977
48.65077268099776
49.99999999940337
45.235767873426084
43.615842942924246
48.31646296799795
66.98716427074464
176.12197105751625
45.47888908018376
32.620995766810665
49.9992672288372
53.09950664537064
50.000000000298314
50.0
36.73790830983671
46.99062342843172
177.61214663758983
49.14541915981272
379.4831345465218
13.916703996464094
48.88462845756658
49.82760044436691
57.95262884243948
68.68250169622115
26.61024493919058
53.96844809490403
49.99533609140599
49.994564178967266
49.99960827077939
48.905967038223025
44.195598939720185
13.843373264457114
49.999999999701686
62.05742441780967
60.22085960789627
57.42467242582643
17.897263706864578
40.67227132613698
15.03608150018772
49.99999999985084
106.92045107247759
43.60757773655132
103.99278340154888
66.89170798966734
146.94842205966415
73.13563443807652
20.61313608913224
49.99999999992542
49.66902516419486
47.65535815733347
28.306627914604178
48.39182163276564
50.000000000298314
8.796092044278339
46.6506977763529
47.69748279716805
46.90466458389892
49.99265196121166
39.5177576389583
58.13499501974684
49.999581442958515
57.83684775380652
72.26713281970115
577.6218263223791
45.037352300367274
50.0
44.929298513285175
19.643281690201547
51.86164913341156
490.4487089273546
49.99999999992542
27.930173007240228
49.99932820792674
49.99999999955253
127.55183388779824
13.107208711198837
39.29582797261537
50.00000000059663
234.47518285771184
97.04605561867015
39.04058931256759
35.73165271468906
63.1096550082093
297.3182340592193
50.56039366288314
35.14590715250688
49.674579308551984
92.64579787311595
33.44655555669124
44.85384870454982
49.99937561479783
44.42560116761524
47.670458745407814
37.279673881181225
53.73135433591233
53.1150266194054
47.85288381594642
25.764978030213115
35.53506976860672
62.669374179516126
42.83312353393012
454.31677926523207
615.1609583083446
6.229355146328089
57.44748684375554
51.06513634941439
55.16076720925048
153.47432052423608
61.00440411413206
73.84323777082295
52.47120962972758
49.999558215573416
52.22288295663202
49.99999999940337
49.99996430991814
213.56061472026613
31.06804605648358
59.939654775706
103.216019466121
49.571101561894466
53.59796473319034
44.208381941191874
45.73533532476267
49.99832883670251
132.5099616592829
75.61078582550272
49.99935762529276
34.778583046920176
90.45009488041615
284.6923111754895
49.40618373859252
55.26957548615792
46.132130454217986
49.99999999988813
58.04156562620847
28.429079159084722
49.99927616593777
167.75545480535493
47.00848283998312
38.90614921181441
15.838761381335644
61.916722038915395
207.24430836817373
45.07599720843473
44.91382448915829
45.358716148447
49.99999999996271
50.00000000003729
49.9998293498229
50.81712468822752
49.99999999985084
43.69652151164337
43.55346622174693
25.185417590302677
32.41158390243521
32.585358903023234
38.37980421998964
38.995846985798835
474.6537555070927
40.597390954244474
21.188200845843312
23.06544213084817
46.53127420116107
33.049598032903305
194.44703027542892
82.59491392996279
48.58869263743327
49.998760007143574
33.99486821904793
28.04705279873042
8.793865755262686
49.405706214747624
49.12704514749021
49.94652765097453
609.3234333982673
61.6965328310298
49.99999999940337
16.87551567443188
44.557006124910004
64.24077024607777
111.75252485207739
28.429310089859428
49.095335514706676
8.746398356535792
176.3057606839311
48.344905875825134
119.48320616279307
49.62485894277961
21.148451031813238
52.239067053469626
151.70455046800288
49.99778511771501
65.73148159015773
55.15334522800731
38.89430449667634
48.605001699192144
47.62004150603025
55.989627612318145
50.41038732852303
50.000000000298314
56.156637422674066
50.00000000059663
41.18850229082818
39.608406555405054
64.69544949388956
30.425223916596224
49.999834994252524
40.6217846344407
48.95902636206665
74.32714370285066
62.2044177316302
339.6240990647675
401.2570144048532
142.3444232660054
52.17681950499127
48.80392269170625
526.9681430313858
10.577537709081298
45.81236925210578
24.508233073756855
56.694568174996675
53.803933660309724
70.32751119786735
3.695509878093617
52.939542912067736
58.41240615839024
49.6330887512695
45.412294248066246
49.24198276901552
56.30966958586487
49.9996155336612
50.0
46.5689588498235
49.20110489340732
86.78175669815937
45.243455072351935
50.00000000000114
52.446333276923724
50.00000000014916
51.62759468884269
59.739948778908
43.10413245345262
50.0
49.99672703759643
48.2293494766526
43.694176537345356
135.4335805131998
358.3026805069753
49.746193505206975
30.21334423592998
46.51097791736356
33.537689575194236
15.980400068518065
54.76185657433325
35.2955172059701
50.0
50.0
49.99999999880674
47.28854929058693
56.481708325970885
10.86535943144645
51.26724507936069
34.37388373599879
50.0
52.43985105805132
49.343822204689786
49.62174516586674
247.64344308250566
20.50414220100356
49.815380676045606
49.99999999940337
50.0
178.9748782050142
46.966484486441686
150.947876652348
49.999999999981355
50.00000000003729
107.50448873490313
51.48851229956745
46.88970251202409
48.428667498876166
58.64531706224261
51.49932849432298
113.31411172570165
65.14541146980747
28.95214031753153
49.99989483716081
83.78643192813684
52.36957617226108
49.99999984245733
39.72000507850498
58.3088404907553
43.44461209266592
50.70903617187105
95.15918712024177
115.9554678832601
45.62056891531938
49.99999965101506
44.97391479621001
67.03654675056168
75.1649489810552
173.62899856493084
75.50423528082047
26.840503933717628
31.46937647373943
25.521311190163033
40.62854042205299
74.40984351527823
48.913581259346756
48.75145235588025
217.30224158879628
29.71540072568314
49.99999999880674
116.19191377559017
50.000000000002274
52.89152158067236
51.456749388658864
268.4842092024819
65.1936418703117
31.465224194491384
48.97663237800589
66.44883518569077
28.511526906248037
48.98779788553293
37.60703360001207
71.53031603802083
51.65571561754041
54.96177760084902
59.35047666655373
24.957885446562614
980.6242513392806
84.65444809218798
63.82343418657729
34.71520728269388
42.34164227838846
92.8026972007865
50.000000000298314
47.23754506226396
36.14483855853626
47.285588308717706
49.901626230744114
49.99885058963173
50.82959134714383
166.87634784366674
50.0
44.901765259345666
43.446647467817456
46.229119194520536
105.96948863549005
44.15591292512545
47.635983006770516
48.83185246388848
29.464904109696363
45.24156707041129
45.81319483705647
43.65060749227996
36.984238653330976
47.10327600506025
43.46045661233802
307.9231103199245
49.80971257888086
49.8163900568461
96.17337706793433
43.16183268622626
36.97629104597581
42.596551078511766
49.96340728527866
46.47430779923707
125.94594370701634
45.31525025958172
49.83028985056535
43.03830751684154
47.52980705212394
48.7321556366569
59.61609541323196
124.17786942953444
50.00000000059663
106.09481079163925
66.02746102754554
46.960908926888806
28.08427320809642
49.99999999940337
29.497564536481832
90.35227503183069
50.670984856637006
190.83230210163083
47.07385465993866
50.09165926042806
44.16546038546949
49.803704841642684
345.0383656515405
49.9987837202425
64.60839083256337
121.85404141703953
33.615139031481704
49.99999999992542
51.032038936675235
60.08342273342987
37.52889423655688
648.4360649320088
49.9998485857941
50.673224549287625
52.74761625196879
46.4973816189885
12.523783477219183
37.557175082246886
49.750439464134615
50.0
46.23836504286555
44.128092011573244
23.54984068372505
49.09923705555411
46.17588854416499
49.99999999940337
36.19916693922846
73.23009107822736
37.533679804838584
50.78449091282164
47.622906444792534
318.4724235723188
23.986397579972618
28.66389426137539
54.41698223434014
50.55028241212585
49.56722943750424
70.36907828909523
20.36808683613299
40.259057319306976
50.0
100.17254990921674
321.52430286092977
12.530665708651213
30.455072708633452
43.67034145197795
39.27615742022863
19.53325090153521
28.525791836391363
32.75086318900503
39.00801722562392
89.50671049721313
70.57430871362521
78.76391300042249
45.35555637398704
46.4930315690267
32.770371498374516
217.41492408797376
54.60350536995975
46.33790710609719
44.26343180965887
34.29627227644596
42.35026369845946
48.61538212314554
7.237761693466382
138.23709185020016
41.82794493436086
269.5218444839102
36.77659815732841
43.006288210737694
49.643703042328994
50.416952237529586
23.003993544961304
378.70126041789445
49.46117599731406
38.7640770471844
150.8606963034017
96.83008134191186
42.390870762177656
366.8894300475404
50.0
268.47080306094267
49.40482065737888
65.41876633764696
463.1778755790739
49.999999999981355
49.99999999996271
50.00000000007458
95.89734934214903
49.16484426326679
34.92260676957085
31.807145167826093
127.85165988371227
92.51062163391362
48.9198806533459
130.5796267649821
62.059584573233224
3.9910049482678005
49.56024847605795
35.29145178129352
23.99451970397513
79.5526977295608
64.91722198032949
29.432061138132667
49.99999999992542
40.52104119703745
37.26093517978916
49.794062185488656
583.144547391169
37.97385179324738
49.99662902286764
62.93642160100899
75.85810034538372
46.72908829173684
24.056485500975214
36.85646263823219
50.0
47.40836500725527
24.682133586760756
69.08716700573586
630.9792059167148
54.67238690457998
22.173674617260986
49.9994578481128
60.54805475919217
48.91265126240319
56.03764019676157
307.69755280027357
967.5456281000036
441.2462093363638
70.60613138261942
41.07083896639051
25.376814732115236
28.90216050474737
74.44221181769717
47.72259896986725
47.9144901204927
50.0
45.47025840603942
49.68541113975948
14.540050366024843
50.0
21.655628699879344
52.67739639800948
49.991858294833946
2.857960176380402
49.770333480267254
167.60366266735127
52.924656156102174
32.95739716908429
73.81902591420476
43.38157485111515
91.70881700779864
180.69928311279364
51.220282249718366
48.34780542866315
44.45593090638022
50.0
270.8271635884098
73.107983140344
49.91342978211469
48.69061040507222
121.72647798365506
60.612388070339875
35.60962907037185
47.99109334397417
46.4696383352466
18.781757611287503
24.458918943396384
50.19326217679372
37.5196082730472
67.58571415860933
50.00000000059663
49.98966075838689
20.77916960807852
49.999999999981355
48.663199108621484
34.14448305538281
43.246920287005196
78.53783400457178
212.34814809703585
48.234488978003355
67.07563729110734
68.51756230214232
37.65434678486781
76.62560363947114
45.50383330349632
49.47747480197586
43.45705202239333
47.895937646921084
23.32113513406148
50.0
159.80409159262763
44.317306490245755
19.2445563113979
48.4689129055605
77.13261540316671
47.342792764437036
53.612126497726365
43.1425986415702
54.88399244507377
27.513675276598406
39.47899549249996
125.40421620649977
178.54127101571203
236.82637697026712
49.99957224692662
119.71682303129546
40.74461524072103
50.83126858741707
139.44099380450643
39.65044217533432
45.83763175159453
45.44436664894579
63.96134102573751
69.63074433692054
58.924394171623135
46.435240360055104
49.99878337452901
63.83422017633529
43.55867100379419
49.04932040121275
49.0229971737499
70.35023107183245
8.821663070414331
42.462917368020044
28.28145502742086
41.845942802054196
35.64893606607484
70.78282433591221
59.40402445694235
50.00000000014916
46.77235708721946
317.8395164724343
52.813572928553185
30.730846753771402
19.91831617693788
51.1449840480891
50.0
120.7955502366961
36.056636124153215
50.0
12.790692357358239
85.87756762219351
8.893183517187481
48.74852535385617
47.26715007709663
53.946357724156314
66.77578230459494
79.4613785302613
43.42845056165061
47.89410086132557
49.28222756373725
46.737822517729
202.42812943509853
29.613159200067457
27.614947151812885
57.67765211648384
62.154296150491064
49.9100928490152
71.00747065473661
49.73974902437908
251.09473696485134
49.44143514396137
60.764084709152485
24.52925813909542
49.86306483583758
26.886809089533017
287.55574022944074
61.17288621721855
65.02682714555067
45.26168516899634
50.37034861463144
55.264383690871
49.04415597474144
41.3696468094131
54.85020567356209
34.91800051864948
49.999999999990905
49.56489414496582
46.23105718707939
18.24763708847604
387.3237025973076
39.16441515397128
42.06305206983052
48.57241987341695
32.58129921687578
44.859297172999504
30.54122780213038
49.99958283458909
53.780199822377654
87.24456801367523
47.82042649518189
24.77067758301564
49.99967951625331
50.0
267.1820492951051
14.347903276524448
49.99999999985084
463.91532731745974
35.983488529134775
48.035487663750246
49.818156446212015
41.262303135958064
301.4351797742511
45.26680699085664
47.427556603626044
117.50494961934078
120.76693680566405
47.253034442477656
49.99999999985084
44.681236467527924
49.99999999955253
48.46248351008944
48.44782300127554
33.94234030763437
330.4562709609054
48.363344780183525
20.78240954168541
48.186981534695406
49.999999999776264
203.90283568082305
60.66863204706624
97.41801747546288
57.072589916498146
49.6148425034462
49.04661877204671
10.42405619236888
21.94110817265971
214.28878936783315
52.65675946331089
121.7725839539255
128.3826494880027
34.621825404905394
35.14100930680979
42.454467451929304
33.74839297724793
37.00084838990006
27.518724548557657
46.18107193196931
10.298643222678493
11.651519367220772
51.043982755547404
49.17328721327067
143.5633350432945
114.5563942523795
127.50525705872587
175.34824639061935
31.080016947387776
47.93693026432538
48.430124350095866
28.837429499088103
59.32865049525731
49.999999999981355
50.00000000007458
49.99999999992542
49.999608286574585
187.80966313293084
12.691401295236574
49.15873375260344
42.632409539326545
43.3108430152588
35.029785715207254
77.68075481287815
49.99959959465923
74.43319260478336
44.21615343852204
36.720142527969074
46.60393809812217
49.99999999988813
48.786147560898826
47.321451027795774
41.5221321893041
49.536320254299426
80.14646941347473
25.170734848541542
49.99493312494451
49.99999999940337
48.821427926959586
47.6153048354471
46.18496978433063
44.420266987063314
38.90596170677691
46.54293797180253
44.712878093718246
49.94184518172915
158.95233159511645
28.462589875904087
46.73602924696115
47.42353638153509
373.67488128864716
27.867668476428435
82.69001362552399
24.38983020199248
47.12970879603017
50.56253965394535
64.11891857342198
49.566830608226155
51.73162444299851
46.04256743025326
33.005179687324926
47.295719263040155
49.99999999940337
72.06684840699381
43.10498197927221
46.07845569352037
29.793259175416324
235.46009819517963
20.81699427845888
228.18155995947427
48.946394749387764
50.60838001612319
44.9739308277276
52.06283445182089
49.998863648375846
49.999999998210114
44.638234672333056
65.68275520730359
40.56059978676103
38.25053347693938
48.34205222693345
48.9581452608727
55.81487504248162
50.94842064635668
29.207285508133282
223.045704946142
40.3605685415464
313.0156118875161
49.99999999992542
144.90322026311696
44.868187943353405
101.2512887183675
36.76823522945597
50.00000000059663
49.99982102481226
51.247120131432894
48.13298828251709
49.99999999999545
183.48288761468234
36.92365938504736
49.99999999992542
37.263382058850766
52.1774504881696
45.13614824331489
49.321174980605065
814.8195552480829
43.519358928815564
39.472248453308566
49.716615132329025
43.37672002898944
33.39983751948074
37.30410705300358
34.42433544311325
86.86495210146222
50.71227947045372
42.40218975019161
406.8617357362655
44.97032298139675
49.76534071501192
49.99868836291898
50.00000000059663
188.07226881860697
29.038021641659725
62.80298436007615
33.99783312050886
50.0
246.44885867862672
81.3537879235605
50.29373641500388
48.75397575577699
17.562320627284862
50.25228803114442
50.00000000059663
49.99999999940337
36.81051392978043
42.73714919282429
49.99848510533411
2.0100897803313273
44.81614650942734
69.8684775114798
46.63025487834511
50.0
241.02512831082458
45.50398801540359
47.62782982666067
81.81368377842773
88.13543882862723
188.4231682148311
29.337736341283744
49.999999998210114
123.89690591977524
38.14372594004544
50.000000000002274
49.540319996929156
49.51232250714543
44.6359613194827
46.469503560863814
85.58418916860319
47.56664415375053
44.37601684459696
54.637257250949915
49.97608872750061
72.96241002819261
32.21184418642912
48.28068048841146
39.33837583622699
49.999999999981355
408.8238290457821
109.76629640765441
48.021639401613356
39.80881612328449
47.33253542318016
84.20997874330351
49.67737811234474
295.9534467887854
42.756593290573164
56.93482690223664
187.2669830785735
73.96506423054961
41.42259775651473
50.00000000059663
27.154226906508484
36.709314857205754
50.62079726530078
25.440819135657875
49.89113281993559
70.3760080323741
28.132037548699373
20.192563539050752
46.82394702514648
15.915432252115352
48.40209145472909
46.51908018845097
32.05426165683457
50.49258977523124
51.69181264759936
36.50940425954468
56.67374726925391
50.47917950651754
49.99820753252243
23.94952915023532
17.037262777354044
49.069113749385906
37.824428590465686
513.2555457199752
49.38908506323378
43.05465405807081
49.99963563866413
42.206743207113504
49.60656932496386
40.3536955704476
69.70175175766781
152.04273410063524
49.32627264845905
49.999787501539686
48.07002640150313
49.97364599386401
48.75167859501016
14.124911506120043
139.44294249114319
50.0
49.99994769635214
38.15707236203616
39.30407932338312
48.436875276382125
188.93759675051024
44.740549982425364
43.76366065614275
41.32676286124206
86.69525159354816
12.547548109909258
50.0
86.13424680737558
552.7361408581255
91.60510466977121
53.06144988874439
49.71943329433543
72.77828759893646
49.101228012729734
43.24727874454811
33.73821063120977
46.57750154507994
44.73765826190356
50.0
53.63245886195
48.80164006017367
49.99999999880674
68.31806723725094
50.0
237.48081689537153
31.228383441770802
48.61383645083379
65.16801307583592
48.03949012936664
46.38166243692103
29.99271104325453
49.92986073566135
19.842312758504704
39.53325820465943
34.58045832037351
49.99880803654378
49.999999998210114
103.00858832034783
140.54803711952377
37.00817608976831
47.99693573209879
318.53174259769776
21.396153330189918
50.00000000014916
45.652117634541355
49.999999999701686
46.36156139256309
205.45488059202944
246.9117589267562
49.999999992251105
46.444938780721714
116.06745590980427
31.466562818373006
32.34349238830396
45.49057367665159
43.439278392366305
46.96710870071911
50.00000000003729
228.75551190259466
10.186331030266956
8.643341977260206
55.26316437548485
35.57505517045138
21.867596524669352
140.64562097792077
37.862896920300955
127.82519711793111
70.32699890332287
27.253751735459446
5.750997101197754
38.31312954725399
50.000000000298314
51.9249242224123
48.7611489918545
592.3607577279918
49.99999999940337
39.77348713898755
53.031606061480375
46.47783676246718
49.383221266301916
50.0
38.62361602296369
118.07669852043682
53.23125547548625
40.873743531910804
51.822453706889064
22.98679235250347
50.0
346.37819146322136
79.75743737083894
62.59700028777252
39.620487143427454
49.134335985279904
49.999999999701686
84.2053159872039
36.575683472750825
58.517003821832986
43.44667854970248
30.27203646038106
48.73829324851036
34.3877129630298
47.201711041863746
184.88006565295996
49.749619202139
38.861850850139035
50.00000000014916
29.376220989342073
326.57363012100086
49.13636052757465
20.85484635917237
89.7361481557
52.9912605925183
42.863302618279704
56.87762562147873
220.93233163450847
375.657485306496
37.81925990207128
44.8196121576766
29.388020493138356
440.44859959088944
265.79522259754003
46.581630893482725
102.79271194596913
41.24658170177099
302.71431393769853
50.0
50.00000000119326
144.25564894680804
15.349619425315268
48.64244209275148
22.08182535576543
32.831396477104136
74.44535921511942
30.28419931317694
51.13582359027532
43.83209829730731
62.280151110040606
37.243302235165174
31.082056285948056
49.46535349331862
47.1208089760039
43.35620268790717
37.257771327103
44.815293318120894
39.464690493116905
24.694777860046088
85.4903386745691
33.74925805044586
13.683395020580065
15.427966942766943
50.0
35.55792382499021
44.3596063412524
54.82899370068435
37.62330107589878
50.00000000007458
11.813621330273236
49.9967917685608
68.72198759566731
45.748022751609824
49.76909527948101
49.999999999981355
39.73982814562987
60.218870710963984
50.00000000014916
50.50455131859417
49.897011530914824
38.46693369949389
43.51504500052397
41.32915341516491
50.92031035892023
482.91648515963516
49.98249345645854
200.72354917563462
30.380992564416374
42.245894172961926
38.28018637327841
53.680804468538554
39.04560011049034
44.45397783678072
45.68291455378858
49.99999999880674
65.49602670486979
44.44247961840347
59.702723355756916
54.85296834646442
49.45131497784496
8.36721718895933
44.178170513718214
49.847460360830155
36.203498571689124
123.33672262877553
40.83693124281854
49.99815705807123
50.348355067078955
114.62770164299945
47.7812095393906
49.999999999990905
44.55675215183146
50.00000000003729
129.58973667119744
15.974028587161229
42.86818053112256
48.02088556340277
27.22936312146885
50.0
30.19524975219747
29.958024520277377
77.37769705235473
72.4783725485413
47.2476845488045
238.1082478201124
48.59124097571657
29.33968676242148
50.0
47.27155090763699
58.19348813366196
43.81402060715004
19.81127870704404
49.311674378180214
44.99054126075953
49.78457039510431
50.99448263208615
89.10456669044834
45.60841294679267
104.26011872176423
45.75714564834743
51.34427663889983
167.96930354245794
1454.2882290355672
34.99590754850669
38.99031910521444
45.94974976881804
46.456683645998055
49.21696210792834
49.94662526370303
65.24754618669795
49.99601467939101
50.1010908440403
166.15708413512766
34.64643863828519
44.49826372382449
25.30093189998297
42.67425183380965
38.93460018382393
49.99999999992542
135.2185351790713
53.831386228052
47.61451708978166
42.34392156777358
45.74403967133003
177.90799337477983
82.03751606642709
51.06619054450675
12.279400293089566
50.95572333040218
49.99999999940337
75.21518437102714
45.43238584668302
50.0
50.000000000018645
171.51596748384463
149.69496600339153
43.71274849895963
46.83561932121893
43.35936049993779
50.97116195382114
99.37728278218583
38.82217844502975
5.158241265840843
50.000000000009095
50.0
41.900448607046656
47.74924201911381
65.65517259101716
366.84264469210484
54.169023708454006
146.21676024028602
39.72864890082201
11.541172258286679
48.65026628233045
41.80438537444843
50.734357607776474
15.265578997346893
16.898756400743878
69.23355207325585
49.99999999940337
49.00634962684251
214.88668337506317
49.311850337293436
49.999330771892346
37.07180798325862
21.18264359279965
62.604629423503866
49.697394601329506
49.87650727680921
27.444690586267825
46.810472610663055
21.938019243709277
49.53389907876772
50.82861454478916
16.517934965125278
45.918565345990146
49.52965431305529
10.523225389401887
49.887466086639506
121.3799515331034
9.475800527222418
53.89517206134133
143.73191024737298
95.71814263596298
35.99973684991164
50.0
147.77612019775188
34.66846716639702
273.90848829318975
179.7746935690102
164.2361492393493
49.005173905094125
22.48048690543328
56.29212459190967
52.87990677198559
47.69393671332796
48.19483079529846
28.9002213644128
22.25549748742924
39.04178021736789
66.39324685688734
49.99999999985084
42.06173376459628
57.021704522026994
49.69272720743902
42.09651420079899
48.41646360740924
40.90135138113692
60.621170919508586
155.95790728621182
39.020541157314256
88.29497793541987
49.04175035322169
71.29974278453165
49.9170743141367
48.311859018655014
38.632415058571496
34.48671027963064
48.52063458579596
51.208843301508296
28.772105253461632
56.44008790526959
53.04523005161309
48.270812448945435
43.984044376302336
46.63386312107468
27.186248809151948
24.59433243605963
44.32236781566826
31.60401793089477
39.54271368562331
129.71764086145959
44.86363453640661
51.7139390638564
49.14553585286694
21.111069534567832
47.08104801290665
50.00000000014916
652.7689506260131
7.225241240166724
65.73612334723202
50.000000000018645
52.703513493698665
50.0
47.639194112341556
49.71187416901557
18.255867755333384
44.17711814556242
63.31161456827067
49.30669997285986
23.66530856426334
48.87634148889538
27.746140846406888
49.998261341323996
67.73679024056491
137.44326044105037
24.39315027003795
53.04102759165835
167.84777724590822
43.991460633273164
15.253334531926157
43.92868991175783
38.849321810563566
47.12441168534133
43.95825149083521
54.722032982954715
296.92076991897284
48.944004404560474
40.18241902560112
49.99977277346443
47.48663927209236
31.92751021460208
131.75012469041758
110.51102742829453
49.999999999997726
35.11079469746028
49.99999999996271
49.99999999985084
32.00476436984718
156.37163962413888
29.772835289364593
49.999999999701686
50.000000000298314
258.7756452181775
49.99999999880674
27.83915159570097
16.63089773948718
8.12837989822583
20.27465186588961
48.080977091267414
49.99961214570794
49.99183751654709
46.61564178513254
50.0
49.99794734250645
209.06756465912986
49.67980234196148
40.7431152419158
50.000000000298314
165.84750096392327
14.609636764425886
36.44864106183013
125.2956783923928
54.523952368466894
49.999999999997726
48.59327065022126
44.054558913260735
48.67047786911735
212.2063218928697
47.296271516586785
692.2375720906193
34.10039423266426
36.71905320792939
77.55742101593475
324.6785904943249
66.86104422369044
34.75482714085592
49.999305901850676
38.04220525040182
36.65824115427495
48.837460207172626
171.2358199074206
34.11911731098735
48.540517574081605
69.86708141898453
49.999271035319
47.00048815847549
52.072003397920525
41.17025018431923
63.443552211779206
31.02614627190451
42.31870098999934
51.26239456094572
43.81231098331591
20.008045592136114
16.78435622224788
344.00517437865165
45.31150599061493
50.0
555.6650878148307
49.57683996325977
78.70737074690715
50.0
49.99999999940337
47.13294024444622
67.92119977045877
50.0
49.999999999981355
50.00000000007458
70.5964303888486
949.5232283823011
44.55836930598343
42.98012182471393
48.71971631361157
176.20804395372852
87.09650999785663
31.189728864466815
103.79892344261236
41.60350943329104
50.0
94.96493027822135
45.08095307660187
41.57853254737165
48.05815331183476
36.91223012786395
94.04135547145142
93.65080982634026
83.3601491895115
44.21815346655114
119.89829358432098
60.06637356245301
48.115987020188186
52.45258798237637
51.13224859954062
46.100329999346286
22.44499633199848
36.2831134740627
49.999999999701686
38.260363467457864
71.65757680428942
13.453730320659815
78.40019704422045
50.0
48.12274298315924
51.34941147247309
65.28184827818131
48.941880488345305
49.15493172734932
14.540035207577603
319.3286527610844
40.91988872257025
34.16550132653538
47.464894280348744
49.99991913133272
49.9997260354412
46.61068714467547
58.30121556901395
102.73752813633075
30.853813676471418
50.000000000018645
51.47470647225464
51.33266216363154
30.262237285747688
50.0
18.2407943510143
42.07759715129032
283.99761223312544
177.07437282066712
27.66420517426559
51.94950414414416
53.568652065559036
49.999999999701686
49.99893382962182
159.61147366866635
60.86344349354886
32.550730188156194
50.0
46.315235695336014
409.09794218191564
49.99993328686105
27.254576861920214
3.913364642139669
24.61912028114375
401.817087755325
18.04844811296607
122.91926220285086
49.99998413517824
36.92577740301931
49.83348270397801
49.90737865508163
45.95021766381615
48.91173539556061
50.0
49.99999999994429
35.17545308738954
39.18844468259158
5.248946589417756
56.018006394857366
49.35279457960132
39.55590809651585
49.99999999880674
43.34081766242798
52.35352341989119
75.03293095521894
49.28284364127103
27.080785683083377
30.876671489073487
30.57211507312786
52.97083348695469
49.999928251156234
44.01602793384882
56.10464543895432
44.8188352150988
49.780728872297345
50.00000000003729
24.20432075145709
32.01001906301917
47.502589921865365
43.94465533447601
17.626258398086065
90.26668399003938
44.52117063123478
48.89346975423905
62.55769264398077
202.51873239011718
81.7388929805154
47.9797840201536
34.00731942462153
35.76655048520388
51.466607404639035
51.46731989077489
56.57447986689567
49.86199036603466
49.999881055809965
41.29752145947532
46.781928328539834
49.9898702522878
52.970819845251754
5.6950317236649965
49.474914938973825
258.18678319163973
48.721360172793084
49.99968860197714
49.99787658310106
50.630603121698186
61.36001416641011
61.58050081971214
40.603911212996536
51.82494158451664
39.0119196362466
49.999999999701686
49.99999999940337
49.999631320071785
49.10552878494127
42.32394959096166
29.131736263146195
29.559423833792607
49.99999999996271
20.5540271153277
65.36920532425756
169.3439754806882
50.00000000007458
59.78656554767258
36.80888182956369
48.81428970921843
49.8173449794358
278.9103578267823
55.537504501371586
46.81280224757211
41.22196978977354
56.31252927589503
64.7243943318067
44.78177638253601
110.90249349184114
58.12254354422839
49.99874591327534
44.83707352159763
50.00000000059663
26.584817692941215
50.0
49.43049925519881
28.836473774106707
50.000000000009095
50.38953051457793
47.636904592413885
55.415405173192084
3.0368915933613607
819.8860008508291
43.9929490745817
326.0727487888553
31.842957402550383
46.31674825306254
59.0258813820019
40.86041449999334
49.8306816322488
49.995604541369175
59.40427400293447
49.56445593540229
77.85576811756346
46.31148935916099
43.4525066797778
14.767916479373525
49.99972028266711
73.02023963573447
620.0353311195577
248.3425264842299
32.5187243655771
49.999999999981355
50.011871289923874
142.44981610112472
106.95945792806015
52.03585532975558
172.15215463284767
49.786889666149364
45.46813179588548
37.51174188019468
49.99999999985084
48.42461377878499
229.26819612798772
243.14474442781466
46.654538991788286
31.97041474852813
57.167505601155426
50.000000001789886
358.60709140390463
533.2471148546742
44.278077183165806
30.88253482825894
31.022273799057075
50.000000000298314
47.41157141713302
74.4419000206035
15.821714517140208
12.06127840848513
809.5518158119146
19.42452884870613
38.09951778104005
35.366849047223695
50.0
50.0
41.407948850113826
49.99904468607201
16.603418153163148
192.6018562483614
128.5579353260773
36.21420906044659
49.99999999940337
221.69387093639773
82.46823302565804
48.577150665769295
54.452454706702156
49.99999999992542
49.133838403032314
45.93819553260619
45.7340739021638
58.04100094664136
248.37575728657066
44.955007115921035
49.80782634522984
29.79318681964287
48.779098144983436
171.51543245369612
88.96606009692732
51.49929685639529
7.707772318767184
26.29704239973171
62.3941529851827
48.271985299415064
49.81829240605839
306.9474895700023
701.2673163586587
60.71121427281105
49.996795323309925
49.99992212772855
48.4078878234418
47.817055992322366
49.999999999981355
49.596202051632645
20.525908041924595
49.99999999985084
51.15855728112456
47.98862360536077
20.471545635655275
31.0153266623347
158.96617479928318
49.004248522426536
176.16040406316085
22.809303981968696
265.83353016965293
59.83392208385203
49.55506597893418
48.16415758827361
50.000000000298314
46.387127502246585
58.47625004240763
49.161676114654256
41.517615335079086
49.99999999999545
50.0
75.29059372265965
45.77697237942266
49.63012489690209
48.70550865918949
38.12474156823737
49.99975110215564
48.78097215282469
50.49899304886276
355.917496504092
22.60193578097278
21.538285021055344
41.23870106835966
15.695753861295088
18.36164150021432
21.16794862247866
49.9996303722196
50.0
50.00000000003729
49.34551352451854
51.27049862841068
50.00000000014916
105.14018780445167
38.65482252595393
36.49370424878907
47.92109322881879
52.123255119706755
58.23846613655428
48.97386453744821
53.354879299933145
325.7405373845195
49.99999832272442
50.90781102285291
47.081436101243526
28.645872812187008
40.546774545813605
46.35049739252281
143.61121464700227
30.55560557557975
45.644385872953535
31.7850436675335
49.41628549053621
35.38630568975623
50.00000000014916
37.607133293975494
49.53281230974608
49.99888458438363
40.27586121282184
26.260928307638096
50.00000000059663
52.31768421009838
49.99772850002773
49.39038840984563
82.58349661156626
49.99999966286123
48.74923798610507
48.77775403130727
22.004689234511716
18.644145808939356
129.21609139395423
49.99999999940337
39.53064183683455
47.209885998519894
21.865316967591063
157.4605633812964
379.12298137645246
50.95505191737573
40.05704963992957
35.48372555134847
65.65822442661238
21.387439137872207
44.3355888892429
50.754539355220004
124.01986949696129
58.35403096464779
577.4475191153315
22.41885624877068
56.378421311977036
49.57248183539559
32.04573905750658
168.87601370163793
48.17591766530904
82.66570453063787
20.691076960940336
63.17564289621623
43.28199675927954
102.67229560986289
42.67308021150893
28.703754125353953
41.43470017239815
48.53543081409225
55.05815672627432
24.686951060168212
47.113298572854546
13.374466608487833
47.96158227588984
176.36988187443023
56.219360408665125
58.46019023917006
46.192336543434976
19.15835601249546
47.10959744581487
49.68172831752054
135.47761281261864
478.19722889727836
185.54507345393904
327.12179629515595
20.995451594979386
45.915903465964675
68.19955231634503
49.64376313736193
48.368915683031446
79.60669397281981
44.18303159407151
50.000000000298314
48.52621269090196
190.9576838652274
28.346418588425877
49.97685011404792
48.54514113449477
69.69051133778703
30.138534069952584
19.519245496585427
41.158845701307655
49.65830126937453
10.645184708931993
79.2978044222341
20.939695998225034
37.04236830613172
63.703727760171205
30.940526046080777
173.50288362792253
64.13741762844438
340.989484560494
32.92989831140767
49.99938807706758
83.47651632021598
54.39917330006392
46.9566879940603
17.578076957636767
240.8606068148647
50.000000000298314
31.780167294189596
50.0
82.72475143169959
48.26529041383037
57.689474756786694
48.53878572582471
257.3305559229775
39.30359659593523
100.7695958444765
41.06452707712242
56.553220884021925
49.99781324455034
49.99767241111749
35.8004719265582
41.56720586188112
312.82703333107656
116.2388647411708
60.780432367973845
50.898794853072104
50.53049531616671
49.16988167834893
79.45664408476432
50.0
49.99999999996271
44.84275782098939
141.38668711506853
32.1024176664032
48.292009512118966
193.37792170482578
58.63743301534072
37.86704030588385
170.56700372115142
309.1449525807054
49.99999977394964
52.1444388517898
42.17491130146982
49.878113362351996
47.41184330827309
54.490661131743764
383.1681106198357
47.32097576048727
33.625538689169844
51.65475928168598
46.12879468134208
49.999998338942476
16.690453783466637
49.999999999981355
42.78848046096209
46.592126435933096
20.93775723551971
40.851357674353494
24.88361210848234
62.40537218103054
278.59034921555576
44.814027087542854
53.45872638535002
44.21409159038376
49.661477577781625
49.80496256918656
89.47488912838719
602.8579745227858
49.9906301731271
48.389361044417456
36.70254415090676
158.36351000028117
68.36532922173774
114.49048145881534
50.00000000059663
48.733323278818716
49.999999999999716
215.58561097341067
208.16613439595267
172.40572443544534
42.18543503118326
64.01714027424532
49.88703558626639
47.30551348940753
218.21201511457002
39.55811681428895
46.97197351732757
52.62976570815954
7.778459761066188
35.16696714651363
240.42952006687938
23.051741639018474
44.53188338866403
50.11998646675329
21.408320900365652
49.999999999981355
35.67694778804753
32.83169112213727
19.475376252927163
387.913101398196
884.0995719362672
43.94421684086046
326.55498356980024
35.951411080735625
18.90128102528024
193.68502180211317
49.75789088151578
63.08868379445403
50.0
46.437665928766364
48.721017297530125
49.73059827814359
673.457974040497
51.72249853452831
23.55086636637634
13.086563047965342
158.18061492206948
34.85395136937859
50.000000000018645
72.72556559074974
49.02436675403078
50.93735321539043
28.641573818949837
49.9996353750048
126.87190983627443
43.44430806712535
35.34378875153561
20.51580830988544
36.58303433332276
4.934505924901714
346.8141662304665
66.66922692232038
49.99984624391982
74.33624470806808
52.0334238740943
45.11183993945269
169.15483615545418
36.54101143696971
31.412776098164613
49.099464132603316
42.232514667766736
315.3366792489928
38.77489724217867
27.75306431179888
20.515889911292106
15.994426834204205
20.460574070753864
71.10120477387045
39.41171218132695
41.75194740714687
37.59588255523886
22.027296329724777
58.66496445995267
50.0
49.99951978307581
32.8721276291235
69.13949000848197
41.496346497575814
94.6688242575965
36.91702087779049
79.7575594901482
189.49454874203275
65.2619043388313
50.0
40.89676058372788
50.92030423993856
51.05639625916774
51.00759990096776
47.94528852666008
49.999680350667404
53.10198510288819
49.12714912570482
45.834834957110616
32.099559537746245
34.71848949442756
40.69990984433025
49.99988420800946
51.70514022586576
49.99976051750127
50.160460191018615
47.131627169894045
49.51803068877234
50.0
49.99999999992542
35.44824623707609
45.07024668881968
43.102370337202956
46.18007999234578
70.32122948404776
54.08927203385974
45.004064347253006
52.67801263403817
48.68459506677266
171.44862114459818
86.57717329019556
85.81639526732874
49.999999999981355
53.78705145979575
74.26568636224874
49.790601764465464
47.30644684015533
41.271979947974614
321.0064372275119
52.111308244244356
53.58301416521317
49.81128638968312
49.999999999981355
11.559905563679422
53.24838800968155
72.64784984683229
108.38550895165781
65.13102784140528
41.93189781181536
108.57893780613267
48.466829728546145
321.56742442167797
52.875230615645705
51.42746070229441
49.99999999996271
158.39078393523505
49.899283545437356
81.66977157771043
64.6468902814695
50.0
50.0
49.024281325657284
146.55745940861107
36.949755572690265
53.25993730661867
17.95379908083487
172.98349520352346
195.38180440732447
49.30850758073211
25.400070207914723
32.56133680689618
130.05569504052983
27.658599724602027
49.999999999701686
50.821342905542224
44.92316945906168
49.99964889462717
58.71301686685001
67.88509049614595
50.0
49.59750064810578
43.94586238062266
49.91168950336578
125.57709193520168
87.02628309846114
46.212756168373744
50.0
51.11170856970239
443.19421230365333
468.28859443331385
485.7909968345921
40.58507033887986
35.684285926816415
47.43942017699169
33.03268423222971
48.27853940365458
44.455901831153824
49.99999999992542
49.998225555524186
26.27568083330516
53.023360205378594
34.86513655740055
50.71523419949517
49.99999999940337
653.7088058558475
99.66932473374072
49.99970262079337
43.95284564168776
34.025705433674375
185.7027619849432
50.00000000014916
28.8629911926746
48.557711635055966
37.49783538153861
33.65360411632355
279.8457706465442
50.0
42.68878230946393
26.782837005601323
46.41272106135875
32.85308106394086
33.06095368437036
45.318676973204674
49.99999999992542
16.070067785864012
315.9038564768789
116.00642672524737
49.99999999940337
49.996000026207184
61.80509763462578
40.243582114269884
135.5698672057697
60.48817456116194
42.844004908829106
49.99999999999068
50.0
444.1947929255921
22.858942134993413
41.60829971079329
50.00000000014916
45.07842950222221
9.3570547220952
54.78202570929261
62.452831485979004
54.607307780792326
46.74760870185128
46.195469573062155
45.03092322814837
47.804488352781846
66.96803343636384
29.705212922033752
15.197180901323009
53.01501842617654
40.23034485289463
50.0
79.16122905992324
50.00000000059663
27.251540245484648
9.900766622848096
27.238083148013516
50.0
46.249999514775936
214.71569269155862
128.29479839548026
147.17030927946962
34.273352234736194
19.099447840475477
66.98299903246334
3.0863665850661164
51.081420778105894
49.98502122748141
39.17020019452502
17.33952054785732
56.21027614628474
47.444559966006636
2.144511678746774
6.5503845707580695
50.0
45.970663196510486
87.71809623746685
32.05819240735764
53.00607972711168
43.65988068614388
31.27929580478849
47.78865924918864
235.4868433661204
64.86629407107557
63.44983335436427
49.412867907230975
47.26009555598648
120.03475597412034
44.62523483898019
491.94348953168503
19.357599244812263
14.698752784515818
24.536639044706135
353.8727673648432
50.15167727548305
71.90004269210931
48.36220705832784
44.37827850809845
25.522888259420142
49.997192911385355
139.90248651770162
18.673745684001005
85.78491039961773
39.34366080978862
162.89731534058683
99.51377276239509
60.92127251979582
53.593481384440565
265.45025716559485
69.5387227181127
39.49149239416147
47.66646683660656
75.35511191100522
42.21840492731644
46.98133718908167
77.67237197662189
49.92562724122854
43.730888616157245
56.851813657445746
49.99999999992542
50.360551004113404
53.14850941081886
49.99645024752317
52.20570816247346
50.586652861822586
62.34805025481455
65.26716470131214
38.07647776885642
261.8922728109528
22.158164318279887
50.0
48.30943335966913
226.14281386425637
48.57829678216149
42.08188719172904
210.04409767946981
51.10592152687241
57.497732181935135
50.00000000119326
43.96371519723834
60.423742898281716
50.000000000018645
39.508976258893654
144.23750985837523
89.18870328481944
49.99999999996271
27.1773430453768
50.00166272676961
211.5942828994448
29.14333079715834
45.920615420698596
44.92740951212909
14.057483617406888
17.80302653520266
50.486609513738586
49.99999999985084
52.15927704935348
27.189531410169366
49.99949051716612
61.715019629279595
48.75269640899205
31.895150726059
27.998568085793522
152.89605359440247
9.913551401561563
58.23107697381056
46.973520849279794
49.91653137785397
49.99999629363447
49.99999275550181
40.367005651116415
45.59495136836631
26.768789273028233
49.99908065368072
50.00000000119326
47.8357382761933
48.87172056614784
47.3453087007133
31.521023060421612
49.99999997705254
140.2636025729921
50.57643505973101
48.11320033465017
49.999356880223786
13.268483727821149
51.99469008162487
49.99999894142093
187.9218198911749
92.64491069888663
40.99611786745663
21.556987260344613
42.7657751558944
49.99999999999545
66.11577357680426
88.14129956291163
49.99944052338469
35.30551805023606
49.554292207711114
317.8769823623552
51.40408491166818
49.04552920610513
45.78242374516776
43.72430492115177
171.20752785377135
49.37567401475735
52.03575605773585
53.01783739133498
49.98067895711574
123.94481619522958
50.000000000298314
157.85040888375443
47.67782106016966
49.932877893369664
49.41790291058351
42.01602713837838
39.18370383377169
38.541902257697075
43.88539829788715
203.3304425060287
50.0
50.00000000059663
49.091513675670285
57.74577364793731
50.38185979773584
45.67437022713057
40.466821433502446
196.7795943635083
46.128065640830755
139.95317064167466
47.61494177528766
49.49393439126652
44.478462604143715
50.00000000059663
20.541682787559694
36.646597307593765
50.53785719099869
39.64410764344029
44.2395299281593
35.57583970049109
57.65520172976085
159.29180683287723
51.78749526468346
40.037656331001926
94.60498666394597
48.49367060144141
49.99716656464807
43.9900130437527
43.68169409315669
242.72619424606455
191.75574106534373
48.0009844824026
46.47994652231591
60.933698736810584
21.948937963674325
203.4553856236471
46.19461076488369
44.16710665532355
34.905527753388924
26.755504423494585
78.21025519206614
40.69422682717959
38.26012164020358
49.9999965399511
42.967829591776535
4.797670447536802
130.36233321761574
118.98622768687824
49.40911387280016
48.131641586439855
49.69841687676853
54.19424263787732
42.166317642313516
49.999990566968336
35.970006865689356
162.06340689383887
415.1119484361152
43.45647330675092
43.57349597447137
38.166099769963694
58.21875563815058
47.27068838137325
65.20009851776945
43.86789987712564
49.99948847032192
50.0
50.00000000014916
48.615738451428115
49.11459320524864
42.86050458887439
36.36329801843567
285.98650258989613
52.26928465962783
227.2741308143145
41.19468829191919
30.796130368647937
47.19151877285731
185.11446104775268
192.2043678624741
78.49299461892224
808.8369964526928
42.925391665894495
47.96523619341497
21.862553845945513
57.43430477314098
49.211830294886795
50.65699987651442
52.389449114115905
43.52714104007373
47.16220291563786
49.99999999992542
48.52644808847799
54.582737452533365
34.45671717283585
46.49386407761449
39.38449894374753
48.882284595358215
73.31561514148143
39.812240856501376
44.23630766316819
69.80366829553532
65.445793197905
44.46456977524883
89.96554200481296
36.464472554365784
70.07289266136104
29.617032243125323
60.68624227196733
43.67983746387836
70.69121843356152
60.13198265745177
31.17973221441389
129.66032886858102
45.10413882061766
47.205076566227945
42.17615764732909
289.16124869693226
49.99999999996271
48.960040193925124
47.77938103762972
31.47377164662612
49.77957334227176
49.99804142572975
324.1405105911672
31.781114499188334
41.68172764312112
47.566390040119586
672.9406611082
49.999849772115795
143.6721160980851
49.74796963065273
60.54276485251785
44.99330883033144
46.360047037720506
49.99999999985084
21.75492140294773
20.760126126158866
72.23806417964624
590.2536023916227
48.13522912094777
50.0
36.64727800397668
168.71923487806066
82.71053188802716
150.71791315771793
153.9284677671758
49.63523867252661
49.31464930163747
49.44758059719334
45.402216105318075
52.18520833511684
50.0
132.60935057791994
49.19670770279936
28.277461436247904
121.61675806860057
43.07447346045956
113.12328125527165
12.51748186021723
48.93070805578827
49.14798215510905
34.71020742678229
46.10335939546894
46.296695870536496
62.26238316798572
49.896840770856215
48.25519283592621
46.01869870591872
283.34952021133086
49.99999999940337
49.997783503877145
50.0
41.706127706816915
33.06386019781462
465.95417955765106
45.24412119531644
65.85226650636741
49.8503967138231
49.84866371770386
132.79194860582447
47.40621288196962
49.952920506093506
217.49269271262165
52.62541397570749
242.07854789883095
32.96164817342287
220.7225134060791
99.08637444580017
161.8463297234115
47.63949410990017
76.69745569555971
52.3242783482724
80.98667739877055
299.90706632941647
50.000000000298314
267.1993198950877
25.627733961080594
49.33695159196213
42.60509482688576
41.708011804304036
24.998564035779964
438.56042293399923
35.86413740019634
100.28898327338175
10.333035672261758
38.377653717103385
49.999999999701686
89.2706443203515
59.39587539129502
25.768620936462867
45.20082263912991
48.88224249558243
45.273689373326306
62.153308725237366
162.15170500928798
84.89673364066584
31.839221723159426
52.59359949793179
49.91149001808117
32.919625473838096
286.41482271552786
49.633144307637394
37.83911726726683
37.94684781463911
45.29765468602727
26.012187181611807
49.85897141989335
47.914779103530236
46.978384917076255
153.40465067878176
371.60657055656884
35.05348655967828
96.76681886342185
50.0
62.46913426788592
46.13670022177848
69.15003595790768
35.84295478934837
23.87202458540196
49.7318051028069
15.966782839706866
50.00000000059663
49.44896625430556
57.27076311831115
50.51591361990495
47.55670133969306
43.22785535683943
45.21850469380297
30.616366151762122
49.445583969452855
206.65561082601926
50.000000000298314
70.72884946973772
102.77113116877445
68.38296255171372
606.6893142051688
44.235059017362346
49.932938914334954
34.34149318259915
49.99999999992542
203.1038203289986
53.47812692611933
45.536322899852166
35.65416186125458
311.25607106622374
49.99999999940337
49.02212454325672
44.8439497680738
49.78635888665667
32.87746627970046
47.80612424339415
98.5630028296977
37.99198898344798
371.27409263162235
61.13472856603266
49.99999999992542
39.29408129806416
42.34444694265949
43.779490316228475
32.1891289340474
30.787310151376005
48.76767736477814
16.940447483986645
18.394748457207243
18.694928547494783
50.000000000298314
49.23003403664552
50.90865096629204
41.58886459772839
95.28259795715257
49.999999999981355
49.75861911910488
49.99993908870965
49.99985283807655
105.54301417387614
27.595440193801096
62.08238701011305
22.362427984897295
106.17933092058138
14.091067308347192
160.2140646045891
226.03491618521457
61.1498481814906
41.93659208511599
65.86740157300846
46.63860659998153
49.99999999999545
49.999703709741425
28.855554179313913
49.8845613549438
143.91036508482102
35.29260955843165
48.02899956224246
44.687304430981385
37.5825048769093
50.747032790220146
34.334623346796434
49.99999999880674
32.22056623310709
94.8404170477636
53.58813440904191
52.721950886883405
16.402800316757748
51.163487403414365
24.832856579222607
57.09731706590719
49.227621411884684
42.532211901054325
50.000000000298314
45.168543555864744
74.378160651082
64.91447412077903
49.96159079071356
45.15848453074477
467.0630830078344
57.097583656397546
46.80242703782642
45.01961318432768
26.418566176278546
274.4598328560478
156.65348239307605
51.817049514667815
38.876108398304495
62.125998950754365
79.17010714827583
48.38771236241587
58.62545188028275
317.9984554689231
59.25638658773187
50.0
46.04678167525253
63.26871501716232
34.434553981813224
37.78028282894957
50.00000000059663
39.17420521999884
50.0
33.15309344475952
183.26724925540384
49.32563662845587
171.14161457910814
17.75454466692645
47.13430857579988
48.78392159412215
48.50099679663617
39.27847976862722
48.65180397239601
70.95832839606373
140.02144062088337
49.99999999940337
48.02653467269954
45.93492163173187
146.37467588286108
54.96084448043757
34.95712503179129
63.7373807656013
50.000000000298314
50.40600255921527
30.172205402533336
65.26031189809737
57.94068518895028
46.3354349507872
33.10822830761754
41.473152803335324
49.85539380150931
280.1089089200832
39.02310528312955
50.19502194034794
6.479051813312253
21.014808490642963
38.820696053574466
37.929176427303446
12.490438574571272
51.02605077435146
46.53369865577952
49.99999999940337
51.62600251096592
48.063010480298544
135.54120427530688
17.587349666692223
327.4496760809327
214.36673017466956
53.857697283679954
34.64103505128878
46.419288070768744
50.951596830240305
38.992660424817586
50.00000000059663
45.91598320500998
155.34348115056468
9.852532297127937
42.75952604494432
16.25124312999378
43.83922379137039
50.0
47.99076572425474
34.079829960866846
205.32844698823283
160.8466069733804
42.40341799379894
46.34803848977026
62.8732246497666
46.97027439821704
23.971836597822403
167.94970455110933
33.15593469788155
32.82849590628939
25.406500475371104
45.58756202080485
48.20906278525581
62.88132838542788
70.78927081875008
51.878829585471976
33.70182021796063
37.93857343166928
49.447097450913134
205.66477718070655
39.909194656733234
37.18188223600191
40.68722748079199
48.34153093387795
47.67081762820817
50.00000000059663
28.060154353792313
43.26340514527874
42.2242456142003
37.36447747624334
49.10949253817125
98.66618695677516
71.31562938503521
25.448540171520445
50.0
62.69979036514064
48.93419516380254
48.26806150849734
9.606434182375779
34.33383033631526
52.05901712848345
40.35635668551549
62.98341588827316
36.23324882843008
155.99403970134153
49.999999999999844
70.63673677532438
13.476360709616301
50.0
49.999999899827344
44.17471277710865
49.999437882721395
55.63109436773084
82.52450389132173
62.29382076566253
48.036790417787415
94.86935252379499
48.97698976874108
49.85943514495466
39.251517349793176
44.3322350008857
49.92840464704295
143.56183790665636
49.57117468051729
44.61813138812613
73.68262450270231
46.108380482766734
70.80650003878327
49.55971588790999
59.238662750194635
5.548019860717432
77.81994573887641
504.814243848396
201.17259421272865
56.68987479869065
48.47909831592915
47.25949301863511
56.65648762618548
34.06694312383843
38.08044906412397
57.758877851334546
76.78435207497569
39.425771801885276
84.85796118169185
60.73262642882514
47.25809679408576
49.999976721922394
28.162074129836583
19.21253629347848
42.947419860662194
41.984852671346744
117.00252854791779
60.710307481387645
49.88386309181442
70.1364918959298
65.52608483533231
302.43196968806365
43.343984629460465
48.01696365402404
20.72665976179087
48.23534344901782
45.00902108991795
38.87808723146554
24.709098233093755
46.33064661030585
240.97306337914597
42.7432679179401
40.84145525868371
49.996190547281344
66.36861799203257
48.05551153126726
50.00000000007458
42.19824419968154
40.758483736777634
50.000000000298314
53.62587616012479
88.37770051027564
60.94349354614587
57.01556691784208
49.7741592335733
49.72535612898483
49.99631943785607
46.177411385893265
49.99999999992542
101.1613164436385
68.64124432755352
50.0
6.4223833254181955
32.48803665437845
49.999999999701686
49.999999999701686
58.70493745730619
44.30591491414452
49.99999995344774
167.0312595098144
43.83149192634846
24.998803158070587
58.356192121075765
144.3603972256892
46.61257461153582
222.8768905661036
41.03746416591093
213.7191211861109
46.224163955410404
82.37160713467892
43.083484735474485
48.37682661576105
64.63077690187379
63.1480343201506
23.25277099676987
32.6416093427697
42.79972965313027
52.70228236798448
49.99999999955253
46.408098108566264
27.34810376716905
37.76236731991412
49.89665791527659
353.72371332067905
43.3484834226183
591.6567471869603
48.611518929841395
26.383146693523713
301.57700421146797
130.36832623879673
48.3452706906146
167.3543460771025
235.0981289031306
13.655075016147748
54.729723485064824
21.559060422252514
17.52277109049828
57.79230643801384
24.14430989711893
43.8799282682337
50.0
39.91382138337576
61.69273009186372
19.479643953607592
139.2672332285847
37.674824236892164
52.15608000798966
47.42205781257235
79.3135651035791
38.285490706530254
62.28799928643639
5.6528903247758535
129.27319169673547
50.000000000298314
56.66498508769564
49.30135801171491
65.60251221186718
44.527839454135574
45.60756545383083
56.87347122301799
49.99928706495302
429.6188493741329
55.91885278569862
66.76907034469332
38.123421658662664
40.57213517104583
200.1885070126218
46.89466964275471
36.396242381755656
33.003060533783355
59.35249201048737
236.99533548585896
42.93602339316931
58.4901148041472
140.09488113043335
55.51695294579804
49.74114328890937
63.88026502311186
47.01244047250293
72.64457457912448
73.9780854749988
42.016885506115614
39.116587887365085
48.98815378355448
30.290914327388236
63.03411537781312
121.2502156696928
47.11387704779736
51.637202299188175
128.71235782058557
178.7387062996886
50.6638452504003
49.99829393575783
53.97643827049069
12.328369465840296
25.59902248402318
92.6353164287068
48.16565949626329
50.64079397853675
70.89627766826106
48.22405831935794
30.26514177381432
100.03412329720322
88.14023184629696
64.28492282821026
47.839368031494814
33.48991561277944
32.40443158944149
250.07833350833425
90.11657448198457
44.87550754030963
26.06220320196826
46.217760125755376
49.36259529039853
14.510834156866622
49.314887797630945
26.621756286768118
43.204317704366474
46.29773150299752
108.07795346969124
47.303243622372975
44.84161883035267
49.29676778104658
49.42877068625785
29.50436372830336
13.289456096474169
45.95753190610412
135.34175496026182
47.45602256165148
53.30550672782442
44.77777727447665
33.49103571427031
50.0
50.0
47.45252463459019
15.741525263618314
34.9200988571738
47.60810031755682
46.343517724741105
50.0
30.533096268020813
49.999999999981355
27.345502301335728
59.18099749833755
50.022122237093754
495.709711667203
62.66469226989648
73.21735775122033
38.919364985325956
50.00000000059663
41.025966385448555
49.27067172149691
30.165350261922868
12.140725958263886
21.874518022602615
174.51512817079947
47.916647361128526
48.96793603707556
47.29778834842
44.909561217322334
49.49609854825212
49.999986447988704
59.11098917421623
34.39524465331
474.59452489693064
35.93712105831128
49.99971492462464
53.433797085749575
63.04123584408535
40.34478203305298
59.13195006690967
49.99999999910506
18.429272699155263
44.116687218101106
50.00000000003729
70.72549331597975
50.0
43.859586314710214
93.86724187484288
50.00000000014916
10.363349878376539
49.820103139409184
46.2474782816862
45.23741094221259
120.97238015489165
25.289411897694663
15.182099249493783
55.33839812604106
49.31385380652955
46.6272744292055
49.3491322170903
42.896648189994266
37.042428262426256
49.99999999992542
39.74119468170284
49.75739767494997
60.997100605809464
115.79113955699904
39.211611137954606
43.26182981783677
39.58475839768289
33.17566158186152
53.857872166015454
67.87461372200517
70.32746559030284
27.315319550321874
305.6414023969619
48.93955121120234
47.78895178492985
47.76145596530023
111.23810386019977
47.81650175352115
151.51460448879516
41.691546629060156
49.999886471733134
47.57395937387946
44.70821065172004
45.12071252317037
37.89095301220641
123.86602828558262
43.19842716477979
50.000000000298314
36.78405338573248
58.25923243251964
56.00252050813333
47.041724051805886
43.612465795721164
56.70729612015066
654.3853144803575
487.7305549697221
34.09180028735682
50.00000000059663
49.99923166101871
48.845112755348964
63.93696952881146
548.0945253376303
52.55441346190082
92.81637400086834
49.34149246286506
86.97320942945862
23.995936891407837
72.63788002692763
50.0
49.24068968351639
623.0933146519483
41.4004297706897
279.88458327310866
50.0
31.883583303089836
46.832686847821606
50.00000000007458
117.49336610565933
631.2284002507959
49.99478202384853
50.85685822841697
461.76167851351784
49.99999999940337
56.96777853239473
16.317606920563776
17.736816196589302
51.432396186490564
47.689049631450416
50.00000000007458
48.69452078468021
17.040675877023205
44.216154835591624
50.00000000007458
49.99974567676509
142.7334901915292
282.65327174590584
49.99633665701731
47.43686329121556
182.26582694852732
35.16479536364744
197.88404494708738
59.62490946932246
74.03181322441333
55.79980325089264
26.132158690628785
156.21035414177913
50.00000000014916
196.8906288469616
286.6303506677805
61.86681958773897
49.999999999701686
49.99592378004672
40.09383387679554
19.672717683119117
50.42824702053076
47.9631740521163
27.84187627594838
468.01922006807763
51.73226807623632
78.87959013386353
57.6201059317973
5.9545850315043936
50.0
122.69940394734658
31.101049117702132
51.150025281191866
46.70600362796267
58.8574525139195
32.73352024674023
26.840363913435795
14.294565937964762
47.270186851979815
46.736788799913484
35.39177038179332
285.13911886373603
375.8516526880678
87.38667002297643
10.653145105465228
50.0
46.73711562378958
42.827255300971956
67.47360723162183
47.85797523471592
50.0
83.91328916455495
13.184571510508249
45.991734078442164
67.09950975361755
47.891726805068174
109.40452883368198
49.246755279178615
236.09767816558633
49.39565324274554
49.99999999940337
47.426328542434476
37.0326620008575
47.539671084035945
84.97318588187954
49.01043623865735
25.620358066869812
42.18635199265191
46.439784647433044
43.512603266874066
18.397900701900653
48.93341271126519
59.78911865829468
47.35388320084894
56.4928752609041
53.694419266922836
55.91285885648995
30.603246505190327
65.55860490464056
54.11826944726636
33.484185564054314
49.99999999985084
22.78166424867777
26.898516642941104
40.51729473015803
47.84785604267745
45.73209521584067
50.00000000059663
10.424578174570343
42.67299415221427
49.9996736715143
49.99983762534066
47.98424700022315
50.000000000223736
41.34916742182395
40.39748584612789
49.998563322795235
129.9808535128086
46.33895472246331
23.06701084483757
19.777579738438362
48.555443509416364
44.531855126126175
54.66298786576181
41.92449088577996
44.26364646870206
249.89401657643066
49.999999999701686
46.388498451544365
50.94589328420261
35.84170770502169
51.936752614634315
102.24049020204075
38.201851555597386
21.285437244327113
49.600207297524776
49.99999965654706
46.250179136338375
24.540153710017876
49.09638518163047
214.41303047031943
694.42080581342
48.85624681211266
50.0
49.99999999940337
48.66404651065659
48.5402875299028
147.6158727090865
44.54327859346313
39.590019639522325
42.99763366930347
49.99999999985084
36.10556089444617
49.78112022858295
118.27856921095463
168.11539686376454
51.52306948711703
49.99903289753638
277.321432688037
28.377853350488408
73.71973502074388
37.80214099593968
33.41606082597718
48.48236048926992
63.392707298631194
37.780517444813086
47.497213438766266
43.588850315483796
32.94947295121892
586.3895145284041
276.5703585186202
199.4790239628195
44.988343524498305
369.1258920765713
46.387526253267424
203.60574639013794
22.029140319014004
48.169690496188196
30.51391578854782
49.99999999940337
37.41995148224669
48.55661379707169
50.000000000009095
47.32924193756298
97.6700538813534
72.16899824468965
45.69486682604111
49.99999999985084
63.5291495348356
46.647710214087056
49.60127130628098
317.1925716962742
49.29208516899416
36.2828253521252
75.25803252521519
48.97763334529782
47.39573656558696
24.859253798547797
34.626605362893315
50.0
46.575436251549036
47.11893404805596
37.18580056691974
55.79747747700458
47.56720982511342
34.91362979091082
47.46629440726974
50.00798524452148
46.63142666249041
49.829695901722516
170.19037102447237
46.4028534214558
43.540316946458915
49.99999999940337
312.3798563266555
125.68463949667625
172.90508941815642
115.25059430858255
11.97585623575469
76.39696338883732
49.99372162173677
49.82900816426991
34.908227440191695
39.543063562239695
49.57023488242339
60.34050296803434
139.7150241869258
50.65363892480309
51.46188122425792
57.06316914778881
59.11976205273004
46.79091207791589
62.991167991542625
52.98409566223518
49.773688584406045
32.685630191585005
46.72810842657418
42.29524017968106
31.81656073619888
57.97207746171807
44.88456275148383
49.99933846989734
113.58184108412934
54.73672422923937
42.65128760135531
49.99999999996271
295.0768129976577
46.34075556413245
60.82722333993843
46.89731407726322
162.08513722607495
52.05087060030928
82.98819845370144
145.63839362517683
157.01678149834697
100.1452393295749
292.1281798999176
40.972023116598734
829.663945403697
49.2332073048683
168.35450600793047
290.0442229975506
69.2982647990957
56.46973902395894
60.9048853553395
68.36921810422882
82.75337001699882
49.99939360250937
39.12917070051117
11.978374140813685
55.369127212021056
173.2612570651762
49.99999999999545
64.77641451450722
33.55233539504752
41.82632783288
105.98386945151287
53.11289278778986
89.34561291062619
41.304223054028625
88.39597669076466
36.557350766075615
50.00000000059663
49.601968688191846
25.548161781636736
50.000000000000284
49.99997942747132
50.00000000007458
44.46776975818284
160.53099361991917
34.00585891971696
280.7284377934102
16.106916509188522
49.53489029771299
104.85470190227988
14.16295918051037
49.6875690873585
265.1510334343085
46.462860445842125
39.212237846621065
228.9136846022716
65.86974132802425
53.08383139670332
28.826063804068326
13.4918792498338
47.77715147246636
37.60948491129966
50.000000000298314
37.30565603546711
49.99874898179769
19.284630728737056
85.39076531281148
46.142073323672776
48.715478445985354
31.38648706017102
50.0
33.69216927480193
49.93178612851807
49.994934112097326
47.664757691462
51.84544056642022
61.88962795702707
48.941097962331696
68.76665046515609
44.7449407334052
31.334463684015645
21.440794170668596
438.3166981965642
267.6903207416708
14.89615980106828
44.619285737671134
50.554345916739294
46.92058392292529
49.99999999996271
45.19076563227554
41.27309449966924
51.36550533194713
50.41184145605803
53.992071109929384
66.00896568700227
47.0568528247577
49.27498152590215
94.83221829698664
42.498783977178846
137.018542330356
39.31172639772831
55.92205397210546
47.77052133413599
188.05786067002919
45.56016303915567
50.0
45.60987979998936
31.068576414325435
50.032769951771115
33.77949579361666
28.216760122273094
58.43721184330673
47.18024791914377
50.00000000003729
84.53467746739716
46.7013271375954
43.726721304461535
62.955280450418286
93.44681880696317
10.382863247692512
44.28947658920515
73.79532009913055
68.61003353859996
44.68528506185248
49.93182746100865
24.899437326193492
65.93018658024096
25.96424532095307
4.081834290398092
52.12958243814933
49.999999999981355
51.44403820526986
37.962975015343545
786.8764267334691
49.99845100357743
46.454458863590844
50.55906315695029
232.4986367960173
61.664678375773065
48.07995369700393
208.10183345534574
33.28733350231414
55.80911617904985
52.35673385638165
35.249673363765396
49.99999999992542
27.43898145775529
44.971635076452
131.6558764019701
206.33868889920632
51.78873577966351
53.647079682328695
89.94403516402144
49.196178822418005
42.24965771488496
571.479669763683
57.31847084357105
45.05224447878104
31.996798093426605
67.59401243158078
63.79476712870917
26.489074619786834
44.74327236225872
48.305853775875676
49.95019722434199
48.294429590220716
189.6134835429002
38.342864659012776
46.91663000146764
49.717455299825815
44.638495155858436
49.9995777559343
451.7069356199768
55.614127065183766
175.87536955650057
48.26133661269341
50.0
49.29940840533527
49.7546028312463
50.0
39.145922994011926
55.66547799664568
10.428228757762554
130.56645675760956
41.395725181409816
30.369676353461273
46.04852134162957
20.565653473355724
536.96916302607
40.23256302040318
23.900880865774525
48.876754432298185
49.99985442140314
22.628119042052276
572.6088414661326
42.82420153280327
49.999999999701686
42.37109859582961
73.49490131096991
180.8048999787061
16.681477786967662
12.128530860780302
39.13578189193504
49.99973770192082
48.74892185495648
36.103818263019946
284.8082470722368
50.33143858932635
50.0
49.999740510505944
197.3018477669748
160.7026238128592
46.200005809490904
34.37974693639444
52.89882855540418
32.77412199072023
50.000000000002274
42.19724946537099
70.68535137166919
49.50136558287886
46.091037634070744
40.961468117096956
39.77298898430854
33.808807878927325
51.12269401136109
174.73121438833073
30.717820580987564
50.60911284716258
49.74410896842437
44.797457233345995
101.44101584754208
36.75819878410766
58.86821855816743
54.293358926981455
220.72276437546316
48.48875710110951
29.179971746161755
37.431636476903805
37.425896560303954
37.64199764841396
1.9026107278987183
30.576630220859386
36.58655737649474
50.0
80.80216801863935
49.99990348560732
64.5089141108756
52.78750449313702
49.99886279839484
265.5574427677275
797.706493006749
886.5195022228181
13.704522150694572
123.82926158010031
49.681130206914986
33.22996061160825
50.543941868460024
34.28475457547029
52.31593531284443
47.8026771921468
49.332043138493646
26.13863532522646
40.67835249998825
30.518424147941914
56.67836941036603
128.66608905022713
49.88861360894953
50.000000000298314
29.388265564721223
20.035524038248695
49.69116188471082
46.04213564196607
69.96345555757193
47.7078449938208
50.00000000003729
47.955455475270355
407.9177974944091
95.18519682743499
82.08104936543623
46.37477968592975
47.783310061766315
46.4790140689438
44.44748290246389
362.48415732723333
312.3555998602481
151.66082205119784
252.19243899671994
49.95486895004433
42.52627240092261
50.00000000007458
47.04963504809257
50.0
13.551931456120656
36.428909673451926
57.52391284673649
48.032528663547055
158.56478207881173
93.26613761171484
181.08145852764392
50.65683101848117
50.000000000002274
39.34058363314125
45.33688966498812
85.3077899564455
49.997411751663094
47.890564778073895
25.336927389897028
49.99999999985084
49.99967208963426
27.953437036869218
49.71991210271153
56.516483205265104
90.346139728872
50.0
46.16623071583638
364.7083661778531
80.2238011735858
44.287925824984995
50.000000000223736
124.52473719946283
37.04102712199165
30.300240051405126
121.65279316186025
47.57628564457991
95.265757289053
49.965213210603906
45.3494600261688
49.99999350771304
30.43351953957881
29.19375983883765
50.0
50.00000000007458
30.89272691640599
25.911388649135915
208.56800142628708
54.58807052761222
48.64893573783411
52.65325615719412
51.13890517045775
340.17288174861596
157.81079434206686
261.02185532597105
52.949003380421345
266.95101273122873
67.42446884442961
46.34517237505497
27.70991309127203
47.88399694827035
49.63176891329749
75.61694925340817
39.10441899674424
65.7216235874871
38.58961556505528
49.716267576754944
272.28812977333655
61.484943739242226
26.53308422860937
270.58399956376616
15.229109841184254
44.8062257606739
49.99999999999545
49.99971768136538
50.01977519690013
49.99939486100175
68.42503714200575
235.33829428507306
162.48841687822824
48.43530254393954
48.69232492632182
50.00000000044747
49.99999995946928
212.8623308525348
398.25684025400733
29.34609599785108
42.12297905142077
48.14816282029733
50.00000000003729
46.539168570971924
27.781989260070077
29.67447355054719
112.56135342938524
41.62227933279064
239.5156674467753
48.41314016919205
34.648084141972504
21.66144189071929
47.53684799591679
49.99999999999079
45.627369447733145
28.758919397932004
49.99999999992542
48.77358382470538
47.702250547918084
19.875050807084335
43.85249439250401
39.89648564301751
50.0
6.639591854735045
37.87447712084031
44.62086820774857
60.43128100538593
86.75613248753234
50.57236221081257
34.907983202517244
67.74238836534505
50.00000000014916
50.8146195747795
49.78236045453991
57.52243191843718
178.41875005648944
83.79827230035289
49.99999999985084
49.828683890387765
46.80145742591594
47.70003944611199
55.74349391982287
48.83709640360394
38.44939027049759
91.62195792143393
48.830526562797786
321.96198441128945
47.86466447463863
49.999534317470534
43.002716698742006
424.9248808324737
150.21336286397582
38.55792711632603
89.74647785066372
217.43862053739622
50.00000000007458
50.0
36.64302656095424
39.804928432406086
153.5377361350147
49.38019772284679
71.51813385154674
68.187309067648
473.3884353837976
47.622630449083545
47.543225385369624
43.51650287985649
93.98905634845096
37.41343042943299
43.50975492699581
36.8142683805836
50.429165031806406
72.00573706837531
65.12955612020141
48.00387101812703
49.99556477723854
15.963916696578963
51.011413572137826
50.0
49.99877951651433
54.783077350477015
44.18939797295752
26.770307251462327
3.434419662820801
47.48879890947319
44.90390851984921
45.57200017946707
164.13531269512896
26.033932053673198
16.875614287614553
49.999999999701686
55.87195435153535
49.99999999880674
18.170519664272433
564.0287726235329
41.978328665412505
38.13699493722879
29.15763840431009
38.150914155163264
168.15499220941865
18.47140316979312
14.574851398339888
39.807741533728404
42.5125362107683
145.27189962319153
28.880776738842542
43.095277973749944
261.81797641244316
51.971359552467675
50.91199392518911
532.1596423147098
49.063679992401376
49.99837085573199
45.81748884497574
36.9190087277384
49.99992854590164
49.999999998210114
48.57393732536548
172.70513746780853
73.8515900161674
44.37380799326979
48.99584301475761
157.27885789336187
45.95142206642049
47.42553827871416
20.376011144488075
48.1602672045301
28.75034801464244
243.2464507990553
42.85769039282604
50.00000000059663
49.2198821049642
70.68376133960624
95.3834273987577
49.631223865425454
52.83787515023232
50.000000000298314
40.45058484609581
50.0
95.84558247934001
53.81110438156975
40.060984314292
41.84261461003916
123.18318707668175
43.86723330767995
47.56286622358675
60.52145989381461
35.332225009940885
29.619547955900998
49.999999999701686
61.95921949809781
53.632490895040974
35.211725031931564
194.23189417187132
40.99371215168867
71.42176343369724
48.488234387872126
46.57873124003527
42.130197214499276
34.863658452064556
36.33629134200055
40.443645516996185
39.79227569768955
49.47240169925135
49.83785084401825
66.79631906932082
49.99999999940337
48.23888617713425
167.2781159399102
75.92107984612426
51.13902348265174
50.786531487675575
46.553815750112335
122.18155561986441
41.64058837736957
97.39029772448066
52.665613066912556
49.36122317746958
193.00082441082031
8.884802462034713
46.44566234652484
49.99950795348923
27.341310497836957
5.424644474716388
51.880510827026455
49.54041316032453
162.2933030772242
229.12812206024773
127.56211312903633
53.37640360001751
63.1354367737822
35.974447368362235
167.9486999094661
12.100422171941318
49.52349005360884
27.763245572696178
25.781671188339146
85.02299761408244
42.85166341094691
88.07810411730725
49.11821214584961
22.135035346166205
48.94366993267613
50.30548156252826
415.4834617091883
39.392766725193724
38.88857530178939
55.54715419376623
80.21965293440007
35.41348284814603
46.38655963737892
49.931721786814705
38.90276905836254
502.1273150564475
59.85138730039762
94.36253644672433
45.476677743883556
40.27245890023187
209.2844794318553
124.03481530223597
47.42031638382514
72.94896592839882
149.72435689835083
26.164382164181916
338.29493727661156
31.71874490394839
136.13417567534998
55.60888287953185
49.5473391400792
57.267756015198756
194.83893541942848
20.750782235192787
44.554175078623985
49.87924188173383
20.440428110299763
124.52974367659317
38.81277897752989
85.66367252405416
111.87318562226557
48.55808483239457
13.65999217697754
47.34830436285756
42.54541786392292
46.1326802929334
47.39570293174529
84.33583344033104
33.28134619828779
129.36892006150265
49.99515707374121
49.99985981444843
68.35163532431216
83.24945892151845
144.19233938845733
52.8853182415279
50.92102440032818
25.760043195568414
50.00000000003729
49.11561568218349
6.281109736086364
27.571176715903675
48.14770009930544
43.059608892894175
881.4612535700853
47.782596784645136
50.000000000009095
49.999999999981355
80.3805827011065
23.878794243161792
92.35743742299746
383.1536836996265
49.999999999701686
50.000000000298314
47.473641008609775
49.70073226318709
35.30812644121761
27.025380556864548
10.672030993726366
49.90935159445601
49.593106970057306
37.208200070784414
28.95674810093533
117.64971261769551
34.968045335604074
415.39996937861906
44.431025681812116
39.185467420689065
50.00000000003729
38.69071682552112
51.87672723067726
159.53278897597102
52.05529767098869
113.9032501831498
45.397162126249896
49.62163257253815
46.829456441837465
48.88262056432359
49.09210381822777
49.98605736289028
48.585078723641345
53.80554632014173
21.50494196099487
39.60214243581868
69.2470299645031
247.397548638854
16.32430450287302
30.74117892475806
18.90355607260426
48.87706528428862
46.84029427865971
31.08279087604933
45.63651929114894
44.50510327492702
145.28802956068103
235.91276748184282
88.5009252937798
47.042946229881636
22.622606626564675
41.74045447072467
31.605858422152778
38.98639775362608
43.334437530022115
88.25780901913822
93.60113163589267
65.45462819462955
44.86159873600627
39.46325380969574
48.28892836293096
25.93233966557682
34.935963805626216
27.46395482434309
114.15148836444132
97.29638464339405
49.06597217434319
50.00000000000114
61.59424035632219
150.99796789661582
43.02782388108426
49.99999999985084
40.058679480347564
77.5286059616974
40.583400455368974
156.7583846553489
49.97106669526511
55.40419089346415
93.84717167434883
445.0149207283048
47.70926141925884
45.09352485034833
49.129802833512855
21.62511858188094
27.721870242400882
41.23311146315382
50.79692038941312
49.227269887685
49.83889415878912
47.251119408721934
217.54128486885475
112.38883448784964
49.999393441572465
41.185733088681445
63.85379523459051
30.821725666711018
405.78159280857153
148.53126297951258
49.54621771659458
49.99676888315025
50.114755830175454
49.53209372713354
47.10251511309434
49.0492868541387
138.90368179788857
49.77820733033877
49.999999999997726
50.0
118.91125225830683
87.16138567827147
19.646477473730556
49.999999999701686
163.8860577313162
49.83049313177253
49.99995167729867
50.0
49.48043464026341
46.411611330793676
53.08535820750899
38.42540098704467
38.98020093250352
35.50127546296699
27.580455683975742
33.171063601878814
78.70090138149499
54.6346221306012
49.99949543132061
62.032572175648966
42.221075731043356
99.38055581106482
64.91580342206453
60.54390222278698
49.963577311718836
44.499646421498255
68.43517669922858
632.5614171233628
63.71297230432447
72.87940982004147
62.75578065209447
53.18385222252823
53.3486209670956
65.17789096935394
42.72317009054677
46.93085767173943
22.66079257248566
139.22493226840015
48.48584664066402
48.24911275477825
67.86854374794348
47.604263751112114
59.003145795664295
42.76065222294437
73.95953160906402
294.1965518545917
16.400238993149287
47.89294169510322
40.601232957300454
149.82264595719607
235.08217947137564
36.90774863847946
49.261981284322246
47.63223473879043
50.61148143281753
158.32441012377058
233.4740142749706
144.29667948092447
51.0053888143284
55.69321622251937
25.33004987757522
52.767935444717295
318.45046944362093
47.32168263628773
57.12248366856329
5.446524957122165
49.750274242313026
46.79304564062522
49.260129159441476
33.85872486612152
35.70090748611619
66.48243456338605
48.25891363852497
27.871683457999097
37.682693023451066
193.72517575541224
49.22124993923535
45.01378362996002
57.91228042140028
33.693820377553266
240.37399249270015
39.83674328605798
165.001502322752
49.993151861771366
51.37194294264282
90.0508406683357
36.98372448787086
50.00000000014916
49.46230200760874
292.02359704828723
57.626841611045165
49.8516321568859
46.171267532252386
66.8747833364119
42.50510475108422
57.84448552701292
78.1199287400375
69.37322225902699
55.74651559459653
41.94855220494901
44.359108310170996
49.99610512941399
44.84810485329763
46.24916021190438
34.8551239890985
152.51354777424604
249.3815584325551
50.06098640189771
63.63121388974241
81.19808614302201
114.52013517955356
36.08408728162203
49.26962134306814
150.4582619020557
48.14444369573175
50.000000000298314
92.31386961224416
50.00000000059663
56.70128134742117
48.83840225461245
19.074852005460343
58.12579414293242
50.368646386229784
59.295670632709516
36.513254350375064
126.25466931866322
36.11668370476946
49.9995909133213
27.077018316758767
87.5044599170651
48.303348343775724
58.179789846184576
49.23733589211702
23.55127184750836
45.72718451690889
155.64015785747551
49.99999999985084
60.038291585864044
41.47269221887473
51.72851630741752
49.99999999940337
49.99926996025897
48.35221784470923
44.859341183248034
49.99997286229518
49.99999999880765
49.21227950964021
21.245842439988337
30.888747654244924
45.395025137382845
21.55090448232113
16.657474436919983
154.46924216396246
50.00000000007458
44.38475967843624
46.73907317125486
30.55635807422368
42.7648348150351
50.0
50.0
83.72429846730665
47.73857923127639
47.00373835433311
39.51350506849667
99.15138190128027
16.816958083647478
49.99999999985084
41.07062124949334
49.799810931350294
50.0
49.999999999701686
39.026492211392906
49.99860040374551
47.784292957325306
265.16578051749684
70.22298194744508
94.47234359776257
43.63390681150395
50.37568970495704
25.846603516063624
28.956313113656506
34.01205706118708
52.3458179580648
49.99969608065476
48.686419811679116
28.513246360755147
71.00058701750095
110.55288746160909
45.94864917399036
67.55070709218171
39.36397268269684
416.8430610964906
121.29356745324276
50.000000000298314
44.77517583238841
69.49482519996673
70.91232072990897
14.578210372901587
469.49630712407736
49.999999999981355
49.999853432075724
49.990983302965105
93.31909724969637
49.29108029992494
28.612261327070883
89.58670340739809
37.51289945749704
61.30851580835406
67.74108715764851
28.748324573462014
48.30475524659232
45.73026422872135
9.19676905374456
50.0
47.50992744815676
50.69271246781727
51.18413312168377
50.31345860906367
49.39485289648837
74.22031350835277
48.43921982957545
11.300989819581446
47.428481148068386
50.04739581303511
49.4933330195563
31.137358516027803
22.581248237993123
37.69590979666191
75.40590127447695
39.783737017714884
377.2626098217961
261.344363301062
29.964347244960663
185.84699428620388
23.188144991687295
45.54937186455754
46.98306409340876
42.885111727853655
52.71526524118235
50.00000000000114
47.04783848119064
49.35483032075649
63.556255455862356
57.3088026164005
66.24595877439742
10.505985642919768
48.48790000710869
48.45262018689391
50.00000000059663
49.99900657888793
457.51867326576667
223.23946329832143
31.72698343983484
23.004870983202636
31.79197101747559
36.06036285696791
12.161217080472852
19.131867471864098
155.3910676537207
107.61038983294839
50.00000000059663
44.811014292774416
48.840424211488425
30.81975870137262
22.89603374738067
49.45020575306398
33.314312861840335
42.72519126740008
45.370368347576004
53.98529996671823
109.25198294125948
46.11178794229818
48.47805857597632
48.84885857531117
32.134819812992646
49.396861145528874
95.52941149788717
49.99999999992542
24.299701440872923
49.37998932832852
49.76710839194129
162.98723021078968
39.43617071240442
77.97797456967874
83.34350130596249
34.35313102237524
382.2124124428574
32.59024715254054
49.64700991410598
35.368505563251574
51.00985274771392
49.99923506714185
69.92195321913186
43.73976769714682
34.03089066671237
43.72052291345608
49.850058166590316
50.000000000298314
80.8817341991562
28.822967032712768
349.5479109282069
46.12909132366258
36.00905890530703
74.38331262490686
58.77748529772555
49.83565527986957
139.16729504421164
53.863608795039454
47.249987225061886
55.93673539587053
166.331108353329
50.0
43.76612787083832
49.57120588743419
49.99733432637731
59.56116954542449
70.86310536797373
40.16387471324947
40.63992475924033
78.14498616199626
132.70255461884062
318.8298457221563
46.58721532929121
37.94027175550218
49.13050636827393
70.50791104164637
35.35421396502352
23.094969225140574
23.047136645044247
47.592798554322144
47.26098261788866
39.16372267733368
24.064800053603904
201.0302387875181
51.26101837604074
47.1660752757125
49.05914315536393
57.0023842287319
82.00664980859347
126.9268515856329
451.11887079037297
140.62892048121648
47.360234876118966
50.0
49.999999999944066
64.45839313419356
22.532271778017275
34.80527047569194
49.741489647405615
51.068071603015596
23.912857964360228
13.9778291702778
113.96494222655383
38.47706284715605
45.7304841358673
107.20782656149186
102.76481685831095
25.990231812182174
24.76936584830264
162.51525529435617
217.90287559550438
50.0
48.47074048102786
41.01453756816409
63.133230076166
52.36512888248126
49.68645494939483
41.46733815744119
46.66120464764754
39.81046649846394
141.52764389615186
35.079146125222906
567.7090721614568
87.34681812661984
46.60925793407284
20.072348080215306
74.55864865088597
66.86516623611942
49.81104386342031
33.236793809886876
41.12913461346943
74.81427873975917
49.958096914539055
67.31056832989816
20.439184160281002
56.20052158708177
50.721764186845576
58.04586904281041
49.90131566412583
48.16667643366327
65.82593210623008
58.361264864095574
204.29889735162214
49.582739299250534
50.61570339114405
217.84882355182617
47.86067446994093
49.99999999940337
55.27902942088258
49.999795513926074
106.09513784547539
46.12610936971032
45.9653728768626
51.86184236384088
46.15909881289372
230.75575081979605
47.42021138178097
45.41671658715131
34.70609038177281
50.91444169132046
48.33862941226289
36.47664475365309
123.40451595409468
75.36806197941951
69.40747412464444
46.88727683427351
44.02096134620433
23.291555393449926
84.96615211208564
45.11363249954229
49.99998184561446
275.58595441500165
228.5851748481
185.60767800639314
50.25780821135595
74.23753343105182
44.45372951746867
49.57182212376574
49.999999999701686
17.946544377415194
52.39748364694242
42.392441760206566
53.112235230486476
24.82275668292641
34.49627287368016
56.382492866118014
49.75999236467919
50.0
50.000000000018645
817.0301272675056
46.71983685823943
36.0987382849853
62.63105905575321
27.84258027247415
41.18182710673682
49.750751307579776
52.77774304918057
46.141944060126036
93.67195447173094
50.000000000018645
48.89788902894361
50.98209770274116
40.19299920119738
46.16884586060405
49.99892318460115
17.815793341138487
54.9888993486029
17.772380173642887
12.224270836955808
48.98668709503431
48.12649349586718
58.125948873781454
33.325790571660036
183.5183653954491
21.293680618975486
50.0
174.60627845620274
40.72310155611376
40.49057950215138
211.09738112617197
24.396231991740933
29.679755049888627
70.14668718240137
160.18698703311497
190.9637919731524
69.27006413376262
49.434725288958816
49.172271334516154
49.1676275386244
11.908300379362117
49.99999999992542
47.15880909015141
47.54436525377059
61.892330318852146
162.46606234674164
972.797419390794
59.54721463755959
49.99999999999997
82.44050459088044
49.8381313400273
51.2989679714392
51.31487101168477
41.16244082488265
49.99999999992542
51.37387666634049
49.99999999985084
52.81122973785796
48.796139510930516
56.8169482075582
49.99716590061507
31.151777852936902
50.0
43.51095562543196
51.85926183471656
54.45814637185049
113.5793884099894
47.48885085349502
45.064944901158015
55.44697588784584
78.83180808053658
42.792557030930766
44.92914082485504
34.687420890569
41.75086708331946
290.7513135395375
329.35975982186756
381.6553385399893
60.50817814932452
49.998972927511204
31.177645655270453
50.00000000000455
25.766419201795088
101.71712569602755
5.264472643783392
38.09000667365444
94.67921217781259
54.583388789425044
46.57399834872922
50.0
58.27157064680432
48.75833887526096
38.279482726738934
183.2411071138231
19.723021371555014
46.07953671901919
41.72170491901011
47.95989766372759
57.373407679609045
34.151067637494634
63.268335135061534
166.47467857672018
33.881887110148455
32.07344113281761
219.01862306136718
52.66067208874543
44.23002005223316
49.460466196588186
66.74176498977477
48.67571362624767
60.313114923037574
35.08394222982133
39.80340876542141
46.15777658328261
49.29552619074275
58.661491269639555
35.019522121107
44.351788481097174
36.930755695819244
194.0453798616727
49.65923155792308
49.99252895214977
114.19296279065657
34.06233033643275
50.00000000014916
53.70875424296355
16.91691686098966
47.3587629794074
43.68095731279573
51.2778456148917
49.07024415080059
49.99729646027026
37.823903982587126
58.211964045258355
49.999472579856956
50.0
50.000000000298314
44.87536754397843
213.70599374151516
133.3307505151697
37.65322809942887
539.8125505941566
49.99857286390943
43.279131467065326
42.83827747369833
66.69193211527363
55.527395277679716
47.30100115596542
138.77663211283107
31.73510627054202
39.33169010343045
50.86607667275166
73.19490294840762
24.17216258098597
50.95916122792687
78.10770185194019
50.000000000018645
21.66271481817057
46.8614712155977
37.61530695123474
49.999999999701686
49.042403317758726
55.52553728394196
46.65500698362666
48.68370126416994
38.14272360935047
500.13202677552204
65.36338275653543
28.57605081891961
47.233196256614065
49.99984567581123
36.565522199012776
45.001678878705206
144.36013242415993
28.399245042613984
30.659870048195444
68.48429866141669
19.114747560888645
68.72987140954683
107.46594036723218
46.10310134808901
38.96910288399704
49.99978024151278
36.9591854418959
44.4768994126116
49.92007960895353
56.395754711054906
43.76850871194256
371.62422076396524
161.7854120170059
15.996071038593811
37.16179649450805
89.89694649057083
49.998874963083836
48.67304479684208
26.429176641359845
206.70124849531203
190.94947998228326
44.19227899508769
49.89887505705701
49.27910178001002
49.83493225404163
39.81733480976436
562.9259660616863
78.40232377497705
114.29555831863036
13.534577226226233
27.186174034548458
49.053095319152135
59.51236073577775
49.99999999992542
49.99999994106565
92.14021980516463
49.99999999985084
49.99940406176029
45.62182125880463
47.772979294644756
48.85567334294683
48.7260735153759
106.60901289051981
49.99778654980764
63.246095470260116
37.29227936026655
35.52956141973016
72.94397699440947
18.40911597586455
54.60638324052479
81.29356681390982
49.99999999996271
38.87509909398523
6.928377245420961
123.48708230387001
49.99955016686363
49.99999999985084
57.77281134038094
22.30785362566894
48.1603207241551
44.031969375568224
42.68796502200712
99.75614759159726
25.32976744718667
39.25718024489606
49.85436521734664
41.32997891367859
49.0329811746069
54.9721760209668
49.91099722423132
49.52390195993212
47.340709408606926
30.229666463023023
65.45974530118838
137.6498567298113
52.48787320250267
39.87136997927655
49.90030964982793
50.0
49.99973129870796
42.43336912517316
46.74959766580105
49.748453435508964
44.44564456299304
27.868806251372007
49.999922393648376
58.618852564203735
59.1846468405638
47.46659748001184
45.31163725064471
58.28399920690936
278.19887660282154
330.6073493667795
13.958234392582654
51.48779791439483
37.67312628723994
43.53261604787804
47.8781195054853
45.828315441180166
12.850539962764742
30.609600568215683
45.22724585413016
41.05159139745956
50.136279230751825
67.12096014537633
50.76510241506412
437.9033630470626
10.911818263183704
49.57262558680668
50.053820633500436
29.835554835164658
275.73088829390235
29.009758397800397
485.931972555235
41.661255835120755
47.986443629961286
315.4160184416305
39.714994924066104
44.179076955742175
81.50273173737469
49.501059134871866
685.3460283628656
48.187760486271145
53.34085766701264
61.627468775177476
28.149225177909102
48.48853471819348
77.65953756732597
82.91435309241024
51.486237672774905
29.28690245299822
36.60038685007203
41.302667527955236
89.50938821207819
143.2835564612501
48.1489255242268
37.68948709174401
49.99924793899663
50.781888241998786
399.42611324116297
354.63571404832146
102.3059194006346
50.00000000059663
52.24570257840492
42.919144268779064
68.3582552738294
51.41077287236908
46.403164279783596
226.78724242637054
84.81075657358542
104.12295124258071
36.020724103582324
117.84546044365652
49.99999999940337
81.68827936225534
62.11820941825499
49.999999999999716
108.49630163490747
18.312454802179673
14.82220642192624
48.49140348564288
63.63088398481068
46.203187362098106
49.99999999985084
50.000000000298314
60.798079083583616
420.6619489563391
63.78149527576261
65.68517601885378
78.70176646480104
287.1975392514612
73.49790886732518
57.26375403638713
49.9999469882805
40.65335868414513
47.81873144590827
49.508592840380516
37.28219572276248
52.57042039634234
94.83808456043607
49.82104731821528
9.61136230140255
33.09449881398928
47.87497573975537
49.99999999999545
169.11284254631005
207.62609390399916
46.4584945779261
258.16973609844126
33.02688610531368
32.983544052332945
39.163250541599155
45.84200761203829
25.863528147481702
122.88803373910014
39.04304793837946
35.29148665864159
107.29871948175997
4.464328226365069
48.33905535528993
52.46041986347791
53.559128425957624
51.73657973760737
52.092530704731416
53.033056310667234
39.1989014046776
57.625284095780444
38.19670037229298
56.61775479849166
45.92359897743273
49.665712475184364
44.75520974344727
45.90082129728489
50.00000000007458
132.37565100662505
45.2003741516819
484.3251908160246
28.676341934075936
49.99813834062479
49.99943609485854
50.0
35.67610993312701
56.35667810103041
20.28786846089497
126.85354573970517
47.23420420796538
42.06141887612921
48.08681238464669
45.638243658653664
36.383106710101856
33.15761397474671
40.97161763904478
44.48253804933847
52.91955953288243
40.62169305803309
49.08319281349577
335.35551446054706
576.5672786843852
162.59471465096794
529.7957057472631
43.25372324455088
205.01279592949095
49.99999999992542
50.0
17.94347226717855
77.07561353416986
49.999999999701686
51.902661329251714
82.29002457378647
43.16040103727937
75.75370412800658
366.96774241232106
44.326809183545265
26.37227587095731
40.32336490808734
64.92238780820799
49.99952983106141
129.01737101433127
32.14345943640183
299.2776815849993
126.14020264998726
46.5871931869915
38.469529224596045
48.80009645050859
59.609088802917086
43.49297416755917
36.29480859855448
64.378212418771
49.99999999940337
48.97682279321998
50.0
92.80062315276882
43.67405254478996
213.39792696112693
32.79481152219796
30.95104487263643
65.86232339896833
42.71121156570371
387.04587790507503
50.0
43.98903243915265
50.000000000018645
44.455438472863534
50.00000000007458
26.30019527823879
65.42061756890735
91.07831209889628
14.020046728461239
49.7955831806612
49.91812264066175
447.9222095664336
52.732915253945066
50.62711275998845
57.389682836978864
47.09894312625238
48.731853497234624
52.611459660163746
49.34825830145928
52.83576178644944
48.39717138172273
41.047060993298146
29.009678890781288
24.27853062521899
49.998049296831596
73.8715596215261
32.29236202763573
49.999999999990905
48.09419285086642
59.54297388451323
108.95322257651969
49.46666678652764
41.74362067957736
46.34527601422815
35.123282713841036
151.90942691539385
47.561323802874256
51.563810312623445
49.99226600623206
50.0
49.999999999776264
47.74812084428959
44.48645226971712
49.99999999985084
237.70094529901326
33.53794480751094
49.999999999701686
50.000000000298314
56.67372743383385
49.998184916810715
69.10695034735909
8.13642600746607
46.058373530781694
21.70646186893282
48.1190460555008
54.29492072127596
33.65922062649133
129.65451953093088
49.99545489157208
56.405835287366244
26.66389122200235
25.878326554626256
31.844031611573882
42.979090809891204
40.32987439759381
36.3875338804537
203.62788042591552
41.51181321094043
49.09130840349371
78.78590332752492
44.65208006373723
49.99999999985084
37.6737823660078
50.0
50.000000000298314
27.506616013302846
49.80696197881116
32.90523966536847
36.622145099272984
37.401675798019824
34.42621615585449
93.85838881793916
47.60831421689727
49.498576122092345
49.68187116223089
16.665198894083005
46.43313866369704
40.822499732408005
148.53281599003674
73.26299013494008
44.94638601287443
49.71215531092366
49.723394855045626
72.438699613469
385.4639803130376
21.36632289384852
52.18899128547673
62.6767513455643
48.66286153347937
28.77717843803839
75.72355548795531
52.305518992975294
49.95795248097227
44.32858715406428
10.865552664412462
173.39874793859735
118.87749303779219
48.09331848514557
45.89769580387838
23.34790760573196
457.05914709595527
16.632012069814664
44.09446942447539
44.557148985983076
47.74704270825009
28.534704702820363
26.74912072958068
113.68336214565807
161.28189461900183
29.58768064945798
49.999999999701686
57.033654139810096
74.46678449678075
119.62984810045054
56.505792498584526
49.48523025855593
70.37433640759832
14.28070638228337
111.8466248887596
65.18836857521273
73.96389756248482
567.3575415058367
45.55118874133041
32.28745060203073
50.87342081072052
47.192428192397074
49.57972283772324
18.115114384379922
69.23414726609735
56.95358646621071
376.48249052664505
275.4091460541176
57.96655402561191
37.57271580456836
487.42980180705854
39.39762446864165
43.28844989567051
49.67479757554156
50.0
34.723688866414705
48.11753941552888
46.65399060843629
33.79161306644346
43.49498053240859
25.151115643429875
48.999296721878636
49.99788307834751
56.51382345971615
49.97079798105915
67.31581207278282
26.14492912273272
72.66241525489158
14.631383356629158
71.24707557596594
40.53892894678029
23.384735638204802
58.13690902562848
20.252730166390393
33.66496182167975
145.88845495521673
35.4877388660243
60.44430781063056
612.0478769628186
11.588806874173315
49.99979732472275
93.20027744496201
49.963853962548455
41.9722329598344
49.381758241243006
214.41922600934777
29.343529751187816
40.72081415122011
513.1594243905165
49.99641225340747
49.99869117931303
141.94058802678666
49.99870015100623
31.979712078829834
69.30926480678136
43.60321725036192
171.53867715605156
40.335510529084786
18.52884638823707
55.42750152462031
43.89473728424491
49.6565975962676
10.537151927121158
19.906568259684718
50.79755863242235
49.99997405304839
143.742930270304
41.909115780983484
42.69702601436438
42.46410485064189
49.998810411248996
108.29597618402659
49.99999999940337
35.21175682345347
51.38288273399667
49.094198388178484
207.48557987987078
8.70057613635504
49.99841803198751
50.00000000000455
73.93117192704744
44.39093570128898
56.337168255983215
559.2165032436251
167.50000325577548
145.6871782972239
274.750056909852
61.926061056467006
49.878864259538204
30.243394511074257
50.00000000003729
50.00000000007458
30.97922520107113
162.84271062802873
41.856994306857814
49.621671852697546
52.76378568318978
280.65716289375905
93.72098120825649
37.379958116544
42.69693752446665
36.24442918256318
360.2275837286538
51.849086131026525
13.033560886442501
42.33205177680247
50.92641829138847
110.65910029958468
13.018514091899306
70.59597849604324
36.466247324375956
146.28771694305374
73.09409171788229
46.078408394171674
170.0703182578486
49.837149088500155
44.78949264314542
170.57277147362856
326.7948945041544
49.999999999701686
27.716688724049163
46.38196109249293
87.77764866441612
49.698884038945835
30.806510032591177
45.475608267230996
47.30288449532668
88.5365831199556
37.46621662389134
36.989735932367694
44.91728964133836
29.692906134920122
42.367720355798156
23.303745710478324
54.71100367653162
279.4522930854573
166.43182108813744
93.72816045355337
168.23899767845126
49.99902260476733
34.222817786996075
25.203173460451126
41.78095209599314
43.49837643318779
47.93551787661636
49.99347294725521
53.70125571453127
32.07603216381813
73.20287702592987
126.55503436200615
51.24330708716661
50.69370232739675
126.99377400328376
48.03787473505872
19.813458081825956
49.766798653530714
106.76554454519646
27.180967762949876
58.559228490081296
60.12637581760646
44.916220066965934
3.125980611293244
52.86378811533723
121.75831786397339
60.87495311642806
49.8592990003026
75.65014889054328
46.23021392429655
47.22125820855035
142.79234538762103
224.23074410746887
49.99877221917859
51.57701549251533
46.86815074093374
95.46619754917629
12.18261666001672
52.22603894999884
153.4755656436946
49.84634986527544
121.0466493537624
72.02797860801456
50.0
45.70239826602665
63.83211634680265
116.33589168766684
20.282759057052317
42.812435678099064
45.287730615420514
69.73885284396692
49.999333973262765
76.02677051801766
57.91999997091261
85.59622984728594
45.946363044783595
36.71775255409625
101.74406980329377
105.17420906756661
49.138989245295306
13.081128961537615
139.09154908305845
48.52158908581623
20.934699713920054
26.960920972218446
37.298648787559955
639.6132528973102
98.97684619322854
56.325888220758316
56.47798932434944
33.00188700562103
44.79780955681963
46.35317734918135
49.879952787130605
46.338792010625184
51.773155811432844
27.593538142002217
159.8211135126876
313.82631040086926
37.875967371917795
49.99999999999943
49.99974087856617
106.85425053580866
49.40386906076856
68.32646519812852
202.25465961399732
35.896469174116646
28.77264550698783
48.24091888427756
155.72964052226052
58.912389901273855
35.704317407708004
48.82751394270963
36.47644259379376
58.76343518455542
246.7380281221267
