SLAW/med_100
(1, 7.662496600489529)
(2, 11.73057746351192)
(3, 26.443658779802377)
(4, 13.987852415918775)
(5, 9.32599039071707)
(6, 8.621158553168344)
(7, 5.627322998821503)
(8, 4.120206690236606)
(9, 3.240866648535944)
(10, 2.2935363974254375)
(11, 1.6725591514821867)
(12, 1.2328891306318557)
(13, 1.0379838636569667)
(14, 0.7614903453902638)
(15, 0.6187109056295893)
(16, 0.40340857583174694)
(17, 0.28329253920768743)
(18, 0.24249841356178045)
(19, 0.18583990572024295)
(20, 0.5076602302601758)
(21, 0)
