**** Histogram ****
(1, 4.57280385078219)
(2, 7.922182109907741)
(3, 10.0882470918572)
(4, 12.675491375852388)
(5, 12.19414360208584)
(6, 7.98235058162856)
(7, 7.240272763738467)
(8, 6.658644203770557)
(9, 5.395106297633374)
(10, 4.071399919775371)
(11, 3.2089851584436424)
(12, 2.908142799839551)
(13, 2.406738868832732)
(14, 1.88527878058564)
(15, 1.8451664661050944)
(16, 1.3838748495788207)
(17, 1.263537906137184)
(18, 1.2434817488969114)
(19, 0.8824709185720016)
(20, 0.6217408744484557)
(21, 0.6417970316887284)
(22, 0.48134777376654636)
(23, 0.3810669875651825)
(24, 0.2807862013638187)
(25, 0.36101083032490977)
(26, 0.18050541516245489)
(27, 0.18050541516245489)
(28, 0.2206177296430004)
(29, 0.14039310068190936)
(30, 0.12033694344163659)
(31, 0.04011231448054552)
(32, 0.10028078620136383)
(33, 0.08022462896109105)
(34, 0.12033694344163659)
(35, 0.02005615724027276)
(36, 0.060168471720818295)
(37, 0.02005615724027276)
(38, 0.02005615724027276)
(39, 0.02005615724027276)
(40, 0.02005615724027276)
(41, 0.0)
(42, 0.0)
(43, 0.02005615724027276)
(44, 0.0)
(45, 0.0)
(46, 0.02005615724027276)
(47, 0.0)
(48, 0.0)
(49, 0.0)
(50, 0.02005615724027276)
(51, 0)
