**** Histogram ****
(1, 3.5241591877436313)
(2, 4.138337412745898)
(3, 6.150847611277309)
(4, 5.579729852234611)
(5, 10.771915510833106)
(6, 15.671743268969268)
(7, 8.138428066358443)
(8, 5.84942434956033)
(9, 4.985948690055299)
(10, 4.3400417006617715)
(11, 4.482821140422446)
(12, 4.138337412745898)
(13, 3.1864744810080685)
(14, 2.4408485178134347)
(15, 2.1530232979784243)
(16, 1.9671833922581816)
(17, 1.7178859577554166)
(18, 1.5229806907805277)
(19, 1.2238237693772096)
(20, 1.0697126280482276)
(21, 0.9020034448372768)
(22, 0.7705557066449098)
(23, 0.6527060103345118)
(24, 0.5801831202973439)
(25, 0.5439216752787599)
(26, 0.49406218837820687)
(27, 0.40340857583174694)
(28, 0.3580817695585169)
(29, 0.3104886229716254)
(30, 0.3082222826579639)
(31, 0.19943794760221195)
(32, 0.20397062822953496)
(33, 0.17677454446559696)
(34, 0.10651799474209046)
(35, 0.11784969631039796)
(36, 0.12464871725138248)
(37, 0.09291995286012147)
(38, 0.09291995286012147)
(39, 0.05212582721421449)
(40, 0.03852778533224549)
(41, 0.05212582721421449)
(42, 0.05892484815519898)
(43, 0.04985948690055299)
(44, 0.03172876439126099)
(45, 0.022663403136614992)
(46, 0.02946242407759949)
(47, 0.03172876439126099)
(48, 0.018130722509291996)
(49, 0.020397062822953494)
(50, 0.10198531411476748)
(51, 0)
