3264.1200985712803
215.42331164755433
121.73036463352491
566.1148187636509
745.7495428070642
501.01549458452337
349.40151034535756
1086.693406690677
235.7759312652779
211.4410126297662
230.32456982289477
1770.7496619399635
447.3520871852702
850.7077553892909
543.735506745842
664.362244580555
276.20084800737095
140.93856901531854
348.1577761916815
511.57807629397485
426.31263675169794
766.0504842519331
1768.7572401298771
1528.03856941583
155.418892157747
1114.5949579883736
1485.5494203074577
1200.548769061772
345.70128045635454
871.3459102336419
137.2718822869856
2559.0266356106167
449.94606827867847
647.6513401016709
111.01926844730679
442.5204035744373
333.54353216646086
586.591329181776
1376.9570283691246
186.79908794233984
826.5050008928838
621.1677704786362
1712.282796633364
553.9704730427484
2290.7669129184915
426.0439469227176
478.78144131712304
1092.4549239495816
235.1773548038941
1319.0323346177192
477.96641823756
277.255579196747
2689.097878853623
216.90780427953905
259.2095549020605
459.75604353724884
897.1330191958459
651.7135460651875
1426.0232791337185
256.1221021855863
383.9830634413829
1409.2763960008342
764.4173879452819
733.0442217012742
734.0432126179785
14.425207537138704
694.2712802549286
338.4595384285235
1823.7609557204642
1843.0076076353835
125.15353178775149
561.5607136053022
663.5921097435094
303.4063341576748
496.97867582047365
347.97708403872457
898.2345569336687
597.6049165586799
1024.2629791287623
338.84254669313077
410.8208604261022
751.496758411864
579.1655437445597
2252.5798627942704
928.1674729781244
484.73341437891213
736.7841149924548
1334.6061064876462
1401.0531046763913
250.54317728183105
638.2271607274124
422.9655979959525
121.10783212906608
1265.2346213960582
1226.1112965633338
762.4189230869433
237.6961718180542
306.4711536836668
43.047152520518466
57.602517531631975
1484.2290306632456
504.2255546898232
907.8130194367741
110.23233910596718
1371.8217530570564
442.3995342645685
335.3805233291441
218.27491749078126
187.82451609548025
959.5692713657745
861.6693527711486
579.4913310935899
313.77536472384605
655.7532302809622
1131.6692143791463
1095.4943222730203
604.8371437610508
697.3010501619246
1167.905318789255
1242.8183353387785
856.7321953321916
609.972297351911
695.9405803101401
336.67423343403834
1832.3056239276254
609.4319976317065
379.5714775972383
1941.567967473853
106.11908649090583
529.7601220411243
268.05420309813326
38.77643596951202
521.4882829905018
318.11239445670435
126.3298803265875
229.69239037575358
299.9119290006688
334.80766954931596
1472.3569749211993
634.1607583598557
1744.1920489898248
799.4633130338007
101.35838478518599
222.96919624308703
405.2543341621322
629.0603121968234
1658.0824976705794
742.3059666831646
359.7491261316791
1459.691838158733
389.17587212215767
223.5323070504437
248.13691617882887
494.19364442106144
1427.7359145619957
626.3197170917534
296.7802554739287
686.8305434007268
236.16746808612515
2342.486985290796
380.60385596448305
369.013045382575
347.57963195339835
440.892270029628
349.47704666406025
770.2637543534468
13.886939365214289
330.49244735201614
3230.4059766696946
46.55990984365144
231.24871576116584
667.0516530133254
444.0705083314333
270.41729517535623
745.908158596967
352.9690818170293
707.1328913755788
339.08853927067867
472.66505419779423
529.0195085983376
1313.3721420753234
1500.4335644956568
834.0470991719003
674.0920821181471
541.441855669581
1013.4865960453917
635.4204997396173
882.7009334744769
911.2715791165651
969.4762974993309
1004.3476074800874
462.2346402364801
42.08519139690998
452.3905417605347
871.1280823746829
129.31614367961447
390.9511932426358
1133.4551099571418
1066.6217126509375
892.053596527202
784.3666309587366
336.2042736831545
1224.0844689684645
183.61447857984513
760.6048009487467
786.576451349868
620.527279558446
191.90875881145894
891.1463423876576
535.327192123068
579.7121485766247
739.5380535612062
596.4047743218307
335.9368358658212
123.41747170756298
1309.4507258033582
436.1589493020647
640.8451853603874
441.8606038767666
3145.2336040970795
187.94416311484838
434.0185301003794
2655.3847020003896
134.53989163567348
936.9744309469406
940.9682082079617
665.6475769223744
970.6262820998911
30.377816570923642
1208.008735963515
241.2447791690006
1250.9217240885896
256.42079142759667
607.3066833595758
831.9726789457254
242.4892154326426
197.69287676757176
852.1859023427478
592.8891060273763
284.91682175349524
2714.2271369065766
1090.3704804959743
2002.2212275413713
1391.244250608971
379.98854840641343
316.3174718572609
872.1610656213998
941.8492380908733
540.8227718281871
1483.6085096414797
748.2091482281771
438.84843606393497
270.8543148934332
199.03872157770184
771.3821395514778
1340.617476245322
375.2475016737935
165.4656858965427
472.3804136139188
687.2419593332161
700.4002571605022
730.603357386238
530.7311076864407
581.7929054467272
425.13931963287814
1675.8281402001485
613.0104894543429
175.25644706936873
93.76945769663143
514.9672297009492
649.8420118318672
603.7022217739886
1061.857451376858
398.1946683480612
153.7491998309357
583.7415793128771
545.8938600771507
1899.4384681577503
1487.0435223226905
1212.5201664246224
192.07687684518805
726.4140123882444
869.6673305501172
309.32469328552276
363.0989934851681
361.3269064151874
220.20883068501257
473.0506704657805
112.31429394869156
895.1051458108673
250.9075083900857
381.166084354973
415.6132254542813
126.5911874838539
409.4644892528577
2508.467888155392
406.0921216945635
315.1077110748247
434.62829948158287
266.9109278463129
1860.709485180113
329.5068585080908
220.9489958450231
393.9933475443986
487.0479024965716
662.63020219889
804.198397574577
845.5469151320676
516.8305547534783
1105.2499425882033
827.9102506937143
411.61807533604144
636.8201796949571
245.12643738204133
554.140719815075
1030.7150182447626
878.4900200349757
124.4515839266287
664.13311520555
429.2942925835887
649.1075693397142
433.217822949945
694.714518557862
688.9449979499877
1020.5697575443228
232.8280678255469
764.7383201622584
556.8008227682967
2394.4828767876716
583.0586449644543
442.9292439072251
440.67220824801007
722.1925872273141
1793.0403177603584
1167.172669251238
992.3023536575324
264.55835858151795
1088.5050652561677
878.3440823314081
650.7780433156622
590.5403622579734
445.7120298227892
337.60125795955446
1818.9428542696942
517.4087786512737
1241.3256078658242
894.6663812796232
149.9967753047913
785.5072301821033
641.7932898760309
2920.6505695139012
963.3887624281006
1463.2133443227813
306.80335840464966
410.9345590073451
684.028255226913
1232.8194470384742
251.9601252997818
213.15036469867937
417.7814805800044
1701.4350776373467
1092.8799917804954
1114.143652068426
190.06111662528474
430.8624568280702
1750.84065517801
743.7055197995642
106.00037565337516
1046.6126473702625
698.3836801946036
385.51886889765046
515.9526830215755
22.282518684787647
1041.0737357693615
833.2887841473487
756.5323980460964
1151.5720082302632
1738.9737642631535
435.85973731177546
204.18200724883172
716.6212659839748
819.1315306746246
1453.1611946486737
449.67888573633354
1684.8294278078852
764.4499546933766
220.7625379880078
197.7188933327693
960.8258631233903
374.819583300492
752.5074321390912
501.3358698728762
622.4097123939191
121.38015807437256
389.48075449292105
469.5154689136599
596.8053494641051
417.09338989235175
476.3458110497995
2823.536654187402
348.0399902833151
574.9912361887837
2070.0704274489117
237.36930694330658
740.6323218605185
453.972016632292
1176.9578553052775
761.2379071787113
56.7262020363205
1405.535349963825
438.4517272721123
1411.4714482960408
229.59538886507983
183.5472353241414
350.0230886754591
254.47220365260387
994.1323984233293
381.8436555422668
455.0617504254892
716.9894884163486
226.61141038018377
418.1794093528906
350.76191579342503
717.0044870013899
536.8533589941271
427.65899018494565
1420.0070166400956
187.05767286731316
366.108695478908
1110.0401127744872
1277.1714083301583
611.5588806185278
195.071709451895
510.03943738726184
351.1992260886673
856.9489958879258
442.53278491053334
697.9487604245351
449.279830767583
118.52949293168695
483.29462395282553
307.08272878724347
484.21740330094144
320.8192619770598
342.9986094770914
1177.8918701628395
1359.518968994969
230.1722090833
137.67654406778274
364.15787983494465
492.6303930896811
498.82406648852066
677.4927078797245
496.1988123205683
633.5169379418649
1217.2553088188934
204.1310767387713
737.3827252425283
1145.693743337095
106.893274974414
244.63662019678077
515.8049849143454
138.18161914507436
622.1017164145269
479.14832261129413
508.1046535230862
610.3661003481984
1209.5002364743377
478.328821957286
1665.6799308234058
340.5255006408014
634.4341461139762
381.0375532954315
507.0720239839925
228.56416750247354
378.89254833252653
587.1858073484523
1198.7314147594739
981.4074198357321
73.85900249947281
183.0125925499624
368.55681504043787
674.4524571165339
1172.2564722987918
1045.0131205037621
647.0396351500488
147.41323551942378
747.798227792066
231.3871620350842
1135.2701757262944
1703.9406270101736
675.4106324662216
475.02313999422404
806.4999813308168
573.5630334594764
250.0842674821182
67.89979446928237
40.30836561626347
2218.5367219087507
57.93605598268641
431.49364536307075
348.4512333566663
479.50087955169965
1100.7671624931354
1464.0066962510318
52.533898992584
393.298754369971
412.8572849412309
222.4440472920437
493.9085272312425
430.09033553339236
489.7103617639864
332.85461432667444
725.4274169648138
241.21706560979283
585.2138268038461
89.21002491256695
716.1339177616946
1385.1441880604207
768.5121981630682
403.1263824935686
756.0908730427509
175.97650501051794
1006.7657967636153
349.91544993057187
1578.1435408434902
19.576198467831546
655.7664428969033
868.8898632245782
2242.8042948254197
337.2041976670198
641.9895707558319
966.557834803401
354.74856473954696
342.9381458255252
415.5364831359202
2178.4996324185067
948.6609165276814
295.60869626709064
240.80312167273587
2149.316685838362
1046.115553803011
1450.9623558982385
613.2178188450544
77.14867313078685
601.6478832906487
1159.1092231946905
1287.4619767546828
1210.5279525402002
396.2077860092587
245.17736493330744
413.29868703884404
430.39326288295297
235.83113628824276
117.57957312354301
377.39936571695125
1054.7684769784032
1113.8765083621138
646.6957663451731
451.60708734182026
820.9438826451787
1507.8426424962436
415.7159673858241
489.5901585771321
19.55198919828831
413.99063143728654
605.4959645487829
1608.7583696800862
48.649086745396744
483.4419906917701
1537.440480721575
195.8992782510404
280.79116109348433
2312.5619112589084
186.88737067585134
412.8645813030861
1994.6287438367358
1927.8670173144192
374.9957062495787
1983.9204216354901
313.0753080033064
236.7582813627405
362.76218913024604
780.4558464274851
765.56592324542
19.70228166481897
443.4496565189304
357.76937161710816
256.3854249502856
641.8358708730475
545.1606061988987
330.89986832747263
590.3447564513472
189.78281398394302
1008.4748954939541
453.3442219668159
844.5501664460962
594.6839105452664
1072.8841799002748
1234.393456068834
355.0372636464719
339.6703215437667
261.0958463120854
244.40624705846494
468.92062768163146
508.3780835610173
99.796265939372
337.4663600365275
667.541130229472
130.15517548147272
381.3499823060524
334.1003064225424
230.45615255146004
234.14812152706145
313.1377772224305
242.5853839232759
846.5653911429226
540.1807458682115
121.00958251495103
1451.848145750435
198.04183438657492
81.73575654774663
627.0555767765891
270.68460807998895
406.26466887561264
0.9553208022052786
307.8041609455954
1365.3963836040266
54.76173121600641
395.63812874974064
638.2625111449161
1706.445118227689
514.6770771332658
1001.3222682635787
342.9221863776438
384.1782743516537
870.7143018356046
420.38931271535444
560.3672055415238
438.30206300495274
424.28805376938453
895.2134237176087
239.74088368033063
705.4900272204441
368.8871565948839
443.534811082699
228.55021932292493
546.7665946392963
237.18742641789413
442.98023664047014
979.9864102108259
195.75220136349708
568.0096293248248
529.837965609056
821.6945252322748
318.3896399421119
1434.9657165035246
871.4125874250503
852.756668438089
179.52202829195994
1572.178419426088
365.27878018323827
312.40492767791284
753.0291002281499
901.2633315993844
357.09478491801246
922.7539966255313
263.19423598491903
1100.2960341152134
1639.1643183053093
262.8393763034828
429.13240954412504
1553.606749628896
1819.1268800133453
1046.3223278659875
262.7801465366956
288.97092570528275
264.343937472594
263.32059812293846
513.4815860378521
317.082878668959
885.2127767442216
998.7104586243668
523.9365046080741
248.51135721348032
428.69031478097054
1837.690226912799
345.348560938387
26.8156907108596
641.0421169898
2045.4412947468172
438.41804139855503
1671.4454285749316
381.76596438074216
622.5322423420379
2154.0237672288895
106.89960434009436
752.5892527861638
538.1123796834372
172.21303438389714
636.4673386515697
708.7752203000273
356.9950847920354
1164.8589215468364
510.84068452758606
254.13384877583007
1682.7707464911139
260.90627236352066
403.2899084793744
399.85863902055735
192.16754806872086
352.9692488281171
1634.1757490268737
338.77255287172557
1320.2800927779217
348.0109998997177
302.1414254490828
755.294602472606
373.03545426008554
221.12809905504264
313.1619829537408
1135.7832926726305
351.63339173170107
110.91795479190114
812.2661100618625
140.7157274391202
470.2928493903064
1607.0588302160768
937.6918360409509
471.4129537642675
353.0684947005467
1457.2641458944092
222.98535069680383
851.9551040966467
518.6356001501122
109.34414624956389
792.6568931859815
347.6498611562938
346.15799399700063
1962.376301904499
1302.5611127681368
2455.2717457998697
562.3304054839368
154.87973309861263
268.4659259964851
362.072034882528
163.80266710892738
1102.3953427885126
722.5128610855763
433.14125104512823
147.98627056780788
411.5922362613055
830.1281809566117
320.32964714807497
452.2115458522894
32.059234614495836
1631.5144058846586
335.03767164172905
343.35520639198285
1328.1345417852403
338.40603462022955
1332.154536663129
1292.4439081124992
651.0332650011569
456.1163521573344
602.4424240227262
2369.5440065216508
360.6839481002721
1047.206953469809
161.16708772183847
1836.2867996912055
464.50435443049537
1992.3952866139098
2665.900256706657
272.5158386351177
650.7882696678903
697.9051845315607
382.917912221129
385.8805616830341
1654.8798391561768
491.4293436230837
335.54818300659826
341.50923910453764
650.5070202525147
1828.7926161895357
266.4611865829288
599.2484093038756
282.8922841703725
207.67889192406437
474.29055500126924
621.7048565729747
471.55075394054256
270.7475637331754
778.8464860831527
438.1063830923631
374.80644360590696
661.6185764559087
1636.3137312684455
1129.4098386255368
521.6437365043662
598.5804609306833
802.3187169918228
429.2566160550359
334.5867669118952
591.8407436201251
684.3232054172431
558.1400046745803
15.774811481423967
447.81238001715724
964.513016993016
788.0116620145832
773.7250497098839
1044.7341812876894
289.7057043521054
120.3970016229805
619.5473191736528
1016.7030196130136
793.1192659144726
1030.1393573605765
660.5782523992602
441.8124800144669
895.3867501624396
138.89065555359252
262.7468399278871
540.8233700319645
2833.089120862639
351.6627403918401
580.6350760952719
423.75947452170476
701.0783295327456
790.5563388473684
425.435559937021
684.0441336121476
546.0932748895541
1145.1478166816632
215.82772126123382
589.248991043527
928.5970195406521
343.8783460450254
1276.0483413817092
818.6793037612488
2048.122990295289
568.1618092869194
472.82107356911547
423.68432676752525
621.1490921654982
212.5468516403016
2753.7661210261085
261.6622556903412
829.3542649506844
445.4303628951902
1432.871015440288
479.7124026788306
229.30578440041427
626.843801330841
895.572456097919
597.279615757679
583.2339917761296
1207.1658756267016
771.4987893066282
847.9728464322461
1854.703705976678
449.59654166968676
1061.3486348013244
967.5221560885147
597.4034699480835
114.28363695947564
1962.7157542287578
124.71140351967006
508.02510492593683
805.3674668757012
341.6895967812088
746.0588721350689
247.7055147673159
1954.3779796207612
1885.4774313474259
888.9931987922882
439.40315362211095
168.1263791380543
458.47662482121996
1259.2934685860828
194.40520542539775
477.56706843513257
419.699232836341
457.1959903602808
1385.9882140304026
824.2887367832413
133.81059227796504
1391.1071794613363
579.6829861485603
330.6074419450406
423.6542593132981
320.90890544591093
313.87181933383
230.47500018341634
652.2184651677144
413.1956158685632
1862.8330404850208
361.2811847668295
1953.1794909694613
354.1939786719031
630.6720276556744
848.3597636632339
653.7149506414662
505.3127797697616
280.6795479217708
927.0298647452946
64.1434075255211
479.8285366849084
147.69802818648236
1133.4511355105667
136.26703921026137
199.06165303073567
358.6631446439951
356.1977922540559
1654.7332272012445
612.3455694043105
670.1536950115196
267.2947604445417
448.9580349851849
543.4823567160638
568.1927623256706
449.74232698074775
392.62397390060187
599.4808379882176
1429.4709175065489
1228.5666230832007
118.20671542833179
206.00057927121543
1213.8740278194664
1028.1499249539775
350.9939931764302
418.4620782232241
675.4383070113863
664.1854718861359
473.0839935863412
766.8318425977677
467.9147142668694
163.27190091499415
456.6259848145337
138.5053154846255
614.1778642272639
540.1192961132219
1080.3843796705369
25.434193451357714
614.5740670871928
227.36250540343008
392.5538030128864
739.22713077562
542.3894736181487
198.83673663240188
347.65625232174716
269.07244261152846
1221.6534749246803
379.57512735724276
1207.9763091869008
135.8223252731641
788.8924330290629
622.1605036588307
2486.958347832204
34.92350812957011
915.4049704567849
142.0561044050587
378.7250218951963
336.3206741314066
797.5105606434931
202.76537790025031
699.4088986406596
274.8521109653839
523.0251700206873
2133.4630002086606
663.1315925714407
881.8463351189941
1119.9499067160345
402.1619846993731
272.855635702781
390.7125569667278
852.4179488324635
2460.4126520383816
1245.56910919264
358.29156375381103
817.251858068651
414.15580246057334
311.063033042396
1299.7909107195323
495.54997825652754
274.239129417183
527.5689761173116
143.80447076657583
405.0575267220138
1521.0956109679228
1113.3997875323694
282.6561996768204
358.5131263524777
258.38421500693426
298.5595257795876
192.67717049198063
1059.521094311679
194.3675460232621
591.912638674899
1062.6266798161414
743.6141826754938
81.87538817354289
405.806428329126
238.63869426749625
2091.5894867927846
728.874675001291
13.30938831562139
773.1986446892536
376.2147878718001
371.9984182060375
299.5756975992158
1957.7448752994042
617.5302077821743
920.8044280600916
659.034757866857
264.533806270234
461.3362294314975
790.950512063037
2084.319282642419
277.9421659877912
1353.829117707122
155.70362619426123
846.104781499228
1024.3881943452025
186.12123016764053
572.9001558852806
455.8256555408507
632.1676539726086
416.92713510024737
430.0829530828478
502.028886543766
132.2965211724959
484.2958461233002
1211.335919707602
1386.6491879784862
144.13021140201
2229.779028196087
531.3400567542594
1438.789685154366
466.4605143783381
968.3781743443819
138.9494066131242
381.09260950481075
2553.5505276659555
1449.929029526883
656.3721785672699
269.3154360795729
251.8622045489999
624.0113601522592
387.4368865803631
1675.9809362812607
441.9264727688378
1400.1264377082734
1424.8103852156564
326.5489877673899
402.5885802103694
811.2088493289962
604.1761087163618
601.4808813792811
1202.013594565793
615.4699972674389
534.453992874628
220.8879008547292
116.24218354572258
849.5245344409295
1221.0158171045605
281.7382730547779
857.8660758341612
1021.8161414887779
45.13519325938023
576.6534193396028
161.46987320170956
392.76018199154987
111.22695080999983
1521.4867205607006
710.2983671800275
436.17773816808585
713.4406977600247
1014.1577816550516
145.4210512116606
335.53284120093804
338.8035557726978
1104.0188481305672
201.7598718010163
735.304708908549
388.09412153759786
203.60019173313412
1765.0780282736678
2928.723780368754
714.2466444503214
395.97182141694907
387.24784385001067
376.9021811404523
2243.6407434498938
673.4571058522379
420.11302522621645
690.6481743556869
1720.1875171623542
289.5940898076242
1149.6089243901602
590.2763793506431
242.57678740549318
230.31449505132332
1945.2298227479896
466.48386175127416
424.8251373788544
836.4400056827335
913.8726264129918
1345.5250082658222
974.0687046000614
965.5494979347609
485.04594303762406
10.219366708953203
764.0074697183454
1181.942496325044
376.43037865794304
368.35927617871766
750.9861486145883
736.3057052309496
726.8521672007373
844.6960902866076
431.02619599255286
389.1372540187299
460.82233032929025
374.075585327957
765.7082318263824
27.14554916178986
995.7972877108841
520.4401439796247
419.8681818808582
581.5815900723092
563.1911663682904
229.52537546512303
29.173884601728787
336.83298973542514
311.4511420484505
524.027666230415
603.2939725983412
355.4051495795841
466.66202132028843
161.50514142626344
342.2571542494379
542.1878673610972
237.8569300280774
201.9663854979126
689.4944858914623
1570.7977779768999
3234.9163409014573
344.94541371340324
918.2788356636197
821.8090664017218
134.18892947676932
2267.1328663206127
629.7843957700243
54.813114772508925
1770.666473634824
525.8249931239734
1000.9126786749423
821.9522190138373
384.03020259018103
2929.622442075699
1952.124463268242
493.48033849015883
263.99526130558445
1083.5723657658127
427.57895830792927
426.7624987376071
837.7412662093893
376.99002349974853
112.14999943551902
524.6821406806876
261.9910399772807
999.6640501058782
430.17615871663565
2173.8146268456194
361.0274743812606
383.70132692975574
626.9419856676312
436.33327860048007
209.09427280902491
379.03717330675954
379.19582552118754
1027.1831240514557
1347.8394847469444
776.2139676130828
486.7829387113652
186.00701298812328
2034.5133367760582
2559.484923632642
656.7528810252129
25.62356146150887
696.5628980827805
962.7758288835512
942.3385848332009
111.26746622887549
416.25136136702315
575.7990152227071
529.5779973337569
713.1153923579909
768.1498866505603
506.4372012671688
1775.1225080535041
273.24939692454245
352.55656190421723
124.33897718562275
1190.8748594110111
317.7473884271949
515.5846495653332
1048.7587991035039
464.8218019935366
177.07314489919736
342.06230442668084
2307.9294790579684
822.7661914900127
1151.8299322303428
790.5075612490327
277.37706370450314
417.79312195937655
395.05015774324784
1092.4282104805752
114.66782208436325
533.9588142545726
286.4807634334593
912.1738546617134
516.3231985506454
528.1043790401673
133.0485701598327
1814.349385592821
153.3874779301932
347.01558556398595
813.9063242655825
573.5109010812132
669.5184578969452
1234.3666315959854
1474.2247378311968
189.53647223250846
445.46530779579007
968.5930107387899
1122.6797508987033
267.25369585951603
292.9170622787942
220.53725654709342
360.8989873276796
152.19313619466084
2733.5715264174405
624.4926721365413
1354.4264191812215
512.6266783487476
785.1481482941167
441.8489938966477
577.0956015271786
784.004089423479
571.7772958552914
604.0878891529119
689.0637074369506
1250.457656228995
1196.4038763599408
2156.5523783798444
611.4935103295411
589.4507177240794
343.3888610756003
685.879064287532
1559.3207359974122
344.2508674678693
1406.9395552626165
20.855169993626987
332.29855600413146
687.3924642253564
752.8068352810626
1611.2345762663772
967.1526701325934
211.03797592255705
486.35981476799316
306.5708787899912
186.97634840401315
1217.003294718931
1028.9547455980437
509.0489158678629
4213.614511534486
209.90521023656402
797.6180747718226
2304.3579324863576
181.28216120771322
1234.5329049426691
1616.3270769422647
191.67131622068473
1153.3960773560866
736.3978752250068
192.3973940319629
672.6662234633677
1336.81021634246
340.1309426745229
635.4180791257295
287.3733905257446
1066.1025886106788
1342.972300811476
539.4410133436159
868.8006737255764
1740.6407935567086
336.5530509014179
1311.4708462535054
341.78743318219495
920.1786068081301
1685.996791306954
462.34786006559034
274.38760910632755
1188.5997248774042
432.17427809428136
193.39688891646074
2359.45648915317
957.5571485656819
955.2452321841199
743.1970189955409
349.8868427561074
109.07351116870177
433.7625149241576
121.84134418940721
365.47696435614034
827.6058469678519
420.5377902255532
492.01333056401563
559.4274419623607
1480.1081073298856
325.7821031818021
1254.8068394735678
624.4943876570937
674.7928162872167
698.5555084579919
1728.7395736944782
722.5724143036605
1250.8994417468657
379.13418916211776
622.8399382796049
894.1895016392782
430.40814336817994
103.35160968755235
1610.973104198918
586.5326971210498
271.03340590944754
652.6283788967521
58.9850766460504
1158.6691896790662
925.2122289705296
1318.0975668575832
418.1905885817614
1871.0226110795315
1138.6944824057719
418.1994043464101
347.73034056073993
972.3612618499401
1306.4449270108762
373.4533818378386
731.4037313814632
1278.794445452138
495.96069988681984
333.00578731744554
1620.6456519236235
109.33960293319979
953.1198310471309
444.869135363434
267.7374999637095
808.9311144539224
723.9855793213083
11.558067795585885
344.17174761758713
639.3568744766258
1009.0447946057352
190.8222531382944
1008.0066069054192
716.9383445928374
38.375878940862094
73.83619780054414
396.84118645060425
441.81659835962637
196.8967666530143
425.37761961358774
1114.0223694687247
109.01717401822589
2106.7936677333946
761.0082277005432
448.20387011737387
972.7744695534532
235.5687662843975
320.8764009954775
355.14402917872985
279.0418137147167
458.08309002784836
214.35387952830024
408.692634364691
280.88007354844376
207.50104391299737
415.7642254132297
881.8254827004748
1039.7324099663392
12.587880338598552
1177.3421963778
423.45608153083504
860.0067579250563
266.82830769292195
1512.1347023890448
1946.588475760379
1160.556194945177
38.79327233173717
2003.3915350225466
125.32566604497106
1733.242008415767
117.44795607917513
191.13920290978785
1742.6086839413992
931.2201756492304
1148.9735700704882
525.0803152860028
1557.2886068876
351.34458137963475
548.9210644085961
242.22975195549316
1985.2080198440726
1146.8409480880528
1654.2310417705412
629.5780055250088
1063.431222561458
982.0088818180111
437.81112782371474
489.1308693333076
437.7652695434472
346.9611248412266
249.43157478047488
347.93070212078237
2157.482797121026
275.2905017335577
1840.3289402611108
211.9647025003137
781.8408725100553
215.69431271743952
267.3179689596441
944.5332654162198
1772.791699630785
266.020404420482
1190.0748010170064
314.3926249264932
1384.9333742150343
434.7547146805621
377.96069648482535
421.87225611028225
789.7208429908233
202.25217774350494
229.6054636612671
155.54814301253919
267.52937836324327
911.5272597563198
829.8820105071336
1553.0028514873939
40.265076133799084
361.69832567580414
657.40251717655
426.1488608474581
882.9529752697479
506.8938360288912
429.2485995706429
1018.3583095799054
420.2002321024529
353.9261740778811
117.2311874020952
493.10010569918995
575.2187337478972
783.6032158017188
543.7058979801141
1441.8490976989142
211.08319071441952
514.8986598042225
693.8022309595158
254.61592597967046
286.99620366233876
101.47687911201592
420.89710002962556
545.9049420834135
854.4406706304753
604.3272477199835
1205.0754392718918
1003.3072006717312
12.24004004588096
776.1757168676922
889.2942909271301
436.08735820552465
532.3861754932791
406.24420515597967
471.82024743757756
489.42048270716623
860.7648016799312
950.6806454947646
795.7896751672597
353.97602723070486
1326.3297025454613
212.9752053566208
1913.0651784296128
461.82056825943073
908.4127119773157
564.8716235285901
655.1092432963951
365.94102282422773
601.6591999268448
562.6890693782998
784.5413394330499
195.1999594276931
725.904005237486
596.0700961566693
523.5049052644572
201.34260966932015
685.7098996349414
403.3122946826311
215.48323557220465
1706.8052126768644
729.1805012944169
672.3245173340865
168.65323737353356
216.55154241698074
906.3954784554874
1044.54232595516
440.4001966355431
657.6729482343758
531.2478314264654
901.6438355418359
2704.679095119708
2086.8288671139326
354.7750925572982
268.665169397068
385.232094391969
208.67593907482114
595.5043822917869
2849.5835362748976
550.4705323818471
846.7855835667306
103.71486543128458
1141.282425984301
492.60655185560245
1035.9123625527054
964.2356459766206
216.14619492904603
986.5423826574843
719.8905332527174
1184.3908890310036
22.603923397628932
732.2174564852758
481.80887219444685
121.0878556568573
1212.5842924515769
638.4929299875457
732.3698222194853
140.83922427586367
1153.3252027455164
345.8365342509469
698.5441949833657
347.0403005244425
718.1898415130781
240.37388585625035
1319.5308770181769
473.57698571136416
458.34985672662924
557.7063879117245
313.3975170917165
509.8123600220142
371.45789885761224
877.9516584110424
857.8700768856479
529.9311992384282
344.29684676652687
347.2932288384636
471.6074440994853
1163.3527088948647
293.8161495197021
377.1212643041831
1687.8186858455115
1464.9718321083928
693.0100290877144
200.38406096167637
1247.1196654547584
858.9245597746522
344.11990067947437
880.3867840710715
345.85889771187317
886.17113288729
444.9190787798784
285.17822791776143
105.27182418475377
588.5168527936826
3353.136472585361
1139.3881849317258
787.58056495647
384.37007191876705
336.2480897009809
1071.1726166560356
355.7950713500095
827.8219133535745
263.5140045618864
584.5774384792448
1879.034062143849
2093.3249405405077
763.9722751388763
347.16318038376335
1387.6158532025843
357.3049391225554
130.1773941989186
857.0592289324618
261.68814982129743
296.8021213471893
758.0871815655346
493.7385143414094
1132.9124289997762
921.3631912865294
40.474946538564836
143.2230845610684
880.5405725924793
209.69389976922503
361.2163166233084
1196.688946518878
392.1282022978912
299.157286125856
299.41829500439735
626.2699436180105
1017.8959271728822
869.5362363149388
931.2207211190344
1261.559940697297
344.22411416277464
342.9502345148177
868.6346754939711
979.2612020399106
452.84499215480173
760.6376398657521
331.5454205354672
954.7952948177153
1385.8227300249546
487.15641709125885
573.1685411246262
1125.1133036581432
1681.6194828856708
1096.900369483915
470.4992810070871
113.3664422922875
639.0983546474431
207.34154313090585
969.2635385134317
1630.013604166449
569.9327976048089
437.51651725886495
353.08544491722023
199.5812641251341
867.417660723193
487.3368788382478
1522.1681176689747
499.0806734039902
262.3591834352492
280.4797954622345
861.2257691647769
494.3724427503894
1273.2459817306844
2966.8252056234633
19.25595199852978
64.1999109439553
127.72598676888856
48.518855744325606
342.73564409969833
543.9996325142095
338.79807478727025
661.576387342504
381.6628352820767
349.48922868999625
243.84055911651194
280.614874264078
267.77843840065816
789.2109835211495
952.8846254609243
875.0050804023958
240.40189814651512
1067.3736249960766
312.5678188674824
739.5692564448466
798.1226349313688
135.7334125786715
361.7446585218422
480.69497747897367
196.34010395185305
365.4572358831638
1128.1785146306975
772.8917216705377
380.1273381940264
390.38029323194587
116.1096096762744
313.6459617847264
2026.495596446548
810.4122015218927
332.5082876911092
1475.2682153292649
309.7192758413121
660.6958599307254
1038.7656717694135
317.27965314759876
26.593821769558417
106.8635705207198
510.8155763236282
369.0074402218322
413.1587356141131
212.6646982499101
576.1246389453877
450.12911113003247
975.1325517344649
250.61020377176646
1281.7823667008097
813.0661810927222
362.31724171129736
422.7197822605676
204.48594238587793
610.8956233912704
441.85207681674297
111.36865455772318
722.9323161310108
477.2431093312157
94.3690879730434
286.7593656405588
1325.1188024993248
137.39729906746197
1439.571772675984
1863.3306856676409
653.2806276819683
421.42302805635336
466.3794635734869
1348.1475286223963
592.5927831619993
206.98921227086066
449.5801366173014
207.39551087487052
592.0345692940973
263.03174238789416
267.5677589738589
779.9050226048848
747.625763931057
520.4351166853621
1028.8893162945787
183.91281436584177
313.73194801513273
737.9713953334416
1267.7018377964214
183.92482211151673
702.7910843674463
364.64403836284873
1436.7971816117442
1392.3334395117554
380.9689786288609
2185.4258987900757
38.97020621867887
785.0297866415707
1264.676845799674
238.60481056895514
1143.4712145590179
2482.0381313905195
1289.4376967826047
1751.7396126507265
101.11582107794675
514.5286554959605
266.86705663546013
270.5584466785531
331.24120241721494
771.2595363846426
432.36099274479693
483.78921540926285
191.635149922643
1452.093574837153
510.7021613674842
200.67507786773785
465.8010737856912
454.48407722610045
108.91528352610368
517.5391148824733
973.0319916965703
528.694802982166
1301.120822345762
141.11344273506302
629.6930913531796
123.03385661982611
536.8963746097024
94.76704577241708
1238.0282615217893
403.5981168117678
643.7759799690293
412.6589098945733
210.286430902065
838.2971008593624
423.25374316447756
41.51817617480992
1810.7312300843023
568.8894104097408
1736.550616470714
1025.0887547036427
511.13961386297706
1179.4450659898757
276.11465864151
603.9408836292663
578.4892426728177
529.0057628295494
524.7741863198098
946.169650121557
182.33542219937863
382.16222561269115
619.6664482647311
1395.0189695006502
1421.7258349526664
542.8745275749407
1780.45799256114
640.0910184870895
2444.488479750302
2512.7016175586014
1354.8379863540722
954.8355724712503
670.5058032813158
1478.080665598909
39.73102065827061
882.0014536149256
220.352920254767
521.8889078592001
209.51690659163432
1021.2584987531372
928.3803406650259
127.21261304930249
2031.9082706472486
1050.129038338181
712.6253194986075
1231.7006707150822
335.3885785491784
61.07419419407961
277.86518285016587
15.68829082714501
346.9715936931102
257.109126863111
1151.294406491153
1101.1238393316276
1648.012491109671
388.37469225727637
748.5729385023915
385.129272644871
88.40702378983133
865.5321737345639
1575.8213443228483
1064.2092986815214
14.859563982657164
358.0007614879123
593.1482315236976
376.2862746281544
366.11891464617383
578.1054167797338
2083.3565148626185
1134.039128882745
330.4504679854017
130.83747752313866
302.1591279463505
1001.9245814545493
348.90588708380346
518.7551912423542
879.9340856228646
305.5002716037179
410.05598025868403
308.7753663728463
547.7460715162051
241.06964226325272
1784.485853842084
652.3281047451271
674.3020428317022
434.7846578263511
211.41040892023284
1036.7771309653158
434.70712709819736
526.8708529473461
2189.943292360612
2.140273639888619
161.86277173425333
319.16085129647126
340.92336106233597
915.2209440341412
110.39766072976818
121.60266298469844
1046.9185767162269
180.60394465592026
445.19993023203733
200.53861950472674
767.0680786633702
925.2680692306217
1583.8900789755853
1434.2104089882487
335.798324703057
1053.6350836033653
531.8561963130552
1657.8353901188611
240.6455625527442
105.14192229780292
1478.2888782918803
429.5432974370751
196.33351658934407
1315.510858119993
1136.751208758249
559.66523173713
657.4007979192666
377.6160895044013
274.0958598292116
311.7839117975202
162.84255607209616
427.862357455509
945.6978252135407
1696.8309201968568
265.264785798754
434.3239729777051
530.9305985195033
1042.4292519529836
1086.6126833252201
184.31733799228277
674.2593487741581
796.6894387675682
16.59663971173177
540.5657477125978
119.34970906193803
68.4037603457341
1406.460833679851
1030.4518049837297
489.9255914657733
730.5831712500412
1118.8081022032775
346.3640552681852
852.2593736533458
453.89200278432463
418.7511134345332
518.068761830928
1679.8727866019462
738.3524109248774
442.25927842789497
232.09270144754282
163.50289354175402
1455.9705502601746
422.9708282955962
742.9308994049305
419.96414962456697
986.0100955769017
2487.0090133722115
4.716958885631357
668.7139886368359
451.4200639661958
1214.4776087287592
71.71698029765048
338.0087980565204
962.7058429587141
1154.038847802862
576.1893115326843
1004.5250630708833
960.5745104956104
499.8087971964351
2.357844107769779
434.33059927372597
972.9322225882606
825.605653573788
532.8962570628519
72.92889700972592
4.622185153584724
161.08191712816912
232.91154524655656
676.7940343920285
420.06809950919023
958.8661420848448
567.9930202330029
236.2004460156768
576.629188085878
892.9260925234621
530.4779899543273
736.6545789542679
740.7856065918968
444.90006764399004
39.473849032878206
410.1750236075499
1049.285451776788
1112.4403490473123
1222.838428747672
192.06459791680481
513.9176669930703
437.33990949187046
254.43965082655177
805.6253129366041
824.8615170414478
1236.8987251442713
7.207083840352425
192.6361625079153
2868.9290887752345
29.214673573571417
184.53564581939509
848.5113097125172
271.131822217988
41.73098248406495
1152.8029907044838
314.69949136050036
818.1860939053258
202.34479829471366
1004.7360542486358
268.3162443192632
444.7233771636733
186.6055889900308
886.2944322854594
832.6837269312309
434.1292801625209
853.1964934826274
51.99432017531399
1609.9617437904126
1055.8314873365825
269.030945763433
768.9889719982975
394.40039690528647
437.5263850480934
858.5741502491837
181.30510454742716
1755.3898194708931
130.59837363564202
24.203267287059134
200.15906926758362
2611.9852338231967
306.74314719712766
892.0234100973257
830.3849378699924
348.3100116629266
346.89182881720427
91.3694379267564
700.2686330286584
96.5568368532663
343.94330729071453
422.9406451585314
226.11121852629594
190.1168411582844
387.9761117757362
438.9451526101143
1192.107784610621
1589.740501040489
410.9269736892311
1173.9431614621035
899.9638249167929
391.643183248893
925.1648559929923
422.1207984251289
490.2348297182548
17.21846507742339
1383.758840793334
675.3090681272547
769.9082865705341
555.9024975311722
563.7157262241217
402.25484154633705
406.2608238520015
302.3967796732504
414.0566123503377
1240.622370401994
731.0148268531434
36.77683171342778
1026.9298608358688
755.473299806853
352.7463882692982
629.8240226132939
211.93233128077918
995.5943867780697
109.48659198924088
1147.1660432512072
787.7170871910948
790.6091114904211
480.0778456765297
1384.322859132134
3.018872369971632
2261.9240556030886
334.4222278248244
530.4126976359275
1580.4296095241607
229.85723091056207
435.2028346990446
204.65457612637692
206.72893379716697
595.1069215176103
116.74294378116281
955.9495326926001
582.1072450523861
636.5771824267026
246.15013143267015
346.0040569351577
105.10954010007345
585.2542085600189
332.4568195478969
106.15041718153861
909.2651892554395
775.8349453901501
485.85171716723653
352.660033269226
1925.642119413129
2154.813938130364
228.28494164559243
947.0365581746155
746.4137282221277
811.6331739662892
557.0829664217254
1314.6987118127518
340.5089815910742
334.7267991409972
662.8945199222803
560.7682208985723
199.31358398903853
32.3480824444855
350.8977226499096
117.99671923336973
314.4048435804889
456.8675956930856
3594.7752070690353
1560.4003749930862
788.6407860941999
530.7919169740148
879.131025460053
242.32845458434213
826.6614752059368
342.2119065253555
1260.6404803885835
331.1078973364083
131.7553755813642
117.32724981131923
218.2432908860601
464.33552989308464
748.3125597021453
1261.515909996806
3338.176351252283
333.3521993219374
334.34306497342914
540.8908525082916
897.3548397659961
701.1485732721158
1570.1262585794966
343.77693402582554
216.96155996179368
500.00452221349815
753.3837729802306
872.4683757047123
1076.935737040389
514.8648354057532
423.0340284404947
433.39446390325156
85.80412516586512
581.5587919619093
331.29918787726
119.31012257253951
1087.2809331245699
1186.771219642732
1044.7836023916716
263.9877761880907
1127.1241530397247
388.2796441817975
2445.282684518922
190.65509434180967
122.83388792973074
281.1494604405225
416.83835344921044
647.9829276713226
2761.2864535368462
1144.3838381401185
1297.3826566659764
1204.0450206997361
364.03800882197993
1362.857909925122
607.9295784163378
613.256109414443
327.6660743565917
479.9059554314663
1491.626765060096
189.72386393181137
1556.5279488970195
2991.7516819982534
216.71697143650727
706.7061244259776
340.77612026328643
339.3415765624213
415.7309443439917
837.6314598841946
848.5859569091532
794.9804591722339
1132.3159174290608
449.162455291872
482.4699921197807
280.36393379544916
177.50637196236767
2865.9644619899736
758.5485839186367
230.47180478919472
550.5473503292524
666.5077913491957
349.63979472736173
191.24099557961404
1956.4180974584729
486.51833983104643
1716.679469021603
148.87552034655346
759.9909755600274
455.40714385939555
140.69889856143254
635.7018686227693
953.1109300594271
458.7259530392487
357.759288989957
336.1356753936277
608.1179282302016
3984.328691241898
609.3396019598804
725.4649823471736
2068.9055894164812
208.66226436205898
935.8659582942673
645.3506407479235
211.02732361983544
1894.3284581585986
740.0433372051175
1211.168038085787
64.97836326301694
256.9136524691555
1214.2358327968445
200.83700191233675
428.3506409038878
1502.0636974382392
336.91085106172613
1924.5092831759648
973.9297186030117
28.510745161315754
480.8908919043597
431.3940138517719
816.9150399980081
372.041055240094
237.94769190694728
2397.4758496043146
108.33599441390288
432.9304649945302
180.5037923771315
639.1397302246723
310.8670471374844
1592.28964665303
353.22082402917476
127.48390006278441
1180.7508285552065
205.86017244500545
479.97603460897244
196.134354305324
698.3601026107926
570.6219593544438
28.81224864111391
461.99169466693183
956.382669595795
628.4740889494542
146.58446202712912
272.40324768407874
444.0796837888711
1063.0501216606485
44.096255094717435
490.8881720344557
244.53597344582613
665.4606134864794
758.4360373108875
225.74437377294726
20.89450576391846
370.8594933138447
1056.0297411702095
13.609215560239136
723.9327027465288
353.1916966011386
281.03089079739493
1566.8018792833263
587.2576060011592
651.5782219926248
337.9080063279148
601.557050320258
310.5457736095773
1546.860971505845
383.11117766682037
1109.40441068383
255.66148719925877
443.65032017047815
1546.3219982967275
218.04939541812564
448.7983892233642
336.24767841239395
304.41733900306645
936.7218068713378
116.0921420518739
252.40611891826757
937.8593015849365
755.8402484232838
1811.0425644671805
961.1366048786167
664.1772751081298
437.76286897633895
541.0437727905189
470.71637893810794
169.81391228348866
1376.5057501874626
483.51446997254516
407.2139113729627
441.5247360941603
144.1337703398567
969.275840422567
736.4064708114875
430.9241149446989
228.55571541992504
305.6248611675728
772.1308636265394
577.128607253074
212.87836754938849
619.6546991277692
334.54674720453613
269.6898924601578
1641.4682250896567
634.5522173994832
522.510077629785
320.4865405719438
31.12589530866444
548.7131819601464
343.854304769653
330.7054633190255
313.4607215673368
487.6858657105204
371.2113775013768
1711.7563506712127
620.5300267641192
423.9016750972928
835.476098134423
441.828396971503
414.66572201917006
50.427058561465856
1412.3343879915783
998.253026529509
282.00225095310634
619.784142137738
314.1411850498753
1708.1702902169395
497.62460473121564
268.3406240285476
121.6225609608723
356.5005663300549
194.1094570320306
279.74787940271744
1577.6858892917426
1031.955255139891
34.03870225615174
451.02856956757023
1006.9562707783571
355.28612769908796
66.86575907790086
316.48062146545374
315.4342852786499
956.745551977473
412.0486251828406
461.1617560144282
1375.4527592984573
449.413577887266
1720.2798305704737
1268.373936942553
777.8051141915803
2771.386758122063
510.4483007619565
695.7348211057069
322.3962488322886
1941.7127791636576
169.90048672436296
267.09887165846976
1829.1698562645533
1249.8677388452911
677.8543224580503
629.0224354744014
144.01120592277903
994.3649800853291
651.102810144962
601.713200527558
1100.2363250287917
519.1323129433622
1106.5146213621383
717.7627165543654
424.39110915208516
348.06157160452267
285.39475478290524
1535.6887882865567
703.8329424366998
1594.6216420858755
110.13529837958686
878.7817799570112
15.813043304853636
1580.8865203902424
628.9304661665938
686.1785087114534
687.262659949525
545.4958080468759
386.2889320589793
2771.8309922370927
533.3752829126715
199.86184603848778
720.2303264288539
1853.4933296204008
266.3059779012019
512.4133572356186
886.597857524995
1828.7673581234628
840.7611439795915
464.50367676562837
199.08139893704993
879.9540340995854
623.5689380868662
1066.8125433225105
745.2932054184075
696.7980967785861
851.6332948219291
13.091730955526145
772.7695472721423
355.5933115364005
430.88325572687245
713.1330399021449
215.17660428230192
785.2530755680027
440.1515041740331
764.4293903022526
647.0885608763192
538.1397812613477
108.16860954960703
683.435436414682
598.5286216396144
561.4283857742115
802.4720583681674
1123.2457380147405
263.17263704544166
266.3971723137306
441.52740668689603
217.7827499369996
196.34252316067887
793.4655558463228
340.1659290483085
204.21580067281957
886.3312159871984
292.7595328924499
501.2835083062455
622.0940809789527
470.41878060033923
797.2957714590175
503.2547109933736
176.55933040504465
1121.3379997852664
338.30680926155765
345.01883932497276
361.89488130353175
623.0265186636843
806.627763728724
697.0902866566239
363.54474840012335
330.805858036917
875.9978236184998
567.5671463435447
336.2142672246446
447.77725055563496
667.4280917345885
266.97801428987896
1418.9231314610095
769.1725331417638
630.1292054708324
812.8695786436338
59.237887131956995
670.8972672269801
195.76567482143855
444.24454609635086
2453.8101093616606
321.25545405836965
320.0534134377813
182.37176767559595
269.5785768030207
501.16739382263586
773.7355033975564
349.3482789306954
2204.367634483215
445.92510488220796
280.12148916314345
264.6651730817439
952.031345683753
518.0879645649002
669.9511116585052
643.2681264236594
787.3129555101018
1117.0171129008286
1115.7063685365556
413.5238046870909
62.31669554124892
300.64938808236
698.8489436428299
1724.6697345333268
408.66531259431395
351.9833115593992
844.491593029974
138.37542791012572
407.6437811996225
502.84854722612636
343.58129456077495
903.1226687042399
948.120192227937
2267.441028529812
344.05690923427665
844.1655367985786
476.7610643489752
825.7989600446726
1430.1098653946633
587.8624180705419
832.1352301886618
224.05370327172113
723.712473430297
752.1629376176825
108.64164549046473
448.55977225605693
318.20925192540835
1043.642232454693
28.044923384370122
968.718881226303
353.13759980723944
852.1885063120367
1710.177488764221
1309.3381491398113
351.0650494692409
1252.7330474594055
2741.597644955081
523.1777466722741
1211.927296099124
628.3386783775054
1554.0232231379518
1041.4906315631188
934.5586758152458
3.0068303660555102
1211.1877751891616
567.7181369439622
725.9587439623501
3143.0503447846045
232.91225527689903
1166.4986558810924
730.9277009529251
121.77331838527152
915.7892415540291
873.433542302002
283.69735468165254
423.34420426435827
1017.0126664822844
2230.87237269191
713.5776469415118
1375.8968017008174
196.47817133669196
967.5527415795177
958.0801129568581
665.4304447306004
143.1150877323962
8.212329275527168
319.1336065590808
285.83241683684264
1368.593010296163
609.1959491186358
818.5124149684339
1607.447730331828
1782.1458144025328
459.7925386146908
256.50376702608264
867.5063420784554
263.6525007292264
112.15155816101628
564.0289866737585
470.86817699596986
350.1351772264661
414.0177984529846
32.11949882095041
2503.9004005489633
1524.535762871271
265.8439284275937
1660.889898714322
909.0765795677526
870.5521582917863
575.5696354001129
256.1838469320246
343.7511886582097
406.36752688728484
1937.3239438311866
669.986809783737
516.8905127732887
739.9824490890137
200.86510509174877
778.3275639415779
2442.907729405183
353.73115713515926
595.0697904076369
940.0249730983227
236.04054812965273
138.32079685667964
639.5342412880684
726.6541324907848
655.9394559985412
235.8040096898535
3320.2861952982576
1499.3212380985242
366.80158579244926
558.633476170362
358.89763453364606
13.403875861705956
1160.7291437896322
307.5406562281976
2573.2769818923216
356.0241986090523
338.1710751370474
100.5264652156693
3140.279346560672
765.3743943409772
776.4097465725156
752.298700498224
452.1684405670994
274.73886861675373
710.5330685143745
110.36887986236843
275.41992762713016
752.328353288528
962.0307467565972
978.7855664572025
902.2273964249271
636.4256575327527
968.3718351103635
1331.662148453265
561.0424552448039
888.4026268111834
103.10542164077742
1824.557508310474
840.1859503086125
195.52243164381798
76.62954781617918
335.4659980607412
261.33078541459145
431.9473673617558
334.3316101882556
744.9322283639476
1721.0925409304477
431.36320603275135
116.49318989247149
1652.318732699152
414.9829197691897
341.95555682580834
1677.2138136622734
275.49511321469254
900.0868260275774
777.766408819265
1122.3635651253871
1048.6500354819827
267.7380988105392
358.02071025743953
222.249878693357
996.6609266555006
445.76263466053206
372.21727018477304
1094.762801564876
1119.7265643668861
569.4459754913078
601.610967754732
235.75859985252055
1534.167125970563
334.421289940979
347.16451191369424
1189.112505469796
1331.9633963700526
807.1146056280786
441.5237551480013
448.05804765186076
718.2103992293305
674.3383746074924
392.3785009874403
2052.097616008048
761.4445681502034
229.81413240179654
83.85767115931685
329.2451736438916
237.3340184342951
1400.7002845852012
1020.7859723218016
668.6064542951608
219.34216454182751
1538.7560709803456
806.6029769904136
223.8182108938379
533.9394544059296
775.1990819309717
424.6172651320526
1252.8771210270697
130.561273831976
726.0674858554394
318.1995868177064
645.8542343616318
1501.9602464809877
536.1587692241592
780.4066047143236
97.0204403553048
1182.1563332749963
432.2398769731044
530.8505510085392
13.339158287238206
1058.253335515296
346.25605029209964
275.6937189258333
1645.179904839555
16.86144802392755
485.52261519436706
1077.2530905239428
235.78242632305228
20.948355312369927
434.4451126982108
422.70650880886365
961.1819471861763
426.1865911118257
1821.941170193334
339.1557822563909
1365.2987960823048
1335.8768912367277
167.0051058393492
522.1860069434933
585.3981500457975
1034.111241437767
1553.1264144219647
189.85916061739863
1497.1435521435337
284.650180998472
1521.3633358826928
116.14373852182507
894.7966094528347
447.7187109747483
899.0244058209246
993.3020642075069
557.1305794981142
1402.5604828406058
1406.9602384364407
228.34102194483876
129.56533700826822
270.4415334924779
1080.5074867017292
112.40476189244691
651.5155062148106
211.68786316368823
800.262753356541
427.77872545499486
330.87103169962484
1557.0146152329298
539.1582480649108
113.36283286679645
131.59663462649132
1246.799470266421
106.62630492584412
522.4279076148823
343.9706785159615
99.41548114308443
470.2009991957775
766.075585118545
142.4209809914537
477.21995653925114
519.2202811538504
265.95169876693194
622.3323166825267
579.8168371011284
382.4889129688695
425.2612045894325
1475.8543336297935
601.4051973328842
268.69196281242967
252.749771966538
924.9719637240532
437.17835838868905
926.813362087536
286.5755363850021
530.0593560188372
444.73357334659283
1342.4748821991977
1027.1532041451992
1675.4339490237098
235.5471730261661
374.00910448676404
1457.891090773166
503.47797687300863
400.5217333771925
131.4695337756748
233.2430395577121
1088.6300182288608
1410.2419027024253
125.34182103010698
1416.992336347811
2117.674675464218
1036.435772005566
549.1365967178617
1592.9161022062635
148.90424251049654
1266.7174442677149
452.7643307902342
1434.5849458779876
496.75386616357355
912.9776075097916
414.11439776518
485.7227214865943
2089.7673709465707
510.1896372376268
820.6479386598512
749.559711501515
341.44589815396307
356.6312487535854
668.899891448485
459.93137334904486
180.65741095421527
1212.4435374689351
308.2102464894351
2350.9237410612095
1306.3961114476779
293.10783037468445
761.5075792192546
135.7651583518259
447.0359384358594
1743.6742557435914
796.2898088154675
676.4684057896766
837.3193777463002
308.35470638340485
1269.9868702537497
724.2949985859104
716.063648608304
145.72759350631713
411.88765647990886
1716.4951138623783
239.2583092083555
1806.3076813577777
433.00382431273647
888.0497369218738
1245.687327468495
743.4085907387698
1589.5269053929505
135.1090530671799
1252.805529840356
3007.4599079384925
498.2151585838874
439.9628281458199
508.7358491964251
777.8716823033374
596.5664950228947
1620.3756516391086
421.5865002045091
371.60420314830844
356.93812193227086
186.21857513695068
630.0431421545904
464.83047264045945
355.22796941963315
208.59723590183785
1298.7025418011272
1169.1972505661352
782.9402291096985
1062.6474262296451
815.9351032487691
836.153419028017
414.67321415482456
416.55332432919704
461.6587735476055
208.25509317103206
112.45325186207492
1730.9121556533214
418.49717502851036
207.13092900342326
862.1952980092046
685.6131682098903
431.6935771175695
618.4093170165106
135.87381131441498
365.6667495382699
416.14256527267867
807.4901015412609
1416.7940492284208
1829.8536765502613
225.9019436965773
638.8024216198328
1903.031233994624
390.46265738450165
734.7485104564657
867.2736792460773
533.8700242828111
417.7647249147076
378.0146838561068
1216.9311847126992
681.8945445387299
846.9981039914392
1263.7777066284916
1032.5039975433256
1686.347215374325
158.71908884614572
653.1355567824664
431.5375444366648
58.40211134765241
2380.9728600246835
199.47754429650195
545.7694669005477
1336.85742811999
697.8340241740243
346.00110686216794
365.17606430944943
423.1377890947211
1685.5362764920494
1286.9897249047908
442.924834039296
457.62825199543204
1478.2527903471755
768.8921497151614
302.15086846254144
246.48405521324457
686.8790938133527
430.3519071181174
424.30661875139367
1206.8787042085328
452.188031078465
631.3503045818443
204.50621210820555
513.3386262379527
1081.811552516533
678.6945472547177
791.6168180715176
178.0001336212972
476.8776563938908
989.4125574451623
189.40762232971838
415.1232471224057
476.09627917314174
216.46568217442928
109.09489702757219
106.6889563456657
682.8157031863038
1889.6491947064505
675.0169207552781
806.9642636585568
390.3654310233578
391.38686442183683
265.93441670719403
224.51136463421744
1014.9810864051874
801.4423944117848
36.83610063801689
540.514727662061
841.6074385775228
198.5621797101221
474.0923582907808
450.5518479214543
314.8948409410132
1081.3954343750138
261.52296774150545
484.731195319524
369.8734432749105
2469.8579725035106
519.4883839714303
1877.0037492190681
139.33135992956977
386.4460961198447
1392.9466517306873
494.88124761278414
1400.588128877378
289.4501082279453
284.22521690008347
2541.5667581909306
2626.6820007827796
1325.9370948947817
1154.4203735123165
506.71465378271023
714.9403248289691
243.3855884325908
379.9317557267077
434.3183878032228
763.9018183416497
108.76930117856546
605.7758528105473
1511.1794944791027
1429.1518304049814
856.7015918979278
318.5463797827524
62.89791481145221
285.8217015421966
1028.0867144753915
1158.59787965002
1026.0106674941735
2439.9883209383506
1238.0767936733619
689.3913310833468
809.4552720970255
941.7992372207591
188.21801292497275
149.74950937329095
230.64304448349776
285.7443115165106
440.4894866868631
2323.7173383789623
233.5654911495567
874.7716560697263
747.4866694035609
1091.3336653969855
101.44291410678545
888.3925690244929
1832.9816489449936
338.19199754794363
126.43746543235147
114.92376687217757
746.4455826533022
849.9393616230836
907.2729177232213
966.1719606545348
555.4693280698821
346.1397168378553
584.3554310499076
316.16384019077486
897.0157025611833
124.1684590341813
704.4752508334298
1378.6983478606357
145.1584074322427
1381.5712740997428
101.53838028126847
742.7082377510706
1184.9428793292018
838.1148754744208
1299.5039637476839
217.75902415429118
507.8994066663122
1009.5517503581509
757.5758538084392
662.5932328822428
287.6270996201647
598.7431902786848
619.1975738266656
203.49946463117158
2055.053678751314
64.71212663626466
272.8348243035107
324.39397062357216
96.9047693062289
672.0085433728193
373.98991364226185
98.4287705680581
2913.971150525136
240.67852745610526
1617.2289578942818
1008.5486799910686
202.23198561589925
343.67610335397535
1299.9173452743084
266.17284790932763
534.7327063430662
898.3416005232575
875.4450595090557
323.37840120396595
358.78145629028677
520.0446724522908
1036.7315297889872
308.57926398404015
626.3398981637292
354.1295321372909
637.2286292949026
760.7632996526152
474.15946395246783
588.6543114840083
380.19186887402566
705.3592032076417
539.6784085809513
1677.4588109249707
993.1846022690279
198.85243751733105
117.30237379677237
119.37672167509163
1900.8781147667535
298.16473781233026
836.9041542666573
408.6237440654386
2093.663875821436
653.9719034788259
714.7962942960803
1046.6712774695607
1004.4387914469273
1786.7739526406338
528.2841675681143
222.42444705213347
70.71789151265511
359.50372518377935
676.8605740198673
1015.7406028116457
965.9660654417912
774.9498880261363
1373.8752394954354
1676.0171712961617
427.69494882451
232.22691863699265
673.7727706469295
1876.7104429250785
2719.6599326274027
298.3593919089726
570.6946595844329
1944.5748362657282
564.180550957743
722.9022555250112
356.4315051074482
431.38918912867257
692.2589288581848
624.7220614177331
1184.98500074595
456.6437884509378
525.7336084429317
355.51287598073395
334.8899914058602
1282.4187082349818
779.4343705057713
1444.1564235748165
988.2658209632018
211.53733323775577
414.7182604265663
189.05045691444684
23.908118239836767
219.322492431952
426.75837110768043
764.9250077696388
1083.4235479021918
766.7423444034964
1299.5313280241917
577.0936148032847
381.2760565989147
264.93043227872477
990.1596568377049
336.7821257807582
666.7627788649143
624.9034454430484
196.85135165292922
140.88134380028168
414.32077965224744
1634.8594714196925
445.7155216867195
946.9137784284378
700.7217772638419
387.51535130698676
638.4633729838633
1153.7939104081288
164.71898167101244
845.1410033013899
1120.475621249746
1090.9826180859645
60.80148625230504
652.9970167275624
168.1694579555151
695.0971255910381
446.2994816403982
1077.3966651563433
229.07453767107972
43.631889425974805
614.2476512076992
377.6421269008506
706.1919810180434
953.113870473795
1715.3530743799156
314.5517791801176
507.2319675168019
25.73433212027703
81.67193990402632
592.2719155942871
202.1887431963463
448.21405335029954
256.06609296919555
667.4457996330748
366.4171674281447
596.3763299135389
519.898542149187
389.5429151948283
1276.7709804057786
1073.5709335231386
604.311720962769
1603.8821759389757
1064.9950602552972
1270.3826404158028
186.63945973738282
378.3111565259196
126.2712018680445
821.8327523681837
329.6310375422736
444.91240367059163
317.89790727872423
271.96253640773557
888.6004958610374
2700.2302554929925
289.9328246932182
240.96950553625356
764.3787729219139
194.63480865306792
321.10922235332237
371.702032947298
936.3853293567208
223.33054254748004
221.4538478792556
1006.2942538591687
337.9974202196954
1234.1341964871365
637.4951165142663
111.36306562469281
368.3201934730114
1124.4718512498716
878.3777621262652
2419.2352572975497
469.9387996176738
1394.7430095377285
367.03471353767304
891.4800214723068
1567.6657681416825
537.3996524638624
2613.358763054445
2232.1223012797564
2.5856363892271474
18.929227351874943
300.16008376978425
373.45710232390707
964.6056027866141
115.36115024841865
1467.840249270686
1121.255727627477
1750.7187303619012
2057.9065554285608
666.7036800357782
87.39160030508614
146.13253704691408
336.85666783910983
131.97185774428056
450.46164458885755
858.0861208093293
11.772682532588078
1776.145516854423
543.0473662040586
343.8477863877424
415.4927739368486
655.4188199711316
639.8022122656339
1561.4255476195203
582.1856268856445
820.9109125867409
1445.445516658393
115.08163177450979
493.0800080430431
508.30691289126844
1694.2950902515
691.9916430099911
525.9408731282447
548.9420520578997
263.7586115936947
533.8083026770046
1239.22968677493
292.0068928303608
190.9439099279076
94.38042553033551
10.107567334913938
149.20898794780715
371.02712776894396
249.1398844078376
618.2037381408377
2326.961137711755
394.25892975466286
999.3459081812216
735.8135087952915
747.3200144959574
432.70529741770224
541.5315840981042
678.9093520030079
487.75058827025396
762.4753655018017
75.85045922387735
182.79440422020025
346.62919890988724
359.3290112308696
787.9906805000692
73.70829302891161
447.89423749124035
67.9774664573506
177.43966194767108
1382.1292015829986
430.16294164937244
325.8122222044376
431.40556827831097
40.71218029836746
170.12685048265448
9.810821574644876
497.1801138743994
422.7124520138001
273.6210169519302
15.080982329578774
190.03723452994882
581.2590345159094
818.4190895417905
2060.552606555349
1328.0482692309206
412.820294906609
198.02242645153092
1885.11706684411
323.49190607544483
472.99960550337914
972.1862676504852
1040.711419096781
780.4949583368907
336.35701675234395
181.73717080074402
1394.8768947330946
266.03111265492134
1217.3499397945843
851.8595338246123
1373.7829776543251
1936.417749243869
431.18205463211643
18.044134039959317
1181.4676293027796
826.010642965156
2157.863537838234
684.260406084888
499.74399028134394
370.76708136661955
2681.8824064460277
412.7369783786753
223.76027734672152
567.5392104235862
622.7649723140175
1175.1243165893684
473.88930886000526
453.6572170541058
332.63863043334703
864.8865375052319
906.5469098731162
1142.6395950007295
332.7263989190187
736.9206680619473
1770.7512748124263
545.9651355689102
1375.7955309782683
439.51562174315404
268.6067014665234
1555.5761472426693
127.5380557122694
3000.687308343469
191.58270376463952
1754.8060865756543
271.45111810723847
376.9614535195997
246.46709806116087
538.6965484779548
976.0892807679575
574.6385371847409
1345.3275085577147
689.7230523772823
38.480740718515335
248.66902616365132
424.81633985607186
768.7969819431482
826.8275303411401
287.08915046014954
225.09972818196366
443.17137833155357
22.394863329203872
382.5142693105827
235.8278388927835
375.202821986909
1758.7878462613712
482.64627317172744
1134.4038289561986
709.3590476281797
823.9662716816138
334.03575795971483
1067.8892555057091
308.7016038849233
188.69424619894386
280.69153724224753
270.7662535766684
501.66346322319555
262.45088995230753
457.34952636285084
367.63710593948144
542.4898768128164
443.1667017973582
559.2313225929756
1608.9112566019285
350.817015296745
167.74722634921818
195.98154719345257
623.9881819781122
638.829489116838
829.6030974675996
831.7574302475006
367.7359614328925
206.3479233753569
53.50927556895999
838.7081206431808
236.73061085374457
96.46807867513007
1177.561160271362
413.12274833147603
431.2835139016606
922.8739448479364
404.0167142090231
1614.5764207048005
59.22924490551361
373.77214040064166
1499.9608762938262
714.8742695876776
143.47284786564205
109.29958739773292
338.506451185694
350.65537965929707
307.62906124656274
355.6347213392892
927.1682439435517
725.3841644592931
494.10116668398405
582.2067795614648
850.8022956580426
1898.4309098001538
113.72265326541765
196.11994298536
793.9609624933437
107.36276691080093
439.4859056057412
1084.7266644503698
421.07138456201574
341.838093018815
365.71688934946724
955.3068042653904
1432.9806215355566
356.0756457406901
888.8204267835046
427.2752747272093
366.9422146351876
943.7052533203182
1012.267151729232
813.9432022619594
428.8791523762602
575.4649317431622
2112.3682572215876
113.26097291322912
1138.4887125122323
339.8443585610248
205.77994652883535
122.6944541973321
245.49134993315693
334.03180739099207
343.0684737432339
743.8406952150704
1977.8364662176828
455.17412482517466
1100.7616993710071
1552.6680894280184
811.4971914956061
320.99472943553474
994.2106121272309
428.80952475037793
1525.004648842636
444.43428215462427
619.0639201194472
1751.4670817146107
828.7057372197311
979.0772346688746
15.998059899826785
420.1723843753248
362.6161797527011
501.37801764842743
171.11808924619754
563.0584420063051
1164.3689056757203
789.5525801960903
2144.7495857003587
356.8802237246433
428.86742807853614
566.0933064777298
339.0830934961716
349.88754448011923
57.78325386515826
771.6918615638365
529.2651331553584
262.8093331963182
640.3511683551524
420.6788591967179
609.5503934972467
810.7475435970218
551.9800512802312
362.4177893796111
677.7129791238831
846.7441978071588
154.04796165625703
122.45561615905899
752.8678807966367
1025.688369863573
1282.0922547122373
391.50667917609553
676.9933271733389
662.4805676318447
342.2083078805424
342.7698376471485
930.7769271961456
208.98334400293425
844.6030465291005
571.0003595023745
798.2626545496032
1228.6058652561333
572.2796980224712
460.44553042554617
975.8110694110455
642.2594376097368
471.46390834738486
686.923195269509
438.63259551443093
1058.2196583406871
603.497678813485
739.3162507395787
3155.89211689446
443.4313443653974
1344.4790905362556
406.2789105134566
718.646814079169
577.8064920943457
920.8950801561723
429.44965208092253
2297.5031107189643
1371.4734699062392
2755.834190286579
287.41939537713506
758.9719658562353
350.23230769560087
908.1277199914239
334.27734694457286
583.802322802977
301.82342844100185
611.3699352318899
1378.969099951075
2869.0718872067555
573.2831794915019
1168.9103734412638
1150.1086890493243
869.3655824031621
258.5646690197973
733.5128474966605
19.271166401621485
569.9712470989598
1291.9928159017902
752.9867351017779
369.9016747729429
680.0774389963722
350.8651620228784
1853.0838706662253
208.99935055743936
349.80466237397104
129.66242655954284
49.12280288876809
226.03499216455384
205.2968497865577
1176.4319048676734
894.8430141585941
375.46912892063415
831.0070691321814
36.00569491830902
418.1883049525113
524.972064664134
711.4384594775825
264.76127628740414
874.3893117329126
269.62980432627955
971.7928304858788
318.01721559898124
297.7828101702962
945.5569411371844
987.2060458532324
3.5002225145100283
1076.0627128406443
449.381735871244
913.0674865608457
451.22722133700745
41.3953598971907
1265.4532336944544
636.3972006405975
482.62322750713247
1308.0616427582327
1721.1650221802674
1484.0813260455868
572.5852238209472
224.84886296268905
463.4996135086367
417.435437572075
658.2296400056875
875.0476833033299
120.9708442161027
1065.1123253507321
1135.1189423695014
352.7800300353465
475.4740513197685
291.46506883086283
269.8964415506316
607.9749303240595
677.6831956874294
130.81014989779942
571.8013446708705
333.1834071481371
2145.2253037755327
807.4463019643981
2069.5355036086057
354.70094979444366
573.4557946173281
484.97160304082274
1461.7305189470976
613.1823699816478
1056.8910446743412
1493.183865848674
857.4486679727142
490.14266626938297
1775.4480205896198
14.807798515646937
192.8757341730252
766.7056863623263
1013.9253027176455
2152.585839256508
700.4236285570778
748.5349514125701
415.4372262368215
322.8959419211069
864.0761869675252
538.7867782822668
360.6877700127279
467.32259781997345
476.15796233666526
3646.2441708850315
1255.8713878120907
1239.1705017549457
289.03747846578426
343.8066266496253
351.69841261839247
933.4468675319513
355.79683983169525
221.93808983030976
152.28273439732766
359.6304107080531
15.875152921020117
217.87170064528073
123.05263348074368
446.95817218557977
939.4641176975263
854.3672069652703
915.4170882692197
814.9456000157734
333.8466509752734
766.6932954826261
502.21209602999534
300.62332196304123
844.8661910814735
917.6840887326101
117.18302576389192
1220.5791214993726
322.47500241311354
99.16631443809774
1640.139628962861
468.20418874517145
894.2637719276909
119.87101936602448
995.1552303788985
506.771862072168
738.4393110616165
150.1265404397309
399.76322650380496
306.30106224115366
1022.5072117559673
886.3955339306331
335.0118688219145
19.52586240151959
463.1142495682425
830.3885165916454
2067.4784483332814
2047.040438793616
351.5529462024019
484.5492400256601
1021.6686483534465
322.0553397354902
318.87478822569165
490.4054827519353
1057.4754549609606
466.54069101101595
1191.651438297209
1716.6660714549462
501.3946245497573
424.1375181286577
528.2936460064832
1426.053066528413
1023.4103146498123
343.69944612675135
314.3219501611984
1540.9163096747461
1015.9895248488892
346.27426839720374
317.2731773285923
47.77356591837008
368.2644196017128
3346.1563451087986
131.60128454435744
542.885699243845
1834.1245221823865
306.99296062158555
402.421287284597
134.14409599408555
1271.4251573428974
132.7038682086054
1123.3584618366444
223.1008475271119
1178.2471665654994
1451.2123114797296
608.2745958002915
342.31380171201
1205.3698505841048
653.8830440848469
273.3430446713519
258.27122922061534
571.4875637568307
636.5382445372156
273.5003492751482
127.54597515781643
1264.5697885705417
45.11599420101311
143.92293034253635
3501.396921444768
1451.5070708317753
899.0658968906108
123.9950652627549
831.7767752355116
701.1649683047158
554.1362443864891
388.5236192525422
1779.4111360561428
406.00243940827386
562.7168615004666
383.85384688710747
844.0403961603315
592.4879413443432
321.0826186630693
274.892204951747
116.53875821400243
1510.501931674175
1043.2347478469355
241.59060350191749
5378.895184179499
269.5029092788591
1240.9823625150038
432.0047658105477
16.829857316245125
1879.681218973144
394.0877224324677
528.1628301804731
527.7102071566269
434.62393670094025
1085.1580352476685
334.5597975701785
343.1800574880126
368.82361631426465
257.69622833596804
111.12701332311735
363.440712886432
826.369508556698
590.1719765375797
93.51480195709382
661.0776352055482
1366.5715180324223
266.12617805280115
15.054741597258726
1068.999207736083
606.2299318392561
887.0911986739902
520.5724819266052
265.3323524500629
524.7766755237662
255.17942584254342
734.5460915343516
1107.8141210392307
1700.057366818729
65.76741321366808
627.7859511111174
1508.5990374746498
863.7508577983972
796.0501511717302
434.24737581594127
356.24341549696754
1014.2216930631026
2495.4237101250756
810.482351528035
2148.7499696294844
1530.1839349102029
374.4991347674069
446.681179410818
2221.1117399203513
413.6209618682651
355.98678776220277
592.2109591287262
1174.2439480814528
636.5716545851838
108.05224094111963
260.7767691342033
137.9999898775768
587.2075122321985
349.8228707053913
291.0326599010732
335.8506524151997
494.41517894559456
346.73361271797546
964.135467935218
344.6255673143364
283.31317726929865
530.4671209935664
35.343223932731235
3825.3090634469568
348.4303030289211
891.3285788761332
528.7716662089169
1290.7135421117987
447.710806109093
274.74774439565545
530.6787856435171
331.00297038302415
1802.1513608837708
1220.7579573249304
117.05386402412933
733.019315418087
282.03915438909826
802.3393220382375
1100.0140020433882
1316.817712066329
2054.3961056517082
195.28738269398127
636.5502011117351
103.27173392817986
654.5242941756051
334.7200488485696
433.4372157044545
704.4947933741842
355.1927626218459
801.0012861979276
777.3612097806881
1255.8960108092165
673.9260519813665
563.4792815600458
271.9821811331967
1343.334054062453
1585.968483069978
881.271501860331
707.1838894646253
265.3426687043361
1379.2702486282242
204.27736401241873
642.5551988423103
611.4029913385157
1397.0553667653348
110.99787286788978
1422.6590102394239
266.518248280844
413.47532194912367
730.8483964709433
1567.251297069819
1314.2904615603184
21.923444220350575
1654.612246936088
862.0415778741099
1657.267827204907
910.8766836107712
705.6756749328356
416.43685399979904
671.680112672796
42.144861587848936
148.35269842538673
516.974898578007
435.0004691751228
440.16404831975706
990.4749377689186
345.008697897757
202.79794625972136
1648.0513925109126
474.47866929707925
1601.3809934256778
342.8906967730345
565.9885572989206
287.04548233591413
656.0666123925039
652.0575678498735
6.93150276691631
707.3673182823841
748.4260467388676
201.63415504719705
503.25947953566856
416.95467981253387
2203.046429051001
1469.424512514564
376.01084985487796
440.8583196338104
1036.5231052170948
462.0364495557842
117.01048054576131
997.5651059472757
439.03616408304515
482.1038952923153
337.3414777777177
3.5674575273339997
741.7762571079415
171.36494083412208
764.2425851525986
352.2615919359614
491.95893657057695
1479.9282891888133
432.75403675957386
1313.332971974617
373.5221502157856
918.9300150475647
988.4418523766628
380.5040693766464
378.58290162083244
400.7826709842343
1567.7066695501612
823.7186934191204
523.8907931145932
417.6624735959067
421.8940950206079
1917.268171550405
438.65046245684243
849.7829223555491
364.7780104955771
953.9750061776884
386.4407814265071
373.48844266115293
597.526174977379
615.1361850921012
1092.793758160442
244.65834432710744
616.9507018622417
884.4124979992903
619.7485286650635
1238.2696684062548
655.703773791216
196.44132646809703
342.21052367258244
151.4446121005427
715.1860543413201
791.3159766123938
1956.7586114831129
208.71358109473294
1441.6550169787224
2195.7742115008714
197.2599973615106
1044.272939047034
275.22488765850346
742.5577137368473
804.3061705651189
341.7445403991055
773.2668079513946
240.53284091130445
471.3077534846334
597.4790164101087
572.4544365343563
902.8742186429554
215.70402691911022
182.13876334046654
545.548422299631
896.949690970725
546.9355755962351
400.7362239311497
873.3550723447526
572.4443484666335
484.04940275499393
347.7409486214797
783.3146309384915
1733.1880400590358
1138.8256580970447
343.9256739997227
622.5878200747975
342.68343733130587
1425.4260160822032
269.7960127266009
806.5811982570723
891.880420636925
283.7834028374664
1569.5610993418604
891.1767616251364
699.4899101667879
414.4114749763039
1284.283180547689
337.0058475378719
447.0763308876303
900.8113123654421
815.7479779323762
854.3197225332465
1327.6963207178837
602.7029104590347
578.3640005976322
714.4877967810435
612.2475138578939
195.48112110199236
334.043842178934
610.2734050408817
637.1706803313691
416.86099196365103
682.4914881355005
1256.1396292648615
2288.0387274539526
579.4168718776355
941.8075132415042
510.4130395976181
282.1758851377981
581.5000357048029
244.48748903343403
590.8712743478003
429.71774462103735
667.6348708717389
184.1372348457512
296.00173508441685
1442.0619901656464
2446.7362912096396
396.3745136343541
93.33427055907578
727.1963462716849
747.174709694109
433.8285688362903
230.63327466295232
86.22808182990775
328.6525733932989
266.20635273768426
1592.5575411846655
235.2659541730286
9.116359156257658
1264.9605945731914
126.00607002475272
924.4347012315475
1009.496145881586
826.8544058279967
1988.3790599762078
564.586078845643
602.4079437154082
353.9377070303883
705.2791553686943
323.5121994991996
375.2066683269363
2601.6179590308957
67.07503317233932
572.8945041082688
344.05701934534227
588.7300361289354
738.2039532254321
181.98200170657583
455.789275851148
268.77315820522836
110.10651028463326
796.3278728633801
699.2743460634065
379.6023527748207
2333.3512072690805
869.0625247835915
411.40566958815634
216.47930576802537
648.4515078942786
356.49663468472863
434.31318388990076
1148.3122828163991
1256.063493216428
211.043421609907
512.4315191235587
348.4529585732348
711.4723456596903
9.708664433180275
674.9617296674733
433.12613585573035
1866.780115072649
432.7972082485385
773.9859993098942
638.4896563616276
988.279936735099
889.8660177252664
1692.5115727764987
852.1975714719592
462.3176406064731
618.4828498304987
1150.6086162547635
136.61441728463433
197.3232637892794
1142.203974958768
1578.5397369084958
972.8372983265272
182.33229539265994
1364.74309454604
55.349777436504155
23.356362117194294
1463.3929096815045
340.63349299059337
198.64689048529726
640.6580207899806
256.57110119407935
1054.3410524336775
437.6900615745735
370.76897017418014
740.8122115665196
1121.3742807325798
193.5193582066995
293.2763309725415
847.5752961348862
853.6127701817559
300.07396204837823
290.0621625981448
1220.7680063020925
453.20467275205556
228.86525982880863
1118.850026833826
770.7655649853737
44.39511479974544
752.3401699724582
1845.4658816569263
467.3473939438836
853.7605892353931
818.3349235237756
558.5626546942121
666.975238245479
445.8911161326414
402.1295790808275
2109.1363687389844
539.1484160939544
1640.1260859100335
718.4220376415124
1460.699787219829
551.8032343430705
470.20144997734496
366.62327768400064
344.2041869504974
466.7844876535191
1039.5248441878248
1475.5151086629535
201.69668110414614
1835.051058432362
176.7695700961467
194.31169428450994
606.6493011098155
116.79036905868634
271.62280397322957
431.8061938588253
977.4301774281284
272.8323612769509
95.65872725278496
524.8323981495092
273.352124932233
1021.5921402443321
478.8315954876507
1181.1224955576313
587.4327582575961
197.7258456801046
866.5110047008802
717.7783394519874
57.43822224262749
313.88740618958764
286.4124504462425
293.0150546942168
322.8354287340662
535.969123397681
1.1127577562865554
29.9306532353462
2077.737933803456
415.50863261203904
533.4143627886001
803.2338605173236
279.521041878279
602.748752083714
479.0011518401061
142.08134566086483
267.5833544281513
778.8050648800927
181.8088260931445
795.977707194872
43.07228823692094
505.25577297014524
1130.9295620442144
329.3908515291905
204.1731367944958
3222.753958643056
339.83013752394163
1142.223812430696
329.8524421772563
869.7751423640238
13.540994699231305
456.59977209698064
971.7229272781191
402.5294339219299
577.3660988073411
504.8338716721328
997.1463964521608
426.91855808861146
323.0806246774373
551.4123031895342
459.06799795245024
758.9042260685055
985.3775216824042
173.82173924552808
461.7272448893127
197.9613670041898
1311.6048384047103
989.8206510520681
451.26007302139305
747.7537209301117
739.8209414641069
713.6793160273
431.05759935458536
147.5473026800173
542.8043027939757
316.36186148638535
450.96466006692935
1134.425556525326
548.8426882772065
827.1595809783465
429.69309737241315
392.1190872603115
861.5640911642249
107.64337995714732
592.2966712209454
83.93701949114075
35.62756317313506
3.737878137034386
531.0647312000547
205.99734356987483
428.2268740441659
485.8686267900939
347.69974739762165
1458.0915429060851
360.83312693851803
53.82506347190974
630.306920015466
744.6897452154747
81.91336130378977
489.09430497353765
352.7811395780834
454.7579439296094
1109.4752545725623
1341.6488540962055
852.1283163574035
332.74529821427404
1147.7638163375987
109.01895537449946
1550.5741854662065
737.3760590442303
595.15379478865
904.7829500627638
1511.9844072948426
1100.8197138846572
342.47240404773675
185.09781255303824
886.8911435175478
387.4932495914536
950.5474723994748
1552.8186844259374
990.6435913742607
1025.9296472065766
1096.2582319679864
618.227692837535
449.4688776241819
670.2549236582181
526.1806618548171
206.91203891548776
422.79150842226045
336.11679595898204
49.60253802144871
562.9410775241868
445.1124784557269
360.96755597792713
201.44223207539915
727.2979961402
425.9331762017996
409.5022061213622
662.5718608227935
353.3896668775301
1418.1946480280617
411.3402447124836
222.18349550855692
1532.462327267338
469.2500040456953
613.6245270994641
933.2317993432264
464.39494878502137
651.550836432205
408.1709897543142
335.51059930932206
53.555660119285676
47.91760900601457
105.33125069797188
105.78826760230095
1245.4519465006756
1240.9040783701794
3505.7662812313283
1391.6865791334367
317.5723273024
119.04431187941918
210.36253538137316
32.97572072039111
508.2176490806296
192.87131170379234
1652.1565850899306
784.2773557977544
101.09328893499696
660.6978914281067
1214.783464870731
1633.2302968341514
358.9219420765776
259.9796749384768
2298.9955696498455
1090.9833536222905
672.0800477464916
326.03264745188005
218.75251324758142
493.4604141278478
1353.7299640204324
749.036608639271
279.3689677868988
249.65974000613005
1132.2698154365353
749.5509394328947
1104.2046083779733
778.6263931474941
438.5405459122212
614.9824855893438
270.0196980304969
742.4159033017468
271.4419445639139
2135.3489560767853
377.3829872048691
450.4983391844935
701.7201631063344
1359.9068479952539
1575.289921162972
1290.9628190944907
443.7629529210524
1179.4663105111108
867.9640034754152
617.17345673718
230.19390029704027
466.1960916357757
436.9491909604267
421.93412064008135
796.7530624362289
864.1971228985567
349.59688724972875
339.9872523577651
230.50095935868376
1127.2001894954014
769.9920510289005
779.2078102511409
895.1582438814612
867.4275845636821
464.9952804368704
1081.144887293408
565.0272900719565
2286.898646470123
1380.826553877119
311.206060934825
870.1226250222107
1337.6356818972035
142.2920016756325
197.0702126046208
696.7610406899921
319.0594431362324
2443.372637204957
815.3068471838428
992.4119987970862
314.5229759536378
826.609650628167
382.8353853532408
235.44462112295514
759.655398259214
515.288596521752
974.0213441793812
1406.586177705568
609.3609972479535
159.85433415384432
281.5570189047248
397.9041481745945
427.5441296461115
448.597781378523
2062.301216374099
1286.5796090981557
518.2342252026892
1249.145981706707
1290.865222777753
372.58269252985883
528.3166843808558
835.0139081393328
551.9829329321783
451.7596167725146
376.1052450814159
106.81217461566712
337.9687407231245
919.2113844790806
162.1604468684818
985.8469736495381
229.93969275786185
2437.297504337832
406.05406695516285
9.74555807305478
39.133791620028205
1523.5183909483585
583.6988846997815
497.17424884783077
793.3079073897993
119.17460323832074
206.09922047981127
158.50676522664526
1600.0981727535955
227.75956678364673
585.4053334421264
1750.6390452386868
238.62922442724857
600.0880704740366
347.94435676514786
1004.0793417183954
151.3409119539956
301.9165125238751
120.22033499993631
504.43317843188834
724.3685066340586
390.10189956861996
728.7690032476849
97.56830136152712
507.7622683050595
523.1604794197121
343.1587841141609
1170.534786339058
369.90095153939774
239.36293552734105
1113.7186362217935
1005.0684332435385
865.6464368860934
949.4639657306861
349.6335503531727
636.2170052946221
323.3557240567079
200.92758542332922
465.74857509189496
221.80911372242372
160.8696856613078
253.8388827889786
383.92462096932104
493.46012406446175
0.06303565080588669
238.42066003074115
88.21387039931096
348.52529755306887
280.8928717420499
282.24336551911983
541.4579334655314
364.55878129310986
1381.0621158647618
510.79737504433524
565.5244710981615
1904.2449834619802
271.4678974689541
1084.7079626055356
536.0205451154943
130.27377200515366
1304.4188301792506
874.884661926551
545.7289302421514
667.7251439740485
415.6417435413241
1802.6069690527447
679.3324738502542
20.95832771374262
61.40450936354682
255.94545156783903
952.3070246109945
444.83597744762733
372.8291507143458
757.3433330565254
231.00948207734382
1002.0309062657584
196.47808980247282
567.1054689607063
134.26856369693087
1890.0993926862038
323.33784803860544
1051.8442897471532
456.1516408857642
91.84554737641662
361.5517405399438
543.384175551223
957.9014197700326
760.3080016332033
468.331749283981
3105.225023961741
142.31258675056233
708.1524211662218
227.27560758476466
928.6031968931202
632.7941297250309
435.9623238465359
267.7501962195572
323.77668215054837
458.4675533670061
2253.856758060913
462.13459959079864
623.1160759223367
41.912191061313024
450.93981174893906
451.59836151707896
914.9150253801208
584.8942479088619
423.74188604123424
572.0270202053376
284.0048227043485
826.9414600626924
2017.1593927519934
586.915476106612
1150.3351181377784
450.9833623306613
299.0115607368407
625.2884481393348
428.0367279913553
429.1401054962903
446.1909750173271
1176.551774851208
728.2471710668328
704.6697424648473
213.03417265430926
759.3975244352505
1639.9849936482415
884.4653785678656
38.85986484341811
27.68112436024967
689.7330055852544
83.78831155867556
422.3919814445752
137.0964611972081
468.5269422005416
1018.8173774702309
974.3318740183299
214.5059507772371
1191.6865068133543
391.8519766740028
918.3831166849777
767.9349771033094
1512.761886278423
708.6494318963669
453.45830268330013
668.3211559791309
1107.3451626925823
646.7529963622487
430.85968576250343
642.8032123326466
904.0521831637434
784.6898427080141
374.4717343117909
399.4198354601149
108.38310127685963
59.16261206717172
2098.5715336494513
18.751170733961942
565.3868869865066
175.45189328489892
570.1491580709928
2049.1137715921627
555.6151927278115
2647.678298071799
387.8116329324703
279.1680046506144
923.975237018487
948.0528811648237
140.18610163498766
512.906384023721
718.588548878011
107.0998325267019
1120.2491965617528
315.6620166198263
153.54651014224464
762.8022104556285
540.6721121669998
527.8218212370521
1346.1143192042755
403.74270067991074
443.70669206517596
1720.4631273284085
278.7818984952413
665.2904988367114
1015.3418922826431
185.01566287594596
178.39020987992808
314.27206923915264
187.0635501784691
3709.1567950969375
474.30819383922426
339.52013835023536
966.3922020933878
661.2722849064991
799.6699976859722
916.6770257283542
370.20172311275655
407.33137630017063
935.427591190336
497.00184685094973
11.999700065445722
475.0236274088202
1652.1232668242674
332.91195401481673
1013.6519845586045
368.1067222799702
176.45867370689302
882.800242643709
212.69253988660944
415.5352081169872
1946.3362334826434
1648.6485946907378
131.69089286529834
617.2405505479346
2167.34266865671
577.1183213827594
1223.5011283581111
928.4411174242578
717.7028941544004
316.40699442869936
14.018554355065135
359.3333777822577
1433.0445709596793
597.6174379987715
244.11369846493972
585.2032287270267
1274.0818804254905
118.13350495778286
481.8512501944315
643.7503873693204
187.88987585006362
410.4703487320967
1136.9795454251635
559.4968356511963
153.34708269374187
2190.1496898635987
645.2354531539418
432.902132637827
1610.375313813167
1538.157003923944
1179.8288284389455
729.3096757167295
665.7813874055405
882.3570648745936
256.3761822338247
2580.7767307455924
345.7564181245225
599.7214820544177
1223.0053193360745
745.293593151102
152.66806221407558
352.7401028836663
438.39365560931265
1079.7175671183697
543.9081250598151
2446.843250134721
1199.4231652681647
623.5408350087928
996.4362747265807
369.53207101595353
376.68582069436616
13.55938082669718
3414.479479195636
144.02400667497386
462.3467783596543
333.96179821489386
281.20369544118967
442.3584523864273
1085.2704226200945
757.5492924743885
1469.7942366106258
709.8057347772028
470.9351815908085
532.3759545199919
207.46026972119944
742.322396186536
344.36804625245077
1467.1658370730247
199.63188669040755
394.2693547933213
843.1896985858098
1760.686811541078
566.5547231522282
1269.6305800253508
611.6064227235993
201.6551842665467
1153.2434530274913
919.3217053729995
1026.2876048749076
450.0128872203054
1423.9801780586552
600.3647224264187
597.1416253741027
419.36413759377956
767.3296054259295
52.35264197854485
552.8746784009008
447.279669514478
891.9677572487344
795.7599070729657
792.9001806231772
380.72529908603065
413.6766369680281
230.5445000158852
2018.5517734257396
435.75913754754265
183.5446380302028
639.9905703298823
681.6002852547958
271.3722891644893
959.7666210775487
714.4786643588313
278.9596626622242
406.998185852377
1456.4124779739022
655.3697872024695
441.51168332138514
153.47078890318852
2837.4702720863543
234.49840579409374
794.1180809151251
933.8565159261616
387.66229594901597
678.2224908509843
561.771477542834
271.6991089932708
2091.196775308529
1416.779334372411
1767.8376240764906
1481.1720134957268
428.6760367248726
198.97344550677644
1413.4145620072704
849.300402720819
447.14238425385156
369.2749820438439
15.732362617429658
94.8699035485472
364.617516727066
661.7233620264121
409.39981020192545
631.8615412656045
702.705857530806
737.8585676934181
1212.5472648805908
367.63819538401094
438.2285771981624
1311.4610154608345
444.9354936208965
356.8454425641422
518.4572405209859
552.4951073086318
384.3703966793091
736.1333594434036
237.73478489257786
278.24227735451404
131.8218598442536
819.229828063847
636.991324774137
1775.9591238132052
1535.436389406521
282.5545554469196
4569.3665705336925
567.8001051650344
790.4097728809111
441.7956212758081
353.8279756200527
781.9233112518068
591.3610359397517
408.41748593158445
267.95421208524436
356.94067761543204
205.40804046759968
578.1660493783675
500.9705199015593
937.7811797458535
3376.5180894301743
1101.4495534882371
432.00566159068876
1356.5175225510548
741.4406866991387
388.8685667800514
360.58822984408107
73.71751803480356
436.3170742533043
412.1426962482428
1099.493957767978
919.7731781254734
1739.6198100016045
979.4456223647874
424.4584918038911
52.000753163633135
469.67235801551215
3325.1189354988005
234.2573448901494
425.125043396255
227.39092696350235
257.9371595646189
850.3697602239281
800.7775579893369
235.15000843766393
417.099923790405
1544.2125578841185
685.7695850340788
1684.6281730408846
466.55324114462474
1050.9076073342603
628.739789331903
676.1796195411589
444.51807813448977
138.74283470335104
172.8663208305734
287.5600482607988
646.4312210499993
2434.6241286440254
1729.4135403963792
210.56277817795308
129.88572012413897
755.8190597216662
215.6192204381805
320.0398822532279
137.6737870660245
479.194801701281
1264.3959389841239
96.05249035618908
40.99582282576921
411.8939977829962
526.0483445252955
1305.6666483024646
727.9042252422105
424.387978874478
864.6621260964598
243.55638749491118
402.9942387976116
1472.2171158864912
416.15097500005777
1067.0765923745257
865.4010496331375
2135.0569774670685
530.1050576990233
912.3840973244796
251.44809966083176
1148.7369006792023
109.0909646027294
378.63526884568546
296.18456925350256
357.0141166534677
511.5258510134154
80.4880276271615
438.8541414000538
355.6339069370918
198.55930720244385
219.98928746311879
1888.6749956484714
640.9835286453877
1048.5724758066563
1163.4570161356232
19.942565553149507
1700.2729142469825
65.60506570076177
351.44582255587994
1235.2840289985531
679.3448617706654
371.4868252374258
41.46102028398536
2004.9236551908925
110.86661587781418
809.6133829979972
511.6695502691837
71.28984053509885
1745.895058634469
1756.8776511507058
511.36432326649174
276.23807069205714
1501.747034572612
200.85024492347839
1961.5722052844858
577.6813421449342
1.9119147224164408
811.5498312805194
918.566892249132
990.8221232356675
198.7914309310163
759.9879146143071
531.3894221148294
119.9708946459914
265.83215812803974
1157.0068722049919
370.41870016760095
292.38901563772106
280.4597884857185
633.5644645665852
762.8281825969161
89.72525964883243
581.2696793552741
1213.2386173451387
878.3658627112636
1426.9910403067197
77.2275970083183
656.8501833380788
208.12144998382155
444.5759055819517
1112.926046278455
175.99922536433223
963.8759343463871
24.049893645446645
345.3896692447062
352.9170868643711
219.04859464685933
356.70776285949046
249.80573206814142
246.4310176042634
184.7733107298941
235.44680513254661
453.2522750848407
462.68561992540117
813.4549698621408
292.27733105530206
782.3188896882766
620.1339246058105
361.07006320913206
403.3675048866198
908.3686472928621
199.76087165325225
726.1526877720789
16.509456177716856
221.76602874418313
713.0787516296656
490.52701815114744
926.0408816593415
325.1579522803113
944.9793859341539
1195.364906096337
1620.4236717311305
109.06483586720606
2373.386799790688
344.6754434468002
110.26423874582929
419.2790425398392
1032.5735034737872
23.39863406386894
372.6748432588952
16.114843214685607
483.5694242927225
69.27197043095612
27.51605792805185
331.5998384987347
692.2342653951155
240.69503492340664
68.60547100044096
398.0343204457504
490.9826290282408
456.5201737937123
397.9711497194812
416.41635183452763
335.6558630394484
711.2474624043589
472.0594413598301
620.7441396983462
1252.9301187260762
249.855476775037
1790.2841431626189
1361.343668260225
576.0192022947404
642.1720816536599
428.2460448138254
693.7165727039337
38.69375111773353
500.9191496818279
631.9322505396274
1748.9376945450258
699.748962461867
275.36397390341426
762.8742554941418
342.62979536347393
1071.7849432711573
420.06902377925053
969.9163493345814
380.93106968753455
3.8068995372450445
404.64371095038587
1556.2393332378779
997.5618585762704
405.4885935766597
514.4198299596642
645.9557385669391
543.1469865962199
735.0002388397306
679.9615137615228
226.82879042201876
332.60967356280617
274.3689278365164
815.297089418551
88.67780409723127
242.3029443745636
389.40476665410824
