SLAW/med_30
(1, 12.494985960689933)
(2, 22.763738467709587)
(3, 20.1764941837144)
(4, 13.898916967509026)
(5, 9.466506217408744)
(6, 6.117127958283193)
(7, 4.292017649418371)
(8, 3.229041315683915)
(9, 2.5070196550340955)
(10, 1.5042117930204573)
(11, 1.1231448054552748)
(12, 0.6618531889290011)
(13, 0.5415162454873645)
(14, 0.4011231448054553)
(15, 0.2607300441235459)
(16, 0.14039310068190936)
(17, 0.20056157240272765)
(18, 0.08022462896109105)
(19, 0.04011231448054552)
(20, 0.10028078620136383)
(21, 0)
