SLAW/med_100
(1, 7.64156503604298)
(2, 11.733236614226776)
(3, 26.44965317132883)
(4, 13.991023257922656)
(5, 9.328104456635081)
(6, 8.623112843995104)
(7, 5.628598630820148)
(8, 4.12114068096296)
(9, 3.2416013057079383)
(10, 2.2940563086548487)
(11, 1.6729382962324884)
(12, 1.233168608604978)
(13, 1.0382191594505146)
(14, 0.7616629641383688)
(15, 0.6188511583624245)
(16, 0.4035000226685406)
(17, 0.28335675749195266)
(18, 0.2425533844131115)
(19, 0.18588203291472094)
(20, 0.5077753094255791)
(21, 0)
