SLAW/med_100
(1, 8.60129600195623)
(2, 55.02098871092635)
(3, 19.01617964706362)
(4, 3.2766841912214204)
(5, 2.406569670293842)
(6, 1.8787952887476058)
(7, 1.3836247299995925)
(8, 1.2063414435342545)
(9, 0.9923788564209153)
(10, 0.8395484370542445)
(11, 0.6948689733871296)
(12, 0.5664914211191262)
(13, 0.44218934670090065)
(14, 0.50128377552268)
(15, 0.43607612992623385)
(16, 0.2934344051840078)
(17, 0.30158536088356364)
(18, 0.2812079716346742)
(19, 0.23433997636222847)
(20, 1.6261156620613768)
(21, 0)
