SLAW/med_30
(1, 7.360265633646929)
(2, 51.54030621656521)
(3, 22.17303080612433)
(4, 4.261206419479801)
(5, 2.3796347537354734)
(6, 2.0660394761114182)
(7, 2.158273381294964)
(8, 1.0883600811658365)
(9, 1.162147205312673)
(10, 0.8301051466519093)
(11, 0.5718502121379819)
(12, 0.6825308983582365)
(13, 0.6087437742114)
(14, 0.3689356207341819)
(15, 0.3135952776240546)
(16, 0.3135952776240546)
(17, 0.2398081534772182)
(18, 0.18446781036709095)
(19, 0.2951484965873455)
(20, 1.4019553587898912)
(21, 0)
