**** Histogram ****
(1, 12.459871589085072)
(2, 22.77287319422151)
(3, 20.18459069020867)
(4, 13.904494382022472)
(5, 9.470304975922954)
(6, 6.119582664526485)
(7, 4.293739967897271)
(8, 3.2303370786516856)
(9, 2.5080256821829856)
(10, 1.5048154093097914)
(11, 1.1235955056179776)
(12, 0.6621187800963082)
(13, 0.5417335473515248)
(14, 0.40128410914927765)
(15, 0.2608346709470305)
(16, 0.1404494382022472)
(17, 0.20064205457463882)
(18, 0.08025682182985554)
(19, 0.04012841091492777)
(20, 0.04012841091492777)
(21, 0.0)
(22, 0.020064205457463884)
(23, 0.020064205457463884)
(24, 0.0)
(25, 0.020064205457463884)
(26, 0)
